100
1 641 58233
154 739 32824
899 147 64896
222 620 14576
940 757 38192
597 136 33456
931 681 14830
894 208 59165
395 846 94464
285 802 7292
468 271 81367
910 268 34662
378 375 62201
301 927 3337
767 981 76806
703 764 58837
463 507 58689
206 154 87037
684 386 87348
583 337 79669
389 192 70988
996 452 52521
976 474 19469
739 588 84577
365 326 77624
831 878 9225
386 917 50256
913 300 11334
117 600 88670
871 593 19468
842 212 2592
571 106 48672
796 497 86041
523 658 57599
238 761 94581
149 198 97980
72 145 10163
146 780 8805
334 250 67232
130 782 41384
740 349 45727
455 67 74297
755 79 55576
496 562 97289
239 315 57499
158 697 29842
484 375 23331
181 133 6506
35 20 76548
384 321 22821
830 599 32672
187 444 82052
593 99 64928
482 360 43046
680 375 25856
176 997 44061
578 690 11634
39 467 50297
734 62 52723
578 835 71962
368 683 5349
631 404 99409
457 206 84502
527 708 97726
24 420 15004
164 666 29302
353 780 48374
683 892 52076
309 598 38232
848 53 36686
108 304 71827
474 900 68684
264 685 38935
922 257 45743
776 685 85119
793 957 52593
152 460 7428
954 649 63004
272 188 47553
650 118 36137
959 239 22023
564 344 96446
616 434 88974
544 437 26438
868 660 23043
424 717 42003
785 865 47864
371 600 41063
649 60 30726
372 499 61401
744 953 20837
908 992 4582
748 128 76872
664 629 25517
999 532 21392
422 581 73429
317 560 67070
522 851 27602
213 141 75146
667 421 92764
