100
50 739 6463
98 582 7071
98 444 4938
61 281 6394
97 944 9745
73 551 1022
1 260 6243
9 559 7821
12 584 5557
14 499 7821
50 471 1539
88 491 7755
74 696 7629
7 890 3195
24 182 8713
88 268 6237
54 953 3111
39 704 6000
56 602 6922
72 256 4868
20 191 1607
67 416 6917
4 249 6392
50 234 8687
59 730 4807
36 871 2136
56 431 1621
32 275 685
27 735 2160
37 675 7129
24 924 1806
9 674 4436
18 763 1830
91 662 1765
96 55 2530
80 332 5728
50 79 4874
0 754 7650
57 431 9865
72 417 4284
54 678 823
2 398 8185
86 579 8951
70 873 9114
22 506 5437
25 588 3152
36 699 36
18 385 9558
81 96 9110
87 223 7179
38 604 1721
78 435 7502
2 646 4371
56 864 9090
49 890 6892
94 898 2216
60 928 604
19 639 5224
4 395 4356
11 596 8107
2 296 3122
5 293 9746
15 745 1406
8 398 5632
76 268 5287
89 946 7596
85 200 9377
14 777 6907
5 113 990
4 372 2080
58 335 6472
95 307 7639
72 759 8628
4 36 99
31 438 5839
35 984 9206
22 674 2009
29 557 3402
32 126 9408
21 348 933
52 393 2322
4 133 3986
92 798 2598
20 373 2752
41 761 4945
59 447 8522
29 592 1931
95 694 1617
79 302 8451
41 631 7828
13 455 739
63 86 920
42 776 3954
12 265 5515
21 517 9179
13 48 6980
86 915 5909
27 26 918
89 381 4121
2 965 4135
