13
104 61 118 17 60 46 14 78 106 29 7 94 101 
76 54 26 108 6 107 112 31 66 44 83 31 87 
15 113 56 5 86 119 30 86 63 98 34 12 120 
96 27 74 45 16 22 20 102 60 54 5 20 56 
50 74 77 32 52 114 9 92 9 79 19 41 44 
53 98 3 103 63 118 96 96 64 89 78 28 34 
48 11 38 86 41 60 90 101 60 64 75 120 26 
85 74 57 114 117 29 55 105 109 118 46 76 101 
2 77 46 89 76 117 89 55 30 88 71 79 29 
72 119 50 106 61 39 31 52 24 74 24 20 109 
108 33 41 107 72 62 89 19 55 8 79 55 68 
56 23 51 98 89 110 79 59 120 93 63 67 64 
53 15 97 7 27 65 48 79 76 52 79 70 93 
