13
40 51 102 112 22 24 30 62 12 117 48 34 15 
62 36 23 39 59 112 44 16 24 99 43 46 39 
27 79 46 106 40 37 51 63 99 112 37 57 12 
52 81 41 41 8 94 62 46 86 81 109 19 5 
51 115 49 65 2 5 98 73 4 59 86 81 52 
2 44 62 72 22 18 18 89 65 104 46 99 111 
115 87 90 38 92 42 107 39 62 27 64 64 94 
57 20 23 49 1 79 87 74 41 1 113 59 16 
31 21 10 71 43 78 24 92 37 78 53 68 64 
25 98 100 8 23 8 34 52 16 21 39 87 18 
36 85 107 35 61 33 8 50 84 26 48 79 75 
39 74 54 9 17 22 58 22 11 34 114 47 76 
36 69 11 13 76 5 25 78 23 113 36 66 32 
