16
93 81 10 105 71 6 48 58 59 61 87 18 70 32 6 93 
57 43 36 105 23 2 40 55 99 5 44 55 119 24 39 64 
100 76 64 36 116 67 72 47 36 64 119 46 30 82 13 71 
54 22 76 59 115 40 114 12 104 41 27 9 23 29 118 32 
95 113 76 44 95 84 54 74 82 10 40 49 86 29 101 41 
47 95 115 108 41 112 103 31 37 25 13 83 101 78 9 61 
115 65 52 92 104 32 46 52 107 109 1 80 119 22 83 19 
97 36 74 76 38 66 51 75 62 76 110 35 62 58 99 12 
74 56 77 60 81 112 120 58 50 38 59 67 100 43 85 29 
104 90 38 12 82 41 103 10 37 48 86 24 39 18 67 1 
95 53 91 15 31 54 104 100 51 120 43 120 65 67 35 58 
118 39 57 7 42 71 25 50 106 24 49 1 105 86 42 78 
51 117 108 81 69 38 77 107 85 81 23 67 59 1 17 44 
110 20 116 20 118 98 25 101 104 55 106 60 69 21 59 46 
44 74 116 114 65 34 21 37 38 45 91 98 101 71 69 19 
82 25 58 72 56 8 44 82 36 75 12 19 94 18 82 107 
