16
54 41 36 62 24 93 49 111 84 89 117 39 35 51 4 21 
71 68 78 77 31 26 98 25 110 78 13 56 35 73 111 20 
105 78 69 98 89 26 9 12 70 67 75 68 100 51 65 89 
25 7 45 4 39 1 117 65 115 10 91 9 13 23 111 71 
67 79 73 93 71 88 59 101 112 77 13 88 119 70 57 96 
62 7 11 77 51 40 108 26 46 106 62 105 73 92 50 55 
102 70 97 35 62 18 91 79 61 113 47 47 87 100 106 110 
33 4 78 60 116 79 70 85 86 35 22 76 72 113 105 117 
95 94 32 105 79 34 65 74 70 62 28 120 71 105 60 51 
75 113 30 29 87 107 44 51 41 1 72 67 18 92 39 47 
80 113 29 38 31 61 65 64 118 77 115 90 78 76 100 37 
64 20 80 86 25 97 86 106 27 120 75 14 104 114 100 5 
116 113 74 4 43 46 30 73 70 39 78 28 81 11 58 54 
100 57 84 19 96 28 116 72 84 11 113 78 86 99 11 118 
62 25 65 59 57 77 57 99 81 67 1 24 73 28 88 47 
91 18 44 37 19 56 19 2 74 26 44 95 81 110 59 52 
