19
7 40 108 83 20 17 11 45 106 36 74 33 20 71 80 87 20 76 7 
52 43 55 16 12 38 119 17 66 87 18 98 103 64 39 99 113 113 5 
33 35 25 65 85 110 26 40 8 99 100 11 17 10 70 29 24 85 81 
7 106 43 4 101 36 8 23 27 70 74 47 68 56 58 71 81 20 22 
63 71 15 9 8 60 106 91 51 46 27 70 106 63 89 82 30 40 42 
82 15 31 51 33 67 79 48 12 113 86 4 46 49 43 6 51 55 50 
116 64 25 94 18 83 41 101 105 85 107 86 59 1 12 50 83 33 52 
99 42 10 86 117 118 8 12 68 76 7 94 42 15 85 52 43 60 93 
52 58 32 119 9 36 119 87 97 42 23 70 110 72 97 90 39 36 74 
65 25 17 84 114 114 34 11 52 93 112 36 118 90 1 52 79 94 53 
35 3 62 9 111 95 53 31 16 13 86 32 105 14 57 105 81 49 111 
109 88 43 60 90 34 118 67 15 16 115 83 56 59 82 79 12 3 80 
53 11 18 12 60 73 32 40 93 89 61 53 44 52 115 44 57 75 84 
34 16 55 101 47 12 89 72 106 58 108 119 101 65 23 41 50 117 117 
37 3 39 36 62 115 117 13 89 46 24 21 6 27 85 106 102 48 12 
112 14 109 48 7 104 35 11 68 31 22 105 57 22 77 53 103 66 116 
85 23 59 61 64 78 63 93 9 70 31 50 119 60 18 113 7 37 52 
46 60 42 99 118 33 56 48 97 92 33 84 30 20 117 95 5 75 28 
114 3 44 58 31 101 56 105 91 112 74 98 83 118 98 36 109 69 2 
