19
120 67 8 25 6 110 109 100 55 24 42 48 61 47 113 69 3 82 112 
76 11 57 81 97 17 118 42 77 29 120 110 101 74 85 111 103 87 27 
114 103 106 94 32 33 79 100 81 14 37 92 35 43 63 115 66 60 21 
65 70 113 67 6 51 88 103 27 74 112 29 108 78 113 71 105 98 53 
16 53 78 84 57 117 63 89 31 78 62 90 3 109 115 48 112 57 30 
103 72 105 42 15 67 7 79 90 12 90 21 59 80 108 100 42 47 59 
39 62 61 91 90 116 43 75 40 9 70 84 67 16 47 39 80 92 92 
49 15 103 37 36 65 54 99 58 27 94 73 33 75 52 9 38 75 97 
19 7 69 37 104 39 110 86 118 15 75 11 90 14 120 91 106 52 30 
81 108 74 86 102 44 56 47 21 11 48 110 89 7 74 12 96 5 44 
61 60 44 60 120 33 113 7 101 35 78 52 6 21 81 95 22 104 40 
85 6 87 120 47 18 20 68 33 8 3 32 18 25 43 103 111 63 95 
33 89 3 43 8 95 72 25 32 52 39 50 58 12 72 32 97 43 54 
74 12 5 65 32 16 57 35 64 56 65 17 66 18 58 29 9 52 73 
20 115 113 68 58 7 115 59 30 27 69 104 102 32 45 58 95 12 38 
18 63 90 62 100 44 89 119 44 69 92 13 79 56 100 45 30 28 43 
42 2 59 23 25 10 85 72 108 92 96 92 11 106 53 85 35 92 24 
83 2 55 4 81 22 60 56 38 96 101 96 44 109 92 5 33 111 50 
53 15 34 106 57 21 119 23 113 40 99 51 54 40 98 96 41 28 79 
