22
39 78 11 28 100 115 105 99 82 27 34 36 49 88 3 12 37 78 92 69 94 81 
75 80 64 15 12 19 97 10 8 12 102 68 92 20 51 99 67 26 58 45 115 119 
12 32 17 88 84 83 1 80 45 39 23 53 75 35 113 106 43 43 5 103 81 93 
50 115 80 45 82 95 118 66 111 112 65 9 53 58 3 65 104 18 96 81 63 90 
118 116 95 1 102 55 39 20 88 36 89 64 27 14 40 96 92 67 69 26 113 99 
75 52 62 107 95 60 6 62 30 107 100 48 93 69 111 21 73 39 89 94 93 53 
90 50 118 91 29 15 118 116 35 71 29 97 22 31 63 52 75 88 7 105 79 4 
99 89 65 47 120 103 75 105 72 23 60 107 38 83 105 74 98 105 113 82 84 76 
60 80 6 112 75 58 26 33 53 70 43 13 40 68 89 86 61 62 34 47 47 69 
70 62 100 96 78 4 4 61 80 81 39 7 44 71 120 11 49 55 66 81 80 114 
59 81 90 78 33 105 109 7 44 44 30 84 49 108 11 24 49 93 94 15 5 111 
17 106 69 58 11 67 13 30 57 116 5 11 85 106 68 116 112 21 21 110 7 78 
6 50 118 87 17 43 77 35 75 2 49 64 23 32 100 98 68 50 63 47 86 97 
87 52 18 14 21 120 24 89 102 87 120 40 26 26 64 35 25 72 77 87 59 102 
108 52 61 4 93 30 102 15 89 58 7 69 16 24 87 31 16 119 66 94 11 79 
50 19 22 41 92 84 3 26 44 21 78 90 57 105 11 102 23 96 118 45 78 5 
98 3 84 24 107 120 97 34 93 120 46 47 84 79 34 46 7 57 106 85 21 32 
43 43 44 16 85 75 17 97 99 89 52 6 108 66 77 2 113 18 20 16 117 57 
91 30 17 112 99 32 59 11 81 34 102 91 52 51 27 4 104 24 40 110 36 27 
72 35 82 32 80 113 107 23 68 42 96 93 95 89 100 72 13 84 90 84 21 91 
21 95 96 76 7 111 34 30 57 38 62 81 111 66 94 17 33 65 43 115 35 26 
34 99 2 7 72 62 61 10 35 58 78 109 84 4 108 35 63 105 82 119 70 15 
