22
52 16 57 53 58 53 95 79 45 114 50 67 73 108 36 48 66 69 19 101 87 39 
97 37 88 35 9 103 116 37 23 75 41 72 30 98 66 113 70 28 58 31 32 96 
31 34 52 90 97 109 17 24 48 115 72 95 89 32 38 53 119 31 94 36 104 45 
10 44 27 68 116 20 53 93 38 40 113 4 71 114 42 89 26 19 55 13 84 102 
21 72 46 86 84 112 90 63 75 110 53 1 88 109 89 95 81 109 96 15 31 80 
60 18 43 3 103 120 41 104 109 71 1 5 4 47 30 65 111 63 20 16 103 102 
58 55 36 74 60 4 73 108 48 66 57 31 7 102 98 118 9 64 57 119 39 82 
27 86 39 9 101 56 24 107 114 69 109 52 115 29 33 77 37 89 52 58 69 93 
23 42 4 68 44 62 69 14 79 99 63 10 74 79 95 70 1 106 13 83 76 111 
62 97 98 29 84 21 90 28 32 101 76 59 66 76 45 58 112 92 31 43 2 106 
117 71 62 105 88 9 37 90 111 83 83 2 24 105 19 95 7 76 112 99 110 94 
16 28 3 26 12 4 11 66 59 54 37 72 85 31 98 91 29 64 84 63 93 10 
20 51 105 14 5 116 86 117 39 84 116 102 23 88 82 86 41 38 101 35 113 93 
33 108 120 15 96 6 28 60 7 114 115 62 94 63 79 42 96 106 22 87 86 45 
109 65 68 60 48 67 33 22 38 102 81 92 45 99 101 64 46 103 106 38 63 63 
48 10 118 83 26 37 13 71 90 83 74 88 87 61 87 76 2 86 44 16 35 95 
49 51 20 96 107 56 91 87 33 63 111 17 114 3 19 44 109 36 35 35 11 62 
25 113 3 104 83 1 66 93 120 86 27 13 95 4 90 24 24 17 26 56 50 40 
11 37 33 67 116 104 5 109 40 94 81 110 66 50 4 9 62 44 49 46 58 78 
58 18 49 37 33 8 69 92 23 74 9 118 80 96 104 75 103 80 18 23 88 18 
74 56 82 76 12 20 22 29 7 25 8 34 2 107 108 11 11 42 95 100 11 108 
85 16 37 111 109 66 56 86 50 4 48 65 71 17 9 39 81 71 112 26 91 112 
