25
117 91 29 78 3 17 77 20 42 106 100 86 58 52 108 95 116 40 36 77 63 18 39 103 111 
106 52 99 99 85 9 48 76 62 88 74 56 42 63 113 20 3 82 3 90 79 70 6 57 14 
100 26 74 14 24 69 22 90 21 77 22 39 100 116 82 34 35 66 104 102 105 108 115 16 47 
4 55 55 78 32 108 118 26 77 24 84 16 120 103 115 43 59 28 38 106 62 23 57 17 6 
92 48 47 71 105 109 24 23 60 94 114 9 54 4 36 95 10 99 100 108 86 22 63 97 97 
52 33 94 23 28 75 83 21 61 45 103 33 98 8 13 92 1 43 33 69 14 55 115 15 13 
85 18 95 103 55 35 88 52 1 64 119 52 110 64 103 94 53 11 7 83 33 78 2 84 60 
43 77 19 42 29 3 2 74 109 79 89 59 12 85 15 79 111 72 52 45 69 22 41 63 112 
59 65 71 66 7 99 30 52 117 70 85 18 85 114 6 9 100 66 7 108 76 89 42 1 1 
33 88 7 24 30 70 75 98 69 39 25 66 53 65 25 102 46 4 40 118 49 117 79 4 38 
65 117 92 88 38 102 96 5 49 55 64 96 116 111 119 99 77 105 110 29 20 92 40 50 73 
78 57 117 98 59 101 94 10 31 103 55 8 8 75 111 114 40 44 7 22 16 53 21 29 115 
107 8 39 77 80 94 82 66 30 25 107 55 97 54 91 90 112 117 108 23 120 69 53 7 75 
29 6 51 63 39 101 66 62 35 113 9 116 84 115 14 80 19 9 74 112 112 99 35 20 45 
24 50 52 94 47 18 117 82 23 113 116 73 57 12 102 108 59 101 66 11 62 113 105 55 59 
85 95 21 48 37 21 12 96 64 101 33 111 109 54 100 40 32 99 11 102 71 109 102 24 48 
22 83 101 3 78 9 37 72 86 108 82 40 110 104 118 64 102 4 26 96 60 100 89 105 35 
23 99 70 94 116 50 42 83 77 104 57 117 92 17 103 69 118 96 37 119 48 65 83 97 75 
105 17 81 47 82 40 56 91 53 65 91 73 100 28 90 113 4 10 65 37 87 109 89 81 85 
28 118 30 77 47 120 11 59 45 27 91 76 68 112 12 84 93 79 46 61 49 87 80 76 104 
81 62 36 117 49 18 9 21 114 110 83 6 34 72 65 51 29 5 39 24 78 33 15 56 70 
53 38 53 109 73 82 110 45 1 35 78 58 75 75 99 67 17 35 60 19 111 96 108 9 79 
17 4 17 87 104 63 117 32 24 21 26 43 9 112 101 102 6 69 79 104 13 86 29 57 71 
99 23 48 105 109 53 94 102 14 17 79 120 102 103 34 17 49 61 109 78 33 74 31 120 4 
65 62 35 1 35 110 50 89 87 4 9 105 28 5 76 109 80 33 1 69 33 20 90 25 117 
