25
69 103 120 74 19 74 50 31 99 28 31 102 29 105 116 119 9 4 86 36 22 60 113 89 11 
112 20 13 120 100 2 103 118 66 72 2 115 115 92 16 42 68 13 114 8 87 47 67 2 81 
87 78 62 15 85 101 48 60 108 27 87 25 10 34 117 77 91 43 43 26 12 115 98 47 76 
105 43 57 47 93 111 105 19 47 54 4 74 107 29 120 68 63 39 73 93 69 88 83 69 118 
44 39 91 36 3 120 74 29 84 103 90 85 35 37 68 37 43 91 91 96 40 77 95 35 83 
2 22 110 97 90 96 114 93 49 96 5 115 56 97 41 118 85 41 92 55 106 70 7 101 70 
76 98 84 62 46 1 72 114 78 17 92 97 113 16 39 101 88 9 74 3 100 68 61 64 18 
23 108 14 31 77 91 74 21 64 107 52 94 21 105 105 78 63 3 85 39 71 61 6 22 58 
43 38 58 90 91 4 90 85 74 71 45 59 28 87 80 94 60 18 26 76 74 75 3 112 118 
91 76 4 69 109 19 91 114 8 28 98 54 118 111 97 84 84 105 73 32 67 63 29 51 102 
86 51 71 71 18 19 92 1 62 59 117 76 45 75 104 55 96 17 118 64 19 44 34 6 18 
60 20 8 52 47 23 20 84 59 111 118 65 19 88 16 56 40 86 23 48 44 90 12 3 72 
33 54 71 72 109 107 35 41 119 11 11 119 81 83 106 112 61 9 4 77 30 30 13 82 91 
28 34 62 89 39 95 51 11 31 40 3 102 52 68 113 30 5 21 98 53 17 65 115 101 42 
32 10 97 8 107 37 103 14 80 52 104 103 88 81 36 90 74 43 82 56 60 87 7 74 24 
3 76 55 77 75 105 3 118 76 97 117 57 85 60 108 107 43 66 68 71 107 83 110 28 47 
100 117 87 35 43 74 70 92 108 46 94 75 83 111 109 5 102 53 82 117 50 4 35 41 55 
80 15 8 60 104 112 108 21 101 117 82 113 57 67 11 95 83 36 69 103 74 63 117 112 4 
47 82 117 114 75 36 40 6 75 86 108 108 37 13 44 107 74 112 67 59 65 10 20 26 108 
56 33 101 87 69 81 106 115 57 95 63 106 35 117 42 39 26 81 58 71 21 8 101 51 3 
41 72 76 80 116 115 44 119 95 45 84 28 21 44 11 117 72 53 117 35 100 47 91 115 83 
65 60 60 13 84 67 19 88 68 53 18 39 18 38 92 49 102 70 59 46 105 77 88 78 10 
105 26 4 118 46 38 12 48 101 44 86 51 18 40 55 98 85 38 19 69 67 2 11 35 108 
36 9 22 4 27 100 28 31 2 68 107 55 1 2 31 45 10 14 90 52 94 57 92 16 22 
112 22 8 73 30 83 12 55 34 112 98 23 96 30 12 99 120 81 82 86 107 30 94 119 107 
