28
2 75 75 116 55 7 3 118 63 21 112 59 4 86 57 53 28 7 23 44 78 30 108 76 113 65 38 59 
100 110 23 64 4 18 19 82 79 70 84 74 84 36 15 10 44 47 20 61 105 14 59 68 82 99 30 16 
72 32 36 29 90 94 65 16 37 67 108 20 28 78 9 110 4 43 64 85 13 98 113 111 97 78 5 119 
97 110 8 17 116 34 2 64 67 6 30 17 6 37 104 119 14 26 7 117 105 5 33 100 24 99 30 110 
7 48 1 67 71 7 92 73 40 32 23 105 94 5 56 5 50 35 66 77 78 51 23 52 13 28 34 64 
105 73 47 59 47 4 100 11 74 66 1 67 98 114 45 21 60 52 80 58 45 31 111 25 28 11 86 120 
4 15 91 12 75 114 30 29 60 81 105 21 82 89 76 11 116 92 29 114 54 68 37 1 109 88 41 86 
17 68 29 113 22 119 57 78 56 83 21 66 114 107 27 46 98 8 106 34 12 9 105 32 11 100 109 85 
72 99 58 34 82 73 5 13 105 110 16 28 90 77 79 57 105 114 115 10 31 90 24 56 4 13 104 103 
120 120 58 56 80 76 118 73 11 95 111 101 105 118 74 28 111 96 53 109 70 115 37 119 34 16 95 113 
42 96 58 56 107 83 49 2 52 50 30 47 43 37 15 94 35 74 39 94 80 18 56 116 9 67 104 56 
73 98 110 63 11 30 34 22 107 68 96 95 55 68 97 52 56 57 34 45 86 103 90 106 8 79 68 18 
7 111 18 85 82 16 101 109 71 107 20 45 10 82 45 7 40 36 111 113 15 109 20 71 18 26 112 23 
31 42 57 53 114 116 62 96 55 113 80 119 100 45 89 32 112 49 33 85 46 4 56 111 68 69 25 4 
28 1 20 69 79 43 110 89 33 106 72 117 45 47 39 111 78 53 15 14 10 47 70 63 107 4 95 89 
82 62 114 83 90 66 69 4 120 76 46 40 55 47 94 97 87 87 99 111 90 44 85 112 94 103 23 4 
65 96 45 74 9 15 6 61 61 116 94 8 15 6 91 106 11 99 33 71 78 67 118 109 113 30 43 56 
59 73 76 74 28 1 67 76 67 19 49 32 39 96 88 92 53 99 46 115 49 78 6 54 99 67 35 2 
108 97 17 55 19 35 38 100 26 78 26 57 54 73 58 63 93 60 34 102 16 74 59 65 91 26 14 93 
5 71 65 76 100 24 63 26 43 63 117 11 95 16 50 64 57 70 82 10 10 28 115 110 28 117 89 98 
105 52 69 95 87 61 6 60 16 112 102 82 36 52 104 26 91 35 40 29 35 107 55 59 43 107 13 13 
33 82 117 43 120 103 44 20 86 83 31 26 88 16 46 101 59 43 30 90 106 97 18 103 117 37 23 30 
44 57 50 3 75 68 91 60 9 43 63 61 46 92 82 58 84 73 48 22 58 19 64 10 17 90 83 9 
78 102 21 32 108 86 41 1 105 86 111 19 105 18 50 96 35 58 55 47 75 85 5 37 97 85 27 35 
64 68 55 95 78 19 6 89 25 30 13 83 84 115 2 92 103 54 92 39 64 58 30 38 54 10 50 115 
79 31 47 25 112 106 67 19 113 44 82 48 69 43 1 78 64 44 87 108 66 84 66 82 94 17 61 82 
27 29 100 54 89 81 80 34 15 29 93 4 37 22 37 115 81 37 98 70 31 15 64 83 104 104 46 61 
51 117 99 76 106 11 3 25 15 51 110 13 63 73 55 31 51 93 1 88 88 38 57 30 64 120 100 105 
