28
5 15 119 67 70 99 48 23 13 44 80 107 92 1 68 40 82 90 57 105 58 19 119 45 110 30 108 12 
94 60 38 83 16 81 27 109 19 47 115 76 51 94 56 56 44 21 88 100 82 67 108 61 111 34 118 120 
93 31 95 68 91 32 117 5 90 12 110 26 25 119 112 99 28 39 26 47 1 15 49 60 100 53 104 56 
38 59 115 52 59 35 67 79 16 98 75 35 37 113 92 102 105 117 11 1 96 47 75 108 44 75 108 83 
110 28 10 57 77 64 120 82 32 77 108 49 98 33 29 119 24 95 13 108 83 81 106 81 105 33 120 44 
27 17 108 8 119 101 97 56 62 109 105 15 12 22 8 104 55 91 97 94 84 112 109 74 36 109 35 55 
109 3 74 68 86 44 17 2 37 101 19 68 116 53 32 13 120 37 64 13 114 46 114 56 8 45 108 11 
112 35 34 92 76 108 89 13 96 87 29 114 92 96 56 67 78 108 46 64 107 117 15 20 96 29 54 77 
88 37 22 17 28 53 110 43 7 39 31 30 55 91 79 41 66 37 94 116 92 35 1 109 79 95 81 52 
41 24 78 34 71 87 28 51 51 42 36 18 60 53 85 7 72 70 8 78 29 3 110 50 7 7 64 20 
98 102 76 25 24 27 87 41 85 54 36 88 66 27 91 106 85 29 90 21 93 77 109 106 115 112 115 85 
24 113 77 72 114 34 52 60 72 45 12 38 119 18 48 1 62 76 35 120 19 77 67 26 68 58 52 96 
9 78 117 100 55 29 46 14 88 20 26 86 3 47 35 105 97 8 63 10 78 100 10 33 115 109 28 19 
50 57 27 82 83 100 38 107 35 16 117 96 106 67 26 27 52 100 98 95 54 12 50 71 40 80 61 3 
67 94 64 35 108 10 42 98 100 120 114 60 62 89 59 64 13 57 74 24 7 51 3 10 88 46 76 75 
33 115 53 41 94 110 84 4 72 50 27 119 23 87 37 16 7 9 74 1 79 44 10 22 45 62 116 9 
17 60 114 81 87 115 91 70 76 46 12 13 60 111 96 114 66 22 2 111 20 90 37 42 35 18 91 44 
10 4 6 30 71 97 65 15 45 117 60 96 33 53 85 50 113 41 44 80 68 94 32 6 98 97 84 23 
100 24 46 46 85 23 69 36 99 52 84 76 83 56 61 23 6 36 37 87 113 36 35 111 89 90 79 120 
63 83 52 95 1 99 60 90 21 30 30 46 120 51 69 11 83 14 109 65 7 72 95 16 24 90 78 52 
89 62 33 5 42 36 76 71 92 91 15 84 27 63 58 109 111 66 99 9 8 64 51 106 38 30 81 74 
9 85 86 30 112 14 88 39 88 48 38 90 74 95 102 91 108 38 24 115 82 1 59 34 78 68 23 91 
87 68 1 67 57 115 58 32 107 57 113 6 52 77 25 21 97 53 37 23 9 60 5 18 112 90 32 98 
44 98 7 45 89 25 14 110 59 112 61 22 39 36 25 71 76 82 68 27 55 45 107 106 89 89 31 25 
30 14 96 46 98 104 110 104 71 46 8 60 89 76 80 43 37 89 78 64 75 42 117 34 31 49 30 101 
5 72 68 12 62 85 37 35 57 48 36 90 41 93 64 73 45 88 36 117 85 97 41 21 50 14 93 50 
104 91 90 104 21 5 95 32 20 82 118 17 44 32 24 80 32 103 100 114 49 76 67 2 63 68 102 43 
83 115 77 3 14 77 94 114 61 51 112 96 111 73 33 111 16 79 67 80 75 23 72 94 64 27 59 119 
