31
117 25 51 65 102 120 78 78 86 98 55 90 19 117 17 117 80 109 51 70 74 107 110 97 65 12 88 69 41 86 84 
103 64 73 61 88 55 63 14 101 66 52 89 85 69 25 42 43 116 76 76 118 57 52 100 40 69 34 36 82 118 102 
98 74 63 96 35 26 83 98 77 51 15 12 56 30 55 8 51 99 109 14 37 4 25 73 65 12 82 67 115 48 39 
104 111 101 38 68 10 58 18 86 44 114 99 31 68 19 82 39 110 105 49 57 78 99 98 12 58 63 60 73 91 10 
37 88 109 100 67 38 75 7 104 81 63 1 110 79 61 83 48 75 6 78 93 40 111 111 98 55 15 89 61 46 114 
30 59 53 5 35 1 105 95 93 116 40 30 88 91 61 61 71 39 59 1 8 86 51 80 14 62 79 83 69 65 62 
35 11 93 97 44 79 6 11 43 54 85 67 25 77 79 8 62 39 73 25 44 33 56 51 82 85 13 100 61 45 99 
103 80 50 38 45 28 4 78 3 94 92 11 85 111 45 39 33 14 76 6 36 69 18 30 106 35 13 81 2 55 63 
99 88 94 60 44 2 84 26 96 90 78 57 33 28 114 56 84 57 56 120 48 72 27 3 84 68 69 105 45 31 2 
69 75 95 106 78 75 75 51 20 62 79 32 85 88 86 63 49 119 17 7 70 79 41 115 106 11 95 87 113 8 85 
18 13 79 50 29 21 49 83 70 49 103 7 107 60 20 33 70 50 120 58 51 13 58 50 80 4 2 67 11 54 86 
25 48 83 68 15 27 105 117 51 72 61 14 33 112 117 110 53 84 98 45 67 49 19 11 5 92 37 37 107 38 105 
29 69 28 82 64 110 50 21 9 24 104 13 102 33 111 104 71 5 66 23 120 35 69 53 4 37 99 49 100 43 61 
42 69 26 74 3 22 100 55 116 110 20 85 81 24 15 113 7 26 4 39 25 91 33 79 39 3 103 81 6 88 10 
116 101 79 32 102 69 55 89 16 79 9 40 29 19 55 1 99 12 8 104 105 77 2 101 28 94 35 15 106 113 93 
28 29 17 102 67 33 61 13 33 42 80 82 18 110 4 117 59 85 66 98 77 86 59 86 1 104 32 64 44 28 33 
39 67 83 90 71 72 51 55 89 103 102 16 107 16 78 52 115 29 81 48 11 22 3 108 111 78 102 93 115 77 64 
13 86 47 98 15 46 25 67 18 64 112 57 41 115 9 85 28 44 44 87 25 91 31 36 88 75 89 50 2 65 43 
82 100 97 6 74 60 6 98 35 34 105 44 36 77 95 19 32 11 8 94 104 105 88 50 9 97 86 69 78 61 104 
55 79 72 9 23 14 109 30 111 28 67 102 118 64 53 101 38 18 91 78 15 3 3 5 108 58 35 3 96 28 38 
89 42 60 60 88 3 105 111 84 95 108 43 103 116 19 70 28 102 73 83 1 110 44 70 24 9 46 5 102 93 6 
12 44 106 6 52 26 85 43 48 45 88 105 54 102 104 101 54 42 116 94 37 11 120 51 120 53 47 79 20 21 31 
35 93 23 64 27 89 80 111 1 100 64 92 53 97 20 106 59 66 93 16 120 51 51 63 32 32 115 56 32 95 9 
97 79 1 18 11 25 7 31 29 4 28 109 118 106 62 81 72 78 28 97 27 101 68 30 83 37 99 96 55 101 33 
110 22 49 103 93 13 81 76 79 44 67 86 116 119 72 57 89 56 108 59 112 68 46 81 53 100 54 25 75 1 4 
70 57 100 58 96 46 49 15 43 40 16 62 46 31 32 9 89 72 41 1 83 1 57 114 22 63 104 114 10 34 72 
34 17 79 35 75 54 62 64 45 93 37 80 104 76 116 86 22 59 24 68 106 76 68 18 63 67 20 83 11 83 92 
76 89 80 91 118 102 60 97 4 74 97 72 73 23 117 57 111 27 75 35 53 84 62 117 100 27 75 114 109 31 34 
119 67 13 94 93 118 5 70 18 101 21 103 24 98 71 109 23 42 75 95 77 38 92 9 117 102 109 95 85 18 88 
18 12 38 25 100 76 46 87 66 82 54 104 11 65 95 91 45 24 13 100 112 55 118 64 1 80 112 71 51 34 60 
84 109 120 82 103 49 5 93 23 93 97 80 80 63 2 76 32 39 88 77 77 53 70 38 83 21 58 90 84 57 31 
