31
68 63 41 60 72 22 8 72 55 25 73 29 29 105 63 91 60 78 116 87 102 89 75 41 118 58 51 25 51 4 76 
67 26 93 14 91 71 92 113 14 32 82 54 39 41 99 28 41 60 66 59 91 104 75 85 113 94 53 95 102 107 16 
59 73 2 52 2 84 86 107 67 109 117 38 32 98 46 2 7 83 72 63 68 101 24 20 61 112 4 27 81 115 49 
95 47 78 110 11 75 33 72 89 51 114 11 18 1 52 17 48 56 11 114 54 48 88 101 107 76 85 68 80 37 17 
13 20 76 83 52 65 45 30 116 32 67 80 44 28 29 17 77 87 109 76 84 40 40 70 90 30 2 44 53 23 117 
37 41 2 85 37 57 34 36 61 77 68 71 74 38 107 108 35 24 59 68 75 46 61 24 12 13 110 43 40 10 11 
116 24 52 118 79 62 63 77 13 65 112 61 114 15 44 9 83 22 31 37 4 32 29 11 104 109 114 102 14 32 93 
12 120 3 30 20 28 75 40 1 36 101 14 4 74 4 113 33 99 117 6 59 62 99 38 16 94 119 46 113 24 84 
92 107 111 13 99 10 106 100 82 64 78 58 41 50 111 50 17 98 108 93 3 39 34 30 89 96 87 56 59 117 73 
117 33 73 43 77 34 3 88 113 102 78 29 35 3 23 48 113 52 120 10 103 25 42 23 56 33 57 48 81 75 66 
16 98 64 75 89 62 36 9 7 62 90 97 112 31 21 30 83 41 77 63 115 112 69 72 118 106 2 74 95 5 6 
81 24 51 8 28 34 102 83 61 20 26 13 57 113 30 57 68 64 75 118 64 63 31 100 112 4 113 45 42 1 68 
111 81 46 105 107 75 8 29 38 13 35 92 37 66 118 19 106 38 61 57 69 110 42 41 55 34 57 103 110 3 111 
47 9 87 76 22 36 6 96 30 111 71 98 45 20 109 27 109 19 50 59 96 54 77 14 120 35 104 104 24 6 116 
71 52 35 59 18 91 86 61 107 31 79 18 87 34 25 105 8 42 64 81 68 49 36 97 88 4 52 20 98 78 38 
108 101 68 70 14 22 41 25 34 105 47 67 52 114 38 64 39 85 23 107 85 64 25 20 110 90 101 42 18 114 16 
84 104 110 46 41 82 46 80 94 100 51 9 86 83 93 11 77 40 119 72 41 113 91 27 119 88 42 54 89 3 20 
79 17 81 95 113 64 89 83 29 43 120 66 31 71 14 118 110 55 104 23 114 77 28 114 103 5 99 103 35 111 37 
62 86 96 26 86 39 41 82 28 105 69 85 112 35 77 87 103 107 59 7 28 12 30 106 58 27 106 14 60 42 66 
87 4 95 59 45 66 50 33 18 51 68 94 112 73 52 88 50 36 102 49 15 63 12 18 89 103 5 45 10 105 89 
70 105 84 94 86 4 34 65 56 108 119 96 1 61 23 23 55 88 66 90 11 2 22 96 76 93 10 7 21 38 19 
102 88 53 107 71 7 18 111 36 38 54 119 70 36 100 14 17 119 117 60 65 31 90 6 58 12 40 47 93 59 78 
39 103 117 89 118 107 116 80 27 49 119 11 73 63 86 79 27 87 8 93 23 79 75 19 70 66 9 84 112 115 45 
91 72 112 9 36 108 81 21 68 63 41 72 79 27 109 116 14 110 17 115 100 84 23 89 78 4 29 115 84 73 88 
76 18 66 114 32 105 89 86 39 52 120 102 75 35 50 59 24 110 106 93 59 115 116 12 110 102 113 18 37 15 102 
102 6 116 102 72 46 117 66 104 33 21 22 119 67 15 69 73 86 11 74 64 71 5 86 68 40 14 81 76 27 10 
114 19 15 11 44 109 9 63 72 69 87 54 61 83 67 87 56 52 86 90 79 117 9 109 10 55 54 81 39 14 90 
15 56 117 55 111 98 70 29 32 35 54 79 55 31 119 8 57 42 3 20 40 8 101 33 29 48 15 72 10 101 87 
73 3 63 66 98 70 28 31 27 24 31 57 91 97 85 112 84 56 67 108 64 50 30 41 75 111 3 30 46 68 71 
92 104 29 76 88 53 34 116 28 35 34 115 10 42 26 34 114 118 94 58 98 5 46 119 59 34 5 51 110 120 89 
50 91 56 44 53 114 35 92 71 40 60 52 90 24 73 13 9 71 12 98 65 11 114 78 25 46 54 108 83 11 99 
