34
43 104 109 53 44 68 104 50 105 115 112 106 88 92 92 73 107 48 9 92 2 13 85 39 21 63 51 1 108 77 12 87 77 67 
86 67 101 112 112 94 49 92 37 27 94 16 13 94 97 30 100 82 100 7 57 96 69 106 22 4 118 1 76 97 120 38 99 51 
29 32 21 78 93 69 116 67 24 109 41 78 24 17 37 97 49 48 74 20 103 102 106 31 109 16 49 109 26 70 12 104 101 20 
2 83 68 75 32 10 2 28 44 5 51 43 62 101 105 54 48 45 33 49 1 75 116 46 54 60 98 76 82 9 80 27 1 17 
119 109 40 21 9 62 36 53 26 92 83 1 94 96 50 84 6 75 9 10 5 109 24 95 71 75 21 21 32 119 4 58 8 45 
90 32 41 46 37 90 119 44 108 72 16 47 20 48 9 49 96 39 26 68 91 55 61 87 113 21 101 55 31 47 95 108 67 73 
39 52 97 24 56 92 47 92 100 68 41 62 40 27 56 26 10 45 79 105 79 85 28 44 17 74 9 56 111 108 25 84 88 14 
95 26 41 42 3 84 50 96 83 31 116 42 113 25 2 40 118 45 62 41 91 39 71 19 55 4 3 20 18 24 31 109 11 5 
59 81 84 38 64 96 18 85 10 43 52 1 3 60 32 23 14 101 59 11 39 114 5 79 84 38 90 89 46 58 93 58 102 119 
113 106 73 91 30 34 37 38 60 67 116 109 55 97 41 62 47 22 4 16 116 37 1 53 2 32 109 11 68 107 29 59 90 43 
90 6 91 112 59 85 83 41 69 86 6 15 51 116 24 38 32 21 118 33 77 99 112 59 59 105 35 51 80 47 30 76 98 67 
7 51 75 27 58 95 98 60 107 99 54 101 29 39 9 2 42 53 99 34 14 72 97 120 103 39 21 45 63 59 94 100 86 46 
46 102 21 81 73 117 12 58 13 95 28 86 1 25 15 2 116 50 18 26 37 28 120 94 55 14 94 17 51 118 45 81 55 89 
21 30 1 109 95 42 29 2 96 9 10 52 117 101 55 29 115 13 47 20 43 103 69 102 83 114 5 7 41 20 71 85 65 33 
35 26 67 4 52 88 53 30 70 36 22 87 72 41 92 9 41 17 37 42 41 44 19 72 32 79 7 71 111 111 108 3 7 81 
62 57 2 80 14 112 62 56 43 36 49 4 104 94 28 94 64 64 52 73 32 111 76 117 21 110 12 84 80 62 99 87 26 116 
94 118 119 8 93 7 83 62 109 39 60 9 52 28 43 48 42 101 48 112 44 107 35 80 77 42 34 63 91 13 96 120 26 29 
4 90 72 37 107 52 95 79 4 1 112 54 16 76 15 74 27 12 112 87 30 11 98 35 51 25 73 38 102 40 20 31 76 117 
93 15 62 21 45 56 79 111 7 105 112 84 11 93 70 108 18 21 62 86 60 101 41 105 13 40 85 74 53 76 114 86 119 19 
64 94 104 95 1 62 89 71 61 34 112 53 111 93 78 19 31 117 118 64 109 21 17 72 10 43 37 37 20 112 92 16 45 36 
23 49 78 118 113 16 84 97 39 100 29 5 70 69 71 90 15 39 24 4 9 11 94 24 70 105 93 22 108 108 19 46 90 42 
43 75 22 60 10 3 52 35 78 65 81 1 62 15 100 87 61 118 43 64 21 94 86 28 45 80 9 40 53 67 104 71 96 42 
119 31 68 60 87 21 89 8 11 103 13 15 89 49 70 22 53 99 100 71 2 31 16 39 4 21 85 74 110 50 1 113 114 100 
68 65 66 47 95 54 91 82 19 29 94 48 72 82 80 75 16 90 44 42 92 79 3 14 5 37 112 23 50 62 114 110 4 80 
112 39 34 100 51 68 61 67 19 3 44 62 53 18 80 9 18 75 110 20 52 68 100 54 41 109 51 50 41 15 108 88 93 84 
92 96 64 31 15 30 80 21 95 94 15 1 95 31 37 52 100 7 103 94 75 116 93 10 118 45 66 101 38 16 86 109 100 74 
35 48 23 78 40 45 63 34 24 65 89 20 86 120 109 79 30 67 10 87 48 42 8 76 52 7 91 27 41 103 17 34 87 55 
52 20 47 21 116 55 37 31 68 36 11 60 103 78 80 49 21 14 10 48 69 89 58 93 57 10 40 17 19 109 92 44 93 42 
15 18 112 113 93 32 63 114 67 47 10 85 44 33 59 48 53 85 90 34 44 4 14 10 119 78 71 33 77 38 32 91 76 38 
30 49 87 90 16 95 94 72 70 20 40 76 43 57 31 30 114 56 82 33 40 74 17 80 38 83 27 97 95 22 14 73 119 10 
38 14 65 83 33 2 41 70 96 54 98 55 112 41 59 54 115 21 31 77 28 75 72 68 110 11 30 110 29 40 80 21 60 96 
85 95 54 56 116 61 29 14 10 93 71 74 1 26 81 20 33 52 119 25 103 79 50 43 27 58 73 73 99 22 11 20 120 10 
101 2 56 115 88 3 102 43 97 35 68 70 96 111 17 82 66 26 57 103 85 19 63 43 63 45 98 8 35 106 107 78 6 7 
81 82 34 76 41 67 88 42 86 69 61 16 61 57 6 62 28 107 113 101 65 5 15 17 75 40 12 72 41 75 6 31 59 58 
