34
38 33 20 15 82 95 43 28 31 81 71 76 100 15 48 120 38 100 115 111 118 109 27 9 112 94 94 52 58 49 90 84 85 2 
104 6 67 35 13 99 3 8 86 83 80 82 44 33 30 75 22 51 116 19 52 78 59 12 105 119 65 18 68 81 80 78 23 4 
88 12 12 45 89 25 99 107 66 14 110 94 9 55 104 28 10 112 57 13 113 46 119 39 63 19 105 95 70 83 41 61 70 29 
72 119 91 34 69 39 58 107 87 88 84 31 8 10 13 29 15 63 114 27 12 48 97 70 83 13 7 52 106 2 39 83 10 7 
33 56 85 80 5 60 66 59 40 103 72 79 91 115 30 94 5 75 8 99 102 20 10 84 58 50 88 66 17 14 21 90 91 111 
59 27 72 27 120 17 64 119 12 11 82 112 116 65 88 43 88 23 78 42 83 73 61 50 52 28 45 114 59 107 87 40 114 114 
86 113 9 82 7 14 88 70 2 68 90 55 63 109 17 69 56 112 5 112 1 34 105 30 67 28 88 54 58 77 47 81 39 46 
36 98 52 64 58 91 31 6 120 13 62 108 26 102 59 11 119 86 104 92 28 119 112 61 7 108 116 105 18 92 34 12 28 33 
76 74 96 83 119 45 97 110 88 111 9 59 10 112 32 111 109 8 95 46 46 79 34 55 105 102 66 26 4 109 110 111 107 116 
117 7 21 14 51 6 23 92 66 57 4 109 83 35 109 111 91 71 97 73 32 56 66 35 29 65 114 65 36 62 119 26 96 29 
85 45 53 116 112 116 114 3 42 25 32 29 97 46 34 38 97 111 7 45 107 36 23 57 67 91 36 33 61 66 107 18 85 75 
62 105 86 93 2 67 111 3 65 21 120 18 94 100 110 12 33 32 37 54 107 20 26 80 49 17 90 103 30 78 41 119 93 98 
75 51 52 27 96 98 37 17 78 75 66 103 50 77 65 96 42 94 66 28 111 61 6 68 110 10 103 36 73 45 36 112 15 93 
37 61 62 48 96 105 72 11 43 37 64 101 39 64 77 79 21 57 19 41 70 95 80 113 84 89 76 114 76 3 88 98 26 71 
20 74 19 65 73 51 92 82 43 109 76 16 35 108 37 11 103 24 48 83 4 5 110 36 90 99 78 48 67 58 24 92 90 9 
107 38 62 73 67 107 115 16 43 55 41 89 31 5 30 49 65 23 68 6 54 120 88 11 14 120 65 76 60 81 14 6 119 15 
35 100 103 51 8 91 39 44 76 9 21 7 88 60 119 96 87 75 27 4 77 32 17 11 103 116 81 12 113 8 36 3 36 106 
16 30 99 101 62 66 88 27 36 103 80 58 65 45 11 47 117 17 91 65 98 114 119 111 67 98 59 98 72 57 33 116 8 80 
48 65 87 12 57 77 63 87 22 1 36 36 36 64 99 50 24 98 106 100 36 14 109 108 48 82 16 72 53 105 39 119 62 65 
56 29 93 99 100 88 85 11 101 84 105 98 105 69 7 52 70 32 111 81 83 97 47 76 38 64 108 59 53 65 48 105 22 39 
109 38 44 44 12 31 48 51 66 73 42 61 83 27 96 14 9 46 58 98 101 47 60 81 78 2 94 52 83 100 119 37 59 9 
2 45 115 15 72 103 66 63 92 47 15 39 13 20 63 91 71 18 77 103 85 120 118 99 24 119 53 73 88 20 103 95 38 2 
81 104 106 37 57 74 52 29 11 80 73 39 63 71 35 48 5 37 49 116 20 41 90 39 17 71 82 9 12 113 91 64 44 110 
31 18 91 64 36 48 39 117 19 118 74 115 85 85 69 61 58 16 96 107 120 24 71 14 98 110 107 94 56 3 95 102 8 35 
116 120 114 85 71 23 54 31 57 61 101 20 7 41 53 51 79 96 5 34 18 14 96 111 24 60 52 11 13 80 41 71 11 68 
74 5 59 19 85 66 87 38 102 72 20 62 76 105 89 61 40 40 102 54 18 67 70 6 12 7 20 7 68 105 79 56 97 50 
16 36 64 98 37 37 21 62 4 27 64 106 28 110 109 72 112 20 106 37 113 41 63 98 84 41 15 65 83 60 10 72 35 86 
35 3 28 79 111 95 15 65 110 109 5 39 76 55 62 116 83 111 21 78 82 96 67 11 59 57 31 13 87 82 12 46 82 57 
120 4 34 100 83 101 98 26 72 7 24 76 105 52 119 115 51 107 20 43 28 31 17 35 26 89 61 9 69 1 24 33 79 101 
104 75 62 4 41 69 24 93 3 2 81 52 95 83 83 91 36 41 82 120 72 22 115 83 115 76 110 30 96 64 88 104 119 92 
67 27 7 45 84 7 117 87 55 35 21 22 86 101 24 10 75 14 44 116 10 14 93 66 21 89 43 72 22 92 62 14 2 99 
98 15 49 98 50 116 43 60 5 70 15 98 5 33 53 77 58 1 110 72 90 115 25 96 119 32 13 63 10 6 3 52 112 93 
71 98 108 46 116 93 41 108 25 29 88 70 34 52 109 23 61 50 49 64 25 28 65 51 51 64 53 32 103 65 3 52 57 20 
98 118 68 117 9 103 33 80 37 5 52 78 73 49 85 14 114 115 23 46 86 11 9 15 36 12 17 105 65 67 52 81 60 45 
