37
58 73 2 32 24 79 79 23 68 95 27 5 94 27 68 97 94 65 57 54 70 106 116 60 81 19 27 52 15 57 64 106 87 3 106 98 21 
85 17 65 13 22 95 107 2 65 65 2 42 113 51 64 41 31 1 41 70 62 104 7 111 66 36 60 114 65 7 118 40 5 94 120 105 117 
80 97 3 61 34 46 74 10 91 71 35 103 83 100 85 4 25 100 5 98 70 110 77 84 37 103 119 53 46 44 64 113 87 74 14 84 8 
99 3 99 82 68 28 75 62 20 46 14 22 110 68 2 68 6 98 103 56 95 75 109 76 119 50 29 78 13 86 57 43 34 114 103 31 12 
12 110 27 114 49 18 81 102 70 4 48 17 15 52 3 87 6 72 49 114 3 73 22 115 54 107 26 9 30 48 15 79 119 87 82 102 46 
102 102 66 3 96 53 49 39 94 20 11 89 78 82 92 37 66 90 6 23 83 13 37 9 17 100 86 108 115 64 71 32 101 88 34 70 55 
110 13 58 109 81 60 74 98 120 80 83 29 115 51 85 115 15 92 96 67 19 45 81 110 3 114 29 45 50 9 103 17 104 91 77 37 1 
33 16 20 84 115 43 30 44 85 49 81 70 69 87 3 90 88 48 22 78 32 79 50 88 80 53 2 94 101 11 10 41 44 38 28 49 99 
34 56 26 70 83 109 17 72 30 32 22 43 62 56 6 3 102 119 80 38 52 93 24 27 111 14 75 47 49 119 78 81 27 82 11 116 50 
116 109 116 46 70 101 42 28 13 41 106 81 44 10 120 9 7 60 42 22 114 77 8 19 100 11 91 44 19 9 107 95 95 78 29 12 79 
119 1 112 7 109 62 47 78 13 101 89 15 43 25 87 14 101 65 8 81 15 105 108 51 51 84 92 30 115 43 55 8 18 102 100 43 88 
119 50 40 101 72 2 94 5 120 42 117 67 64 96 40 11 86 53 86 57 73 57 76 32 46 83 47 77 68 88 15 119 96 104 69 34 52 
97 5 105 56 66 63 55 96 37 56 41 10 84 19 92 74 91 118 96 4 18 81 81 2 47 103 93 113 48 58 2 46 101 46 99 57 30 
7 59 88 94 62 62 9 86 100 5 78 54 96 19 58 62 114 14 35 36 2 80 90 26 113 80 95 57 14 119 48 51 107 89 54 5 115 
19 84 99 92 82 25 60 7 48 43 99 84 109 35 65 112 49 27 20 27 27 57 82 74 66 101 62 80 88 38 87 87 22 18 21 68 78 
51 67 117 23 84 86 115 60 7 83 3 26 77 3 14 43 34 5 37 120 118 8 19 41 55 113 10 30 68 96 63 92 13 5 73 92 54 
10 5 112 47 50 91 79 2 110 118 6 17 97 3 29 97 4 82 76 78 83 10 31 54 66 21 8 15 9 51 97 116 8 6 109 56 3 
86 109 99 45 115 43 62 73 120 103 43 91 35 21 12 104 57 115 88 106 52 77 64 71 69 84 7 97 112 65 77 6 46 89 73 116 56 
84 96 4 76 86 105 23 77 115 57 10 3 32 42 78 120 57 85 91 38 72 102 108 102 31 9 119 2 19 39 51 93 6 13 34 93 110 
16 74 59 32 96 7 31 62 35 16 65 88 6 106 5 45 102 77 67 97 6 10 37 92 36 8 24 93 93 30 27 110 107 73 72 36 107 
102 49 25 112 112 46 6 13 36 91 101 33 67 63 50 6 48 95 48 87 113 77 1 4 51 57 114 120 94 12 22 73 74 30 111 45 12 
57 5 109 105 60 108 44 52 17 99 11 5 64 17 64 90 28 63 73 40 88 65 23 14 120 81 51 15 98 90 18 15 110 33 112 64 40 
103 15 46 24 116 65 85 58 86 46 29 61 54 10 75 101 20 59 81 90 112 38 65 34 69 19 119 1 22 58 74 39 82 57 110 38 78 
12 77 2 52 5 54 5 101 110 55 7 112 46 118 32 66 24 68 117 22 105 54 58 32 11 116 69 97 61 37 99 84 35 77 21 80 33 
92 26 107 91 86 5 52 45 56 87 114 79 63 112 117 56 112 29 41 29 62 28 101 91 1 92 69 114 108 33 22 38 113 83 43 4 50 
86 68 38 68 25 67 72 52 74 79 60 52 11 5 70 102 20 68 54 46 99 120 85 18 105 42 35 33 100 75 38 12 103 11 31 120 28 
104 45 30 72 85 46 37 92 88 102 110 113 66 119 104 14 11 26 4 9 67 93 44 44 106 60 51 110 93 108 88 21 2 27 53 12 13 
40 49 119 21 99 57 62 74 104 20 77 77 52 72 6 69 100 89 17 52 109 98 114 53 67 63 87 68 28 34 93 66 86 5 103 32 112 
62 107 69 49 66 15 87 59 18 87 12 9 43 89 109 70 8 46 80 12 43 119 87 13 24 71 67 64 81 62 8 19 27 112 89 42 10 
55 95 15 60 68 50 27 30 75 27 5 85 96 109 5 3 61 22 11 28 104 92 41 83 40 56 96 66 42 118 58 44 41 75 5 57 64 
51 65 82 6 92 48 119 54 97 36 13 98 40 60 52 64 7 120 91 59 87 90 45 85 107 22 45 4 16 22 98 97 71 56 39 73 48 
39 4 79 118 61 24 43 72 54 2 52 50 1 21 95 28 110 57 28 73 4 66 82 6 11 73 65 103 81 54 1 114 60 71 6 107 118 
64 49 40 25 103 38 27 20 74 101 45 56 89 56 90 94 30 91 10 62 26 88 90 67 98 80 8 107 98 45 39 42 80 19 111 105 4 
59 70 43 17 54 82 56 6 22 80 95 23 3 27 44 97 115 73 101 36 105 68 95 70 95 29 86 106 21 107 113 21 5 23 10 13 4 
62 38 89 116 30 67 112 56 57 12 64 116 118 7 107 107 114 34 66 113 104 115 32 43 54 27 73 45 56 31 87 91 6 106 110 14 9 
43 10 37 53 32 103 1 70 101 87 110 43 55 13 84 53 47 81 62 21 120 91 104 50 97 41 57 72 57 69 118 83 38 1 74 104 72 
27 40 22 120 60 77 34 38 115 22 46 105 31 52 104 67 108 19 34 32 36 55 61 42 88 79 31 35 81 44 45 46 100 104 100 48 93 
