37
115 62 113 70 62 120 76 87 23 3 50 58 18 72 102 114 93 98 86 108 69 60 30 96 90 97 90 57 10 68 5 66 94 54 91 93 85 
4 119 10 87 30 8 42 36 53 107 68 42 36 99 68 18 109 23 46 17 12 1 81 86 26 77 51 15 27 32 63 103 40 109 116 33 49 
97 63 9 65 6 46 94 55 67 9 89 102 47 102 28 39 93 57 45 55 73 107 53 33 11 101 76 78 88 83 70 106 36 29 42 99 39 
71 59 2 52 52 2 84 83 52 66 37 72 60 112 16 16 36 22 106 69 85 87 97 72 61 99 12 54 58 69 55 49 45 46 52 29 74 
28 56 15 18 7 88 35 28 16 115 65 85 102 95 63 34 43 114 49 8 44 80 110 108 68 88 69 69 34 66 14 43 95 54 102 19 8 
75 77 14 38 56 38 27 99 109 21 109 114 94 101 16 77 23 13 44 95 57 115 75 101 109 9 37 99 84 48 96 7 87 44 32 49 109 
116 65 114 118 22 76 43 61 118 19 89 9 60 99 36 56 85 16 20 58 69 2 72 89 59 84 15 54 114 119 77 61 33 101 89 93 90 
72 17 37 109 39 99 118 105 49 55 28 64 29 108 112 17 2 15 28 37 24 49 72 75 95 68 10 82 24 75 83 62 117 16 23 2 97 
34 17 66 97 119 24 111 57 63 34 26 113 56 71 4 21 2 63 120 34 32 13 7 109 97 9 103 95 112 60 91 50 56 62 6 98 67 
37 83 4 83 27 85 67 47 103 108 10 76 9 33 6 85 35 108 99 69 22 96 36 60 83 78 104 96 84 81 120 76 69 98 35 112 96 
104 108 77 91 19 34 1 119 32 74 109 72 21 103 81 118 102 32 11 110 18 18 92 30 40 109 80 95 62 119 81 2 14 42 78 97 31 
26 83 71 82 39 39 73 102 17 60 33 83 59 43 78 33 111 72 12 117 88 56 42 42 118 31 115 111 105 12 17 65 95 56 46 27 7 
113 81 67 21 69 110 13 81 76 85 29 3 90 71 85 73 74 56 66 4 83 91 116 119 24 83 63 64 81 64 101 85 28 34 3 42 63 
112 34 117 84 30 42 23 24 85 15 37 91 62 64 106 24 81 112 63 91 115 84 71 22 117 31 36 92 48 35 40 75 111 89 74 81 65 
41 22 36 97 45 62 101 31 93 102 24 86 10 3 32 35 92 75 45 36 100 46 43 106 86 95 110 84 103 29 86 15 81 6 11 36 95 
8 16 71 62 16 36 15 29 99 8 108 9 76 89 17 39 47 70 19 38 20 79 57 40 111 119 101 108 120 32 77 14 16 98 107 78 3 
77 102 54 81 8 63 20 5 87 89 106 77 56 5 75 12 106 16 14 7 30 77 80 73 107 114 78 102 71 4 71 23 117 42 42 34 48 
25 62 90 56 29 3 68 28 49 90 16 55 38 42 45 92 70 63 110 32 20 84 10 14 29 55 9 39 89 111 112 80 62 16 39 60 39 
3 26 29 111 36 28 105 113 119 6 12 71 92 59 21 6 20 100 11 76 41 27 79 11 115 5 98 71 105 83 95 29 51 66 88 21 30 
71 29 66 30 19 92 54 26 91 106 97 47 4 56 91 105 93 20 95 79 84 86 96 13 52 62 91 120 107 92 92 91 66 13 41 48 22 
120 48 33 120 56 85 110 34 120 12 1 71 71 86 108 118 10 115 8 110 75 108 36 62 42 52 101 115 8 90 73 117 83 8 54 78 17 
101 104 42 11 45 67 32 112 78 67 29 48 34 103 12 119 49 85 87 19 19 17 78 71 71 45 59 94 96 6 97 76 10 21 57 112 12 
62 28 79 78 108 17 38 94 120 5 48 64 42 68 15 81 9 69 79 117 112 82 116 20 32 113 8 43 10 99 90 106 112 81 13 17 28 
23 76 68 115 12 62 47 49 116 8 22 59 35 9 9 16 55 58 30 29 117 63 28 97 70 106 102 116 67 59 30 119 82 27 3 44 108 
111 86 75 44 51 67 21 106 27 42 15 52 68 93 25 22 14 106 95 83 103 46 11 91 92 23 98 69 65 60 71 69 37 37 67 67 7 
75 12 98 47 76 52 86 53 91 84 7 90 1 108 108 101 47 13 48 86 27 74 26 40 93 99 95 88 89 1 102 83 88 45 41 60 2 
27 21 91 81 38 45 16 73 37 17 15 84 71 66 81 9 71 112 102 80 22 21 43 73 92 51 37 91 120 113 97 47 18 72 19 83 68 
78 35 118 63 51 52 53 3 113 68 38 18 4 89 7 14 110 53 51 56 86 36 85 60 3 60 24 53 63 61 65 9 111 106 25 87 47 
36 12 60 30 51 104 100 92 119 2 77 77 14 57 43 2 80 114 69 45 11 90 3 93 102 45 119 64 66 72 2 28 61 21 88 39 111 
17 96 49 74 57 42 80 94 42 32 96 16 37 69 98 113 63 13 20 101 61 6 9 49 20 66 68 82 106 2 11 17 109 14 46 83 64 
44 40 68 22 18 80 83 1 45 65 115 96 79 112 79 68 12 15 8 54 10 115 106 30 80 75 2 117 101 23 7 98 38 119 54 56 32 
5 96 119 89 74 72 20 22 63 42 17 77 34 83 55 106 70 59 12 16 108 41 77 84 74 22 34 114 74 27 8 89 75 111 67 7 39 
39 65 53 64 90 115 72 89 42 2 54 108 83 112 2 55 107 33 73 77 64 49 67 86 89 37 68 77 98 15 75 94 6 91 67 106 41 
31 22 58 39 3 57 103 113 45 2 104 94 4 6 79 60 69 7 111 49 20 73 62 57 36 20 68 78 56 8 8 56 25 115 89 11 27 
52 106 11 102 45 39 102 43 81 77 78 34 27 105 17 54 88 64 46 114 47 12 8 72 15 117 62 83 20 25 83 65 3 40 38 30 60 
88 83 101 31 65 15 41 89 93 31 60 85 3 23 73 119 77 25 38 81 116 63 28 59 67 67 105 74 51 116 1 9 85 8 20 25 82 
34 99 66 64 51 29 101 6 43 51 17 3 1 66 1 113 9 106 18 25 16 118 3 116 8 65 83 86 2 80 117 77 44 44 47 55 26 
