40
100 27 107 54 14 2 103 49 32 31 24 100 120 101 106 105 9 21 105 6 1 4 77 118 31 57 80 29 102 95 93 19 25 118 111 119 102 33 90 11 
35 95 49 95 62 14 31 36 61 92 118 69 67 13 2 92 118 77 30 57 114 108 91 51 53 96 16 74 99 114 16 30 36 49 10 68 98 66 82 64 
77 47 47 54 4 63 87 102 119 100 17 71 104 84 105 115 58 51 49 20 120 4 8 68 17 4 90 68 102 38 61 16 73 53 5 91 12 25 28 96 
34 111 72 36 108 30 118 33 75 89 103 74 105 102 86 35 109 24 56 12 69 103 30 29 27 89 96 45 98 7 85 10 99 64 4 81 16 26 4 104 
23 17 13 23 42 46 34 27 64 118 45 30 12 25 92 90 10 51 57 119 41 73 89 116 5 59 33 14 99 74 119 67 70 20 20 70 45 72 12 70 
107 45 21 54 41 72 52 71 9 77 73 56 62 108 11 96 42 74 54 35 80 2 82 52 4 44 65 62 79 119 53 106 4 14 45 110 16 70 15 11 
96 66 100 54 27 83 81 74 13 44 44 1 110 95 10 28 1 76 74 42 45 115 84 71 31 103 14 86 112 90 87 14 30 118 44 64 44 31 60 22 
44 86 102 36 82 35 105 107 37 103 70 48 57 94 47 15 29 28 78 109 36 42 102 76 98 36 1 116 108 77 82 104 56 88 112 58 109 11 107 73 
38 5 67 49 3 67 102 112 74 117 16 88 42 22 68 12 119 26 80 116 33 80 56 58 114 10 85 85 96 21 31 62 23 6 100 69 68 107 85 32 
12 67 56 7 99 9 32 94 33 30 52 68 13 6 114 15 17 91 98 89 6 113 23 51 99 89 61 2 95 33 94 44 55 25 10 117 82 77 93 85 
10 84 56 75 25 17 86 23 6 98 29 79 4 69 40 83 77 86 99 119 94 19 89 119 29 2 94 112 26 114 74 113 62 10 87 28 97 90 59 95 
93 106 44 81 85 74 22 10 71 47 112 12 75 8 111 97 62 71 3 118 76 9 68 41 32 32 12 62 114 10 47 92 6 10 78 56 89 109 33 65 
33 32 97 117 45 24 17 76 107 118 4 100 119 39 36 93 57 50 95 24 25 84 65 4 12 45 47 3 48 61 102 15 97 51 57 15 6 71 36 87 
9 4 20 105 27 106 70 42 110 16 6 26 26 4 94 81 97 61 13 27 37 3 103 44 63 86 83 79 6 18 98 44 80 31 25 38 2 27 17 95 
109 58 79 23 67 7 31 97 61 12 3 120 2 117 63 101 105 4 55 27 29 118 57 93 75 81 68 112 78 72 79 4 25 34 4 8 107 31 80 49 
109 21 93 25 105 59 3 48 25 81 51 102 104 114 61 5 26 111 94 46 13 81 53 66 106 73 120 93 113 2 18 107 97 61 94 118 91 78 101 58 
3 84 76 16 18 115 28 102 49 3 109 62 95 96 65 5 70 116 116 103 99 96 101 39 55 86 34 45 66 24 47 108 84 79 29 100 49 64 2 89 
52 49 62 46 65 119 36 28 103 23 43 71 30 47 81 101 94 100 18 90 90 21 57 108 58 94 102 108 25 80 117 118 7 27 60 118 48 31 63 34 
32 2 117 12 15 75 36 104 49 4 102 75 92 107 102 78 7 4 3 31 37 34 18 4 114 117 1 30 19 65 50 52 45 13 24 54 50 98 29 70 
77 99 86 75 100 62 39 116 20 93 51 89 72 116 32 120 80 56 96 117 70 53 41 51 75 51 9 28 60 31 69 30 89 7 77 84 7 50 81 66 
106 100 13 88 12 113 31 69 29 34 110 75 98 18 74 102 25 38 75 106 82 65 50 40 85 107 81 70 68 106 109 85 33 99 74 8 26 32 18 10 
80 25 22 119 28 30 96 14 49 91 43 85 41 78 109 33 6 24 13 31 85 110 114 64 10 7 17 29 94 76 30 111 116 47 83 90 72 32 4 20 
108 47 103 70 45 48 113 10 39 55 2 60 12 94 32 79 45 38 16 35 17 109 113 74 87 32 69 51 114 38 110 88 5 50 113 115 60 76 58 22 
108 38 105 26 9 34 59 49 117 42 70 7 87 13 42 106 58 77 113 12 23 86 87 28 103 109 86 120 90 112 115 91 51 24 38 23 114 24 90 101 
72 114 94 107 101 106 1 77 81 49 21 54 9 37 7 25 83 106 18 5 31 53 36 64 15 10 12 90 13 21 94 94 43 103 103 47 66 90 104 21 
54 79 13 55 60 58 71 94 114 51 44 58 40 93 27 36 117 40 120 72 66 91 64 48 102 69 67 73 114 40 33 86 89 105 41 40 7 97 38 7 
28 36 75 84 31 59 63 58 115 52 54 51 90 9 95 72 63 33 83 90 3 59 18 88 51 96 101 66 18 61 2 24 12 63 23 9 87 38 36 1 
65 119 103 18 107 78 95 21 120 58 4 47 83 20 60 66 18 96 69 35 2 72 75 48 113 46 44 118 95 13 120 27 51 42 38 35 110 112 115 53 
106 71 4 86 87 16 15 14 114 14 32 37 110 100 21 89 18 51 9 61 85 59 12 68 40 110 38 47 99 7 101 58 25 2 114 49 82 99 67 85 
51 16 94 83 93 104 45 69 52 11 23 10 111 3 29 111 11 78 6 56 90 93 103 87 115 113 65 67 112 29 119 57 8 23 114 4 9 57 32 119 
104 58 56 13 1 76 18 79 28 20 9 71 106 118 14 48 15 81 90 51 81 102 111 12 14 33 22 114 3 30 47 78 9 48 63 43 64 114 33 107 
28 88 24 34 47 61 26 94 79 22 56 33 18 88 80 107 48 26 118 23 7 14 63 13 1 85 30 9 14 56 97 2 85 24 23 36 87 5 63 105 
64 19 66 63 68 27 57 36 29 28 28 104 34 83 30 51 17 91 80 93 85 21 98 22 27 46 52 44 17 117 94 70 118 116 34 25 29 91 71 51 
40 20 8 86 90 108 61 81 57 9 26 33 110 91 31 31 102 52 66 115 117 89 117 35 14 101 16 39 105 101 60 16 48 14 119 66 72 102 32 13 
19 115 55 10 98 66 25 32 47 35 74 26 69 110 84 28 57 15 5 60 119 9 107 91 113 43 39 18 1 89 39 70 60 88 85 76 89 95 52 32 
107 28 1 67 3 53 94 81 79 39 18 37 10 68 12 105 73 100 81 7 72 19 29 60 76 75 10 88 112 17 117 117 22 46 112 8 8 102 43 58 
22 117 1 85 89 100 11 10 14 20 118 24 67 70 111 72 118 6 103 54 84 10 107 103 26 104 30 25 83 56 99 14 95 77 40 76 42 35 7 60 
57 98 65 9 7 88 63 56 3 119 94 32 73 94 8 107 51 106 69 1 46 13 63 85 12 93 91 19 34 55 61 90 48 1 2 10 118 80 25 58 
81 42 82 118 26 114 6 27 53 42 113 65 98 105 84 40 110 46 73 112 105 69 56 55 107 40 106 30 21 24 112 39 97 100 97 53 42 61 73 63 
47 44 1 21 38 115 1 47 69 45 21 83 60 58 2 36 96 90 10 37 1 52 60 51 14 117 70 43 114 79 98 38 9 41 42 98 55 40 117 76 
