40
6 44 116 117 107 63 102 74 47 47 12 75 81 20 30 110 27 108 101 44 112 91 119 97 32 6 29 25 72 21 19 46 79 20 85 86 36 29 7 16 
43 4 70 99 53 118 90 25 80 101 116 38 10 28 36 106 110 76 76 97 31 103 30 51 5 77 70 27 6 28 40 14 108 106 24 63 52 28 28 101 
59 40 68 95 92 76 94 46 25 14 41 27 23 9 60 60 107 15 4 2 82 10 71 88 55 105 26 49 101 104 25 26 104 41 82 83 88 103 57 87 
85 45 50 120 100 58 54 106 5 109 86 119 92 15 13 109 107 67 80 38 23 70 38 29 6 28 59 104 87 104 107 76 28 101 116 34 23 112 51 80 
30 101 9 53 16 103 12 39 49 38 9 80 4 120 120 30 36 44 87 116 51 29 5 84 101 68 102 58 109 91 83 96 78 40 64 32 7 42 69 102 
82 99 41 77 110 2 47 49 58 31 97 15 67 66 110 15 46 50 12 84 76 100 68 58 69 105 48 66 51 88 111 109 46 22 75 77 20 70 55 37 
90 86 90 41 85 12 9 82 30 111 49 55 27 81 84 46 36 29 26 105 95 53 92 104 78 63 65 105 102 32 115 53 84 117 117 61 19 66 91 6 
96 115 91 90 94 24 76 95 102 98 108 103 102 11 95 104 71 36 24 57 96 1 39 21 61 25 116 58 5 65 65 29 78 10 60 118 73 70 28 100 
43 85 117 50 57 35 55 75 117 118 14 100 62 14 84 2 1 84 30 1 18 112 4 31 15 73 88 22 102 56 83 14 53 95 22 98 26 9 69 101 
113 23 65 97 91 3 83 82 96 112 117 60 66 25 67 52 108 32 53 39 83 65 33 120 26 90 49 49 65 73 56 83 114 57 111 2 69 61 116 103 
9 33 68 11 117 19 45 84 15 88 30 41 32 6 41 69 113 83 38 6 71 106 46 117 118 78 115 32 36 17 42 46 90 14 83 118 40 27 28 28 
113 99 42 9 36 102 16 92 8 15 90 67 36 63 117 26 69 54 91 17 109 100 88 31 15 103 43 93 98 16 5 5 6 19 13 13 10 2 8 96 
83 26 25 14 29 55 89 50 84 10 28 50 98 22 9 37 97 34 95 66 2 80 104 62 94 109 79 60 12 66 52 102 90 66 5 16 5 115 32 91 
14 31 66 53 46 33 21 108 64 82 23 23 47 112 68 107 60 50 39 64 57 5 66 45 42 55 32 50 74 38 113 22 30 47 50 27 90 55 4 51 
47 50 36 97 9 96 115 23 89 109 104 77 81 63 108 33 96 113 91 18 4 2 41 36 43 65 32 75 7 31 40 59 120 10 101 101 1 109 60 108 
18 71 61 46 66 17 32 63 65 25 67 9 3 119 59 119 68 39 93 8 31 30 104 18 3 120 59 40 14 97 2 18 106 29 18 51 46 81 90 112 
10 111 86 91 43 39 106 33 53 104 40 13 8 107 113 72 92 72 111 47 89 118 80 53 56 99 39 60 29 21 40 63 10 31 31 93 114 31 104 2 
73 36 13 95 43 115 47 64 85 9 92 25 92 103 65 31 60 63 70 54 90 57 20 63 50 28 46 79 15 55 69 99 54 42 51 34 13 23 13 35 
55 86 36 88 100 98 86 71 11 120 119 25 13 27 117 73 25 6 17 61 101 13 30 67 53 107 1 60 5 99 90 93 119 105 98 32 32 60 105 45 
49 67 89 16 97 102 19 57 96 19 23 39 58 11 69 16 23 95 113 28 16 61 45 113 117 43 43 116 12 68 84 90 43 2 22 56 69 58 24 93 
82 44 108 104 116 109 108 26 86 31 24 2 28 93 117 4 16 22 25 54 113 102 16 24 53 3 89 5 49 57 1 17 119 22 77 90 54 79 81 67 
69 37 57 17 68 16 53 67 60 21 105 63 2 16 15 83 58 118 87 29 92 113 118 78 71 48 113 3 116 62 14 60 47 84 18 95 92 46 99 60 
37 5 113 84 63 4 50 105 61 101 105 18 23 88 106 12 37 63 88 31 43 37 37 21 81 66 89 40 111 45 2 26 115 53 39 113 29 55 109 79 
89 32 100 29 21 111 6 110 3 63 92 16 109 50 30 72 55 27 43 77 98 47 81 44 59 120 83 75 94 91 90 82 37 62 21 119 82 89 100 106 
40 28 76 46 116 111 76 24 62 7 89 118 112 9 20 74 70 54 67 61 75 113 76 8 45 102 72 93 79 118 54 2 19 17 65 5 98 58 101 101 
56 23 75 19 105 85 110 79 53 115 104 103 26 36 17 69 54 1 118 117 43 14 1 16 107 9 98 97 71 38 73 81 27 31 114 14 41 62 76 40 
8 27 107 103 71 3 115 87 94 83 51 119 72 59 34 94 61 40 14 6 16 23 89 115 10 103 7 119 54 69 20 61 120 100 88 4 92 5 87 93 
1 1 88 32 83 46 56 56 7 1 54 112 55 109 77 3 59 57 67 112 98 108 91 107 89 78 16 74 22 69 3 76 103 66 62 22 42 96 111 77 
106 18 69 50 1 56 105 32 84 71 8 107 52 29 65 8 102 51 51 65 119 79 81 12 109 46 103 95 42 99 92 42 90 120 93 82 118 111 83 118 
56 32 27 74 86 36 81 21 22 75 41 38 22 105 89 71 20 7 87 32 36 2 80 99 113 51 10 67 80 66 72 85 22 21 3 118 73 49 114 73 
96 24 87 82 49 5 50 90 26 89 118 25 78 69 49 111 12 101 12 75 56 111 88 68 34 65 13 92 65 11 67 72 62 54 80 63 109 117 22 82 
53 2 11 41 81 49 90 105 21 60 42 82 8 18 106 77 116 72 117 107 77 83 105 115 31 48 46 13 82 50 109 45 54 46 93 79 117 113 117 3 
103 99 53 111 105 1 70 15 85 54 110 77 53 56 21 52 86 94 20 56 89 105 120 23 84 58 42 93 58 100 46 8 104 66 95 90 117 92 22 14 
115 49 84 16 18 71 87 22 74 119 100 54 32 17 34 84 81 63 18 15 96 43 75 4 20 25 64 55 6 88 96 46 9 110 62 77 67 91 99 63 
56 81 20 110 78 101 51 2 1 99 96 58 24 106 93 90 90 3 80 50 80 97 81 78 99 26 68 15 113 86 53 28 19 83 24 42 35 119 76 64 
49 105 112 45 100 43 99 59 10 53 46 81 37 46 60 69 11 50 68 21 79 115 50 2 118 71 15 7 31 114 112 73 47 119 102 120 20 91 111 11 
102 79 71 57 38 22 44 61 41 101 88 43 44 96 109 18 17 6 35 114 20 54 104 30 105 90 99 55 36 53 57 111 35 47 90 3 17 59 44 17 
1 94 84 27 39 75 50 26 26 65 25 37 103 105 56 51 74 11 102 79 117 11 37 102 25 32 52 90 76 51 85 33 69 47 83 15 12 68 20 115 
45 57 87 111 29 57 10 45 81 52 98 75 34 99 76 95 31 104 95 90 27 49 71 103 117 70 56 78 110 113 50 18 28 3 87 78 89 8 69 99 
12 3 95 61 103 84 86 1 56 45 48 48 65 31 35 11 65 111 110 61 118 16 91 65 113 59 94 60 90 113 62 87 69 33 34 81 66 41 34 68 
