43
89 12 94 83 55 55 19 68 11 103 72 5 27 46 106 50 96 7 104 29 20 78 42 91 108 37 56 17 70 71 91 99 90 99 92 36 119 69 73 110 94 112 120 
39 118 94 35 101 7 1 19 68 16 95 109 3 50 24 84 67 34 44 68 27 109 13 80 90 50 111 30 56 97 4 43 107 99 117 19 12 89 99 92 109 2 39 
120 28 37 70 50 39 90 44 101 45 116 111 56 7 102 32 62 111 2 16 17 84 60 93 32 76 3 100 80 107 52 94 10 5 50 12 89 59 120 88 118 3 109 
38 10 53 96 110 75 54 44 33 120 25 4 24 57 64 77 91 3 120 44 117 109 79 11 77 97 78 40 86 79 56 79 110 93 66 65 69 33 70 103 23 40 21 
70 120 72 72 3 6 55 58 70 35 109 39 79 49 42 119 100 88 61 120 100 100 2 38 64 3 52 64 85 106 89 15 89 119 66 91 116 19 39 70 67 100 3 
103 104 7 70 120 114 105 73 81 120 83 114 101 8 82 55 90 62 74 116 78 63 33 52 51 12 86 1 91 1 68 37 60 58 64 39 117 54 67 108 34 13 30 
92 116 13 25 39 44 65 13 52 2 60 87 112 53 104 54 10 61 92 101 73 54 115 80 79 43 49 25 110 92 11 86 110 44 29 6 46 27 24 74 33 96 24 
70 42 96 12 1 98 29 38 92 50 119 36 111 57 66 103 14 91 114 37 66 107 110 105 2 60 106 28 86 101 67 9 39 103 44 78 79 38 53 16 52 6 83 
43 65 108 78 108 97 61 95 112 51 84 83 61 105 72 23 12 120 39 93 29 63 42 113 118 118 7 67 108 80 93 62 79 36 10 59 10 41 108 23 12 79 23 
109 119 61 34 112 23 17 38 13 91 73 32 74 81 16 81 113 103 110 118 103 1 60 48 86 89 46 35 51 21 116 44 13 118 33 12 55 2 11 102 18 101 101 
61 75 5 72 109 97 119 57 97 95 5 36 26 53 31 59 26 29 65 31 88 40 7 64 51 10 2 69 116 98 24 21 54 82 85 115 102 28 17 71 82 54 107 
47 24 96 17 35 2 15 22 115 80 108 16 60 78 69 103 70 21 70 22 64 104 25 95 31 56 3 20 23 117 13 69 109 25 111 22 12 3 16 83 116 51 29 
98 102 68 63 56 47 20 78 2 112 18 17 17 39 12 18 118 7 16 33 60 18 30 101 99 115 46 9 107 36 11 21 31 27 95 87 2 70 34 8 68 40 16 
47 103 53 7 10 4 71 21 93 105 79 90 7 92 70 56 69 43 73 69 39 92 96 113 31 25 97 79 101 31 39 57 103 86 81 27 50 20 33 42 85 99 11 
49 25 11 66 14 24 15 86 31 75 105 14 69 69 15 116 8 53 90 65 72 119 45 62 115 28 52 31 25 32 101 26 116 39 77 104 11 110 48 112 78 69 52 
12 117 40 104 84 39 109 78 32 56 47 117 95 86 17 83 20 111 62 65 74 61 62 23 25 65 113 28 92 64 18 27 95 49 31 69 92 98 2 41 14 8 42 
120 87 81 12 85 9 35 35 74 43 50 33 9 69 100 35 66 69 91 58 74 113 61 114 79 58 33 12 104 94 40 2 30 83 39 70 29 33 30 80 32 22 119 
72 103 100 56 80 30 104 31 26 35 84 51 52 79 115 86 31 80 70 34 46 12 54 115 50 24 19 44 101 92 13 2 68 86 93 31 89 26 91 67 22 87 12 
72 98 28 69 110 14 65 99 20 115 42 21 88 65 32 105 74 107 112 57 24 30 17 19 13 48 56 75 61 30 88 16 40 44 63 17 70 51 82 54 120 84 102 
63 30 25 59 16 32 63 72 54 92 113 78 111 8 31 111 112 113 76 63 112 89 70 18 52 21 35 4 11 34 111 17 103 117 64 75 43 14 85 14 85 90 20 
78 38 75 78 104 87 95 118 54 21 5 44 103 97 45 116 16 66 48 25 5 39 100 38 72 99 88 41 94 118 119 106 15 7 89 34 47 117 116 8 30 76 31 
95 54 116 64 83 10 33 58 99 28 80 4 61 103 37 92 7 96 99 8 3 47 80 23 23 78 109 12 38 90 5 24 20 96 44 60 30 114 4 17 43 70 84 
34 66 93 3 5 70 49 117 104 4 104 98 28 9 30 62 54 20 54 31 101 1 65 18 24 1 8 92 100 2 71 17 58 12 109 45 53 25 46 64 66 112 35 
105 5 17 77 91 27 69 40 92 116 18 17 4 8 64 9 47 42 112 42 11 66 69 10 46 15 25 14 61 76 41 77 28 38 75 104 52 22 27 114 92 73 1 
13 98 102 58 120 86 44 48 62 103 111 61 94 14 66 119 115 30 33 90 22 73 3 81 75 115 106 120 91 84 49 90 39 65 91 104 20 49 84 58 7 116 48 
26 110 63 111 14 58 37 27 92 17 85 4 49 93 88 93 63 97 12 13 5 10 51 49 8 78 67 104 11 76 101 98 41 93 14 14 8 60 96 81 73 98 104 
117 33 116 39 66 73 10 96 109 38 55 45 54 42 5 26 30 31 13 51 53 57 23 42 92 30 97 114 32 63 86 10 19 26 101 8 120 80 112 99 46 12 23 
75 58 60 87 84 62 27 103 115 25 17 116 38 67 39 28 55 78 115 7 8 57 10 72 72 87 48 73 49 111 16 97 55 120 30 25 79 110 45 78 39 38 83 
85 90 95 11 24 98 5 50 46 8 98 50 67 74 80 8 47 35 49 62 16 91 91 95 90 101 73 96 2 32 99 104 16 20 73 35 107 27 11 64 6 107 72 
100 85 36 60 91 78 120 7 93 101 120 89 8 41 115 23 54 83 16 69 78 40 42 39 48 105 108 22 48 73 18 66 47 54 33 75 49 112 89 84 27 120 28 
50 64 116 74 57 46 85 75 115 102 91 119 30 61 81 51 8 96 117 98 73 117 11 95 74 104 82 55 24 65 43 117 50 74 87 89 102 20 86 99 107 51 108 
31 45 89 75 51 88 29 114 40 31 17 19 63 62 46 102 77 83 43 14 93 101 25 4 32 53 79 6 79 99 40 106 2 39 62 112 55 117 108 68 75 88 62 
97 105 106 106 95 77 119 37 45 7 38 57 2 29 71 84 10 44 87 24 49 102 96 98 110 72 70 74 118 3 67 18 92 33 62 114 85 90 91 28 70 63 35 
16 108 26 36 88 72 59 57 76 85 120 36 66 69 105 86 61 12 97 77 49 81 87 115 112 99 57 10 115 94 81 25 10 117 5 19 87 109 35 113 43 50 37 
38 16 79 56 87 98 114 88 120 7 78 33 42 42 26 18 40 118 33 96 74 11 59 6 97 55 49 57 56 41 72 35 114 65 116 78 86 83 100 5 87 49 91 
115 112 110 53 98 107 58 37 1 92 101 76 60 51 59 84 27 111 43 94 116 86 85 111 76 103 108 37 117 107 80 35 50 11 85 50 23 87 33 19 49 74 120 
51 80 26 119 98 21 51 6 69 37 30 105 120 87 92 6 43 8 119 105 108 42 36 66 70 93 87 117 113 22 80 31 89 98 40 118 65 40 23 34 46 61 47 
7 95 89 44 30 12 80 103 79 95 83 111 69 27 55 45 119 80 120 101 78 3 66 12 36 40 58 65 114 62 17 70 41 17 9 68 35 87 64 2 62 117 100 
74 44 33 38 32 100 22 53 111 71 3 90 13 60 6 92 13 71 83 57 79 87 8 55 66 100 81 29 7 6 21 97 96 87 47 82 115 24 58 46 26 86 6 
72 32 119 46 73 43 49 117 42 27 42 63 82 13 96 11 115 25 114 100 100 33 74 107 110 81 6 88 9 72 51 4 108 35 96 46 88 102 20 59 107 92 118 
90 30 10 2 108 119 91 110 13 79 93 80 71 83 23 92 29 9 26 50 58 96 71 47 108 91 83 116 102 44 69 109 44 36 39 87 109 55 10 99 37 62 32 
79 55 43 5 52 44 119 63 80 79 66 70 109 105 46 88 8 15 11 15 110 91 108 82 90 45 95 109 47 33 61 59 42 111 12 53 98 105 118 92 11 110 112 
72 46 118 109 78 110 16 77 20 30 103 57 5 20 5 10 52 30 13 76 12 39 118 103 107 7 81 7 49 105 97 15 39 77 67 45 50 107 25 20 5 5 36 
