43
99 68 90 90 118 95 91 81 18 105 95 108 84 90 57 22 2 104 102 48 119 105 16 62 50 21 103 51 34 73 44 33 116 113 68 59 72 35 64 41 77 38 71 
80 67 100 72 107 33 2 116 36 85 64 18 75 83 50 97 21 87 67 107 95 37 33 51 73 55 47 21 27 1 83 3 98 4 47 42 7 68 34 60 111 42 98 
54 118 24 39 54 48 116 101 100 61 94 99 71 83 81 77 20 91 87 66 90 28 41 29 80 90 23 114 13 116 116 43 31 85 38 60 9 95 19 112 76 95 67 
47 118 68 36 87 73 78 77 109 23 84 38 84 104 50 93 39 78 52 7 59 12 108 12 24 82 112 53 83 60 119 108 85 105 81 44 1 109 72 41 46 15 107 
94 64 48 36 35 91 63 49 87 34 65 59 13 29 71 114 44 45 93 18 105 112 1 5 40 114 119 84 80 99 8 49 50 20 37 18 60 50 96 35 45 32 8 
53 91 44 65 102 23 98 22 111 105 26 49 16 87 22 82 82 79 26 20 99 7 97 30 106 49 66 24 27 16 75 79 76 47 25 22 14 8 44 50 18 30 108 
55 59 48 3 10 3 79 11 116 72 85 6 60 3 94 8 65 7 114 6 108 47 102 56 18 54 28 30 89 85 16 35 115 93 1 93 57 18 84 41 120 37 59 
74 75 63 11 42 1 33 93 1 33 20 13 60 28 107 118 65 73 21 18 44 96 105 103 77 85 5 55 24 96 71 20 40 11 104 73 47 97 25 63 80 49 31 
12 87 119 92 91 51 37 100 54 47 63 79 86 7 92 53 24 22 107 31 30 46 94 12 78 23 19 18 25 49 53 106 54 63 101 87 9 113 83 62 118 49 29 
60 29 36 44 9 30 13 67 22 81 104 66 83 115 87 29 94 70 56 36 31 15 93 44 119 101 39 114 39 89 76 60 1 86 41 83 21 61 14 101 116 14 93 
24 47 20 28 21 63 90 53 6 54 84 48 117 118 114 15 108 33 98 42 99 88 117 58 70 53 104 119 60 61 6 73 30 96 100 1 46 4 16 59 113 35 51 
5 94 66 23 61 48 83 19 70 71 60 1 39 116 58 48 64 85 42 93 23 101 75 46 70 31 6 94 103 85 58 105 83 59 56 39 26 19 69 79 51 81 1 
60 57 94 29 71 31 47 108 1 106 7 118 16 115 79 44 108 107 16 108 8 55 92 9 3 32 110 94 98 29 68 43 39 8 119 106 65 100 58 9 19 1 70 
80 4 31 105 31 91 79 116 76 76 82 73 100 82 80 9 79 20 115 71 94 2 46 102 109 72 36 85 40 117 66 10 77 34 78 3 64 119 103 39 48 95 99 
37 35 78 48 36 10 72 94 107 35 19 90 90 38 78 78 104 35 113 104 108 101 1 17 27 36 109 99 27 98 91 4 108 95 53 102 60 111 112 111 67 93 17 
54 65 12 13 64 29 33 2 2 100 96 17 42 65 28 97 42 13 38 7 61 86 33 78 116 81 96 31 58 15 34 60 25 87 107 21 57 67 72 42 29 1 74 
12 46 26 97 31 86 109 58 103 34 63 96 18 115 81 112 96 48 29 71 103 94 82 49 37 52 3 43 1 58 67 16 39 22 16 77 9 54 21 54 19 101 35 
53 95 48 1 109 18 63 31 2 98 42 97 113 60 79 68 103 24 1 24 108 55 71 76 53 114 57 105 17 30 66 63 50 105 112 25 62 62 35 105 65 29 119 
79 17 23 75 81 23 14 6 43 114 13 61 20 13 105 36 17 80 99 18 99 59 54 63 33 114 66 26 107 64 118 19 47 68 43 62 8 84 21 98 27 59 65 
69 24 116 31 18 114 67 74 13 56 47 36 5 73 89 54 46 72 51 77 117 87 38 51 110 95 67 26 99 45 4 59 54 15 26 95 42 51 108 77 28 56 87 
93 17 5 117 84 64 91 108 53 103 21 24 4 113 55 62 8 7 106 21 77 82 38 74 21 99 31 88 58 40 15 46 58 60 111 113 97 24 70 70 8 104 93 
86 106 100 78 23 31 81 42 25 67 94 36 55 77 81 50 32 112 53 33 90 81 11 65 9 63 44 63 115 6 53 44 102 67 11 47 68 108 104 70 9 74 23 
50 15 108 81 110 58 33 59 96 109 10 94 55 108 66 24 69 45 108 99 107 18 91 14 52 40 107 56 66 13 34 75 87 3 3 101 83 64 102 19 80 70 50 
61 31 60 32 79 25 87 100 85 74 84 92 106 25 60 72 11 58 1 85 18 24 42 98 43 89 59 30 87 48 112 13 36 29 18 45 21 110 58 56 24 14 21 
65 63 113 19 51 22 116 28 85 14 107 92 101 46 11 12 27 39 97 83 94 67 8 37 89 3 101 116 98 30 101 94 70 5 118 43 66 19 8 24 75 30 70 
57 14 8 43 25 32 85 51 52 106 76 47 48 44 67 95 15 79 48 29 39 54 86 90 118 2 41 94 26 94 75 4 105 117 47 61 108 90 66 49 57 19 81 
115 82 6 23 28 4 60 73 84 34 110 26 47 81 86 64 61 16 38 64 80 97 68 37 55 12 95 14 35 68 45 25 88 94 90 65 19 115 24 118 53 36 89 
65 35 94 59 94 46 63 44 86 93 13 25 64 78 31 39 18 64 19 14 20 32 90 27 83 95 76 114 84 94 24 51 6 78 59 87 19 61 44 14 23 6 7 
103 71 77 89 53 64 9 2 114 44 11 32 112 91 29 53 81 102 23 116 101 78 107 22 22 96 63 113 99 43 12 18 120 95 64 83 46 69 80 13 74 95 80 
34 92 3 78 103 1 120 56 39 73 95 2 60 108 77 106 65 22 79 76 73 76 7 49 105 54 88 60 74 7 95 43 14 73 104 16 15 40 71 109 51 110 53 
56 37 118 99 8 106 113 75 117 54 119 58 37 46 45 61 40 84 89 104 85 25 116 62 37 69 45 110 33 36 115 105 11 2 39 38 107 21 89 68 9 39 54 
81 102 113 40 27 90 48 11 98 89 21 49 120 8 46 58 57 120 80 74 37 38 6 55 70 84 7 112 97 83 89 45 51 30 107 80 54 103 96 17 31 112 90 
4 40 44 120 49 13 90 120 25 29 80 105 43 70 19 54 101 47 2 70 43 53 64 86 67 69 46 93 80 21 54 65 106 5 48 81 62 6 84 39 2 17 53 
88 27 29 77 44 109 49 98 102 75 20 2 9 82 73 45 28 104 106 23 96 117 37 18 99 78 36 25 77 43 111 90 72 49 11 51 49 60 104 34 1 14 46 
94 116 47 119 85 79 20 20 97 48 5 20 43 33 14 12 8 102 77 78 36 64 115 70 103 10 43 120 102 12 27 59 3 30 114 105 115 118 72 78 98 63 51 
95 93 109 45 120 63 5 28 101 87 5 43 68 93 104 104 93 33 70 94 10 63 49 49 85 53 109 111 110 37 87 34 44 33 44 33 95 119 4 106 11 98 29 
115 58 102 39 100 68 104 95 71 40 114 29 52 84 35 20 7 102 75 48 73 52 9 5 25 68 115 72 7 21 5 53 77 2 88 68 6 118 84 66 115 46 91 
32 64 56 109 15 108 57 48 96 75 94 27 40 32 19 80 66 100 92 40 75 38 108 24 32 36 83 54 27 83 10 12 80 83 28 18 118 71 83 84 118 53 105 
118 56 56 73 14 25 57 58 21 23 6 38 51 48 17 74 76 85 22 18 15 79 100 78 40 29 47 44 95 60 98 42 99 53 48 1 25 104 47 100 6 19 51 
119 1 110 5 41 62 110 24 83 120 4 46 35 17 105 61 116 66 32 40 62 28 31 105 33 79 4 98 105 15 24 27 79 32 21 78 99 103 12 41 10 54 17 
118 105 103 82 17 93 19 60 11 95 70 30 108 80 56 50 37 9 71 19 47 71 36 113 52 94 119 42 75 60 30 63 53 69 49 67 41 115 83 69 80 101 98 
107 50 55 111 75 58 74 70 111 21 95 27 42 24 105 110 109 67 83 58 64 67 102 25 93 10 117 13 101 55 81 15 36 58 17 48 3 86 120 94 70 22 51 
55 34 58 117 16 41 103 37 23 79 42 114 25 42 64 7 29 42 63 120 116 5 95 99 118 13 120 115 100 86 41 46 62 42 84 41 84 107 55 70 120 31 32 
