46
21 37 50 23 15 18 78 52 40 104 73 31 108 42 43 86 93 95 57 108 108 8 73 92 53 27 101 2 61 56 31 72 65 71 98 85 106 82 114 3 14 29 40 39 57 64 
8 90 12 69 19 37 23 120 99 30 51 77 38 85 46 68 74 47 97 111 104 12 88 26 11 84 80 48 78 109 75 97 37 25 80 86 63 104 98 101 25 98 59 39 52 37 
48 71 27 76 12 75 88 67 110 119 14 92 79 6 20 19 53 40 91 7 55 57 60 67 114 105 117 79 77 113 65 96 42 116 70 61 77 49 105 114 95 104 23 101 12 70 
25 47 88 50 94 28 29 75 17 63 25 109 67 41 106 26 105 1 47 70 23 97 27 40 42 71 119 41 74 119 54 73 49 101 7 57 60 34 112 30 49 55 81 29 102 6 
29 59 79 44 84 24 46 8 76 105 101 105 66 73 66 71 98 112 8 12 32 90 94 17 103 31 110 6 71 64 38 4 51 95 101 115 39 104 82 13 72 83 5 30 26 50 
120 92 91 106 14 94 72 3 16 41 115 33 71 4 93 24 107 113 84 56 21 40 104 72 112 14 17 29 36 13 28 65 47 102 17 83 65 5 18 10 74 114 19 38 106 20 
67 23 37 78 104 94 68 26 25 35 90 67 82 69 33 26 66 34 115 119 18 97 68 114 115 42 90 20 20 65 1 94 72 53 94 103 118 60 89 8 55 106 19 83 45 38 
44 104 16 61 30 22 74 1 69 42 80 106 42 106 55 29 34 116 74 71 28 47 110 67 117 58 69 112 104 96 63 60 25 116 54 38 11 64 97 116 23 73 109 69 85 20 
31 22 52 91 113 1 22 84 96 84 7 89 19 7 90 31 37 20 62 41 13 73 107 71 47 94 43 28 80 20 98 24 105 89 113 93 81 14 40 86 81 120 11 71 54 71 
2 54 26 109 85 21 88 38 44 55 16 113 10 98 33 84 94 17 65 79 102 119 51 88 90 103 2 20 8 35 56 22 2 106 87 94 23 73 39 78 63 80 92 24 105 81 
99 52 118 27 73 81 18 109 94 48 3 80 74 83 91 81 19 107 20 99 58 82 17 60 100 44 16 54 61 90 108 86 60 11 115 62 19 65 11 33 10 105 67 95 83 35 
85 116 91 8 111 60 105 66 62 71 53 38 30 1 29 12 84 17 87 91 90 76 17 88 76 38 95 97 31 54 113 96 41 119 70 13 48 97 60 79 60 87 27 1 108 94 
52 56 41 100 66 35 1 1 41 68 59 36 6 89 22 98 72 5 91 26 19 34 24 74 93 94 87 88 77 98 1 82 52 13 80 115 38 4 32 105 70 95 76 5 84 35 
104 113 73 27 112 18 100 62 51 100 90 73 106 98 115 112 39 3 93 103 41 11 22 40 54 74 15 101 14 108 42 22 40 22 57 111 95 119 76 42 81 50 55 66 39 20 
17 10 118 118 105 7 42 49 94 59 24 10 37 100 84 71 56 106 9 33 29 1 107 42 30 14 81 118 21 39 30 99 93 54 74 106 42 23 60 49 18 93 83 33 27 117 
13 20 6 83 45 70 59 20 103 41 18 58 93 58 12 11 64 113 118 28 46 84 98 115 24 38 19 64 104 89 98 11 66 65 15 37 23 58 59 113 78 42 99 82 21 60 
67 98 67 42 65 7 49 111 15 72 78 81 71 85 14 44 45 82 40 33 44 64 3 27 24 58 104 60 45 20 18 48 55 89 26 94 112 37 13 63 78 58 39 59 100 60 
114 2 45 83 103 66 71 2 84 82 90 114 6 94 26 65 14 22 20 75 102 112 94 16 24 48 35 59 66 89 14 14 39 11 87 114 52 42 59 67 21 55 54 59 85 95 
63 107 113 119 99 80 61 24 5 116 29 110 58 33 70 83 4 76 70 111 97 34 84 59 90 24 53 26 38 18 112 118 70 103 16 82 107 34 51 42 6 74 39 9 106 84 
57 22 12 22 8 116 15 40 103 23 38 57 109 72 4 22 116 90 114 104 40 119 37 46 112 8 86 37 104 96 96 35 17 68 41 54 33 70 92 120 119 12 69 104 66 76 
41 83 110 27 86 32 37 25 101 30 94 44 119 84 53 86 48 31 111 11 39 119 22 88 86 103 97 49 39 29 16 112 26 97 10 113 21 44 105 38 39 105 75 71 64 96 
32 59 73 10 43 120 26 38 103 38 44 90 98 50 95 107 64 24 102 95 107 115 23 66 10 2 47 12 88 72 82 48 2 80 54 1 88 20 21 21 80 74 67 68 66 97 
87 69 36 120 31 82 39 119 108 71 5 71 88 36 51 43 11 60 107 85 40 82 62 57 35 110 102 115 53 9 73 76 39 10 78 105 42 101 100 50 107 117 110 47 117 103 
32 82 110 51 27 58 101 23 82 109 104 44 12 78 40 116 85 26 115 90 75 64 87 110 48 97 79 111 96 44 21 116 101 100 33 1 99 79 102 59 34 104 72 23 4 86 
24 66 115 44 77 98 56 41 77 90 86 30 5 118 111 18 39 50 18 74 19 110 110 36 115 70 80 8 18 35 58 69 105 53 66 91 60 53 30 107 103 45 15 90 67 84 
56 77 114 105 72 43 62 22 82 74 19 9 78 60 84 5 52 94 51 29 42 96 110 55 88 58 93 17 26 83 99 45 46 97 48 4 59 60 44 2 39 119 108 50 6 118 
39 87 104 14 80 12 19 66 42 43 76 115 70 82 60 48 73 108 19 22 104 14 100 106 43 20 10 48 58 2 34 15 25 24 56 100 20 61 68 71 87 47 99 52 53 56 
63 44 55 83 45 95 115 100 32 48 66 76 85 18 11 39 49 7 34 89 84 116 59 56 74 91 1 111 87 30 112 56 110 17 96 17 18 75 11 45 31 6 72 77 52 118 
10 117 37 53 49 61 97 89 64 33 19 3 33 5 63 78 82 70 95 31 48 84 62 84 81 66 55 54 113 30 7 101 13 43 114 119 33 56 5 6 64 94 70 56 93 29 
105 91 3 119 21 1 86 79 53 13 15 47 40 110 41 111 38 42 5 20 15 109 40 2 38 62 109 112 101 105 104 51 59 78 112 99 112 43 53 6 4 40 59 97 77 57 
77 84 115 26 70 39 57 8 36 78 91 50 37 10 18 38 109 18 43 83 77 99 31 23 31 46 3 22 94 28 63 50 73 91 85 89 19 108 14 62 28 24 55 56 39 81 
96 88 87 34 95 58 100 117 106 120 59 51 5 39 115 5 56 60 39 96 98 62 10 57 57 39 85 12 1 54 4 98 89 73 85 110 89 81 31 97 87 47 93 75 8 16 
35 44 58 6 32 43 40 112 94 57 65 19 14 22 28 23 118 116 110 32 6 55 115 64 6 59 83 117 56 45 65 26 55 40 90 75 14 118 63 16 12 90 21 21 110 100 
28 69 56 33 32 24 23 4 34 46 50 92 45 27 91 34 120 85 13 75 30 112 97 11 13 27 105 105 2 27 37 28 68 97 30 90 63 96 80 70 69 58 27 107 97 10 
1 89 89 107 73 68 70 54 102 108 3 92 86 117 85 91 97 46 92 70 67 105 34 14 76 69 58 72 65 17 105 114 88 110 87 4 111 5 120 17 19 106 46 116 72 32 
109 80 110 115 32 31 53 55 35 23 62 28 1 64 42 36 22 52 12 50 20 105 103 34 90 109 103 89 3 120 28 84 45 103 49 100 98 24 30 41 20 81 82 118 26 22 
29 12 40 36 75 40 103 42 101 4 105 93 29 65 106 66 18 70 113 87 38 58 7 80 13 106 89 49 101 113 69 111 106 16 82 40 18 15 111 63 6 65 64 13 51 49 
105 25 61 79 60 38 31 93 81 81 36 88 108 100 106 49 107 114 115 30 93 11 50 8 75 40 115 24 108 23 42 17 42 9 104 27 95 69 44 50 95 109 87 30 42 100 
105 110 85 42 13 54 99 97 79 74 59 96 79 110 68 81 65 55 96 75 40 43 93 19 17 88 84 29 116 78 9 79 92 53 19 69 31 84 48 18 86 32 49 117 11 27 
35 79 41 6 1 6 44 114 120 15 97 115 13 29 42 111 70 112 99 44 113 2 96 39 42 18 54 19 72 16 97 109 86 32 110 79 89 58 72 116 90 76 73 54 101 80 
91 73 39 116 113 18 102 42 62 30 73 41 3 118 90 109 94 9 26 95 82 60 99 89 61 100 96 11 40 47 110 65 35 58 99 49 45 7 94 111 39 105 1 3 91 38 
91 55 16 77 24 7 48 39 41 27 68 80 75 55 88 92 97 39 111 99 47 38 32 105 120 98 62 10 114 96 29 40 81 106 15 101 57 81 5 67 66 17 105 92 52 112 
86 72 94 60 112 25 105 81 92 52 107 58 92 61 75 55 98 22 84 35 116 118 87 91 42 24 76 109 92 90 48 42 108 53 57 22 56 114 99 96 70 92 7 92 61 111 
68 52 5 18 14 20 109 84 100 13 72 29 16 38 29 24 54 8 29 55 116 87 40 49 43 20 18 19 54 20 7 76 106 68 74 13 105 23 24 89 85 108 75 54 63 59 
97 22 117 116 93 20 75 70 120 91 120 88 41 11 14 88 99 29 97 4 13 59 7 65 62 97 61 16 40 5 104 111 43 48 20 76 110 88 33 22 7 46 23 67 77 106 
60 61 76 32 89 43 51 46 96 61 49 115 98 111 87 47 82 56 65 105 111 88 74 92 107 82 69 110 54 118 4 3 42 107 108 9 79 26 99 67 58 107 81 118 54 33 
