46
80 89 16 67 6 73 49 26 110 15 25 106 104 68 12 47 110 94 12 119 117 29 6 10 110 48 45 79 4 37 94 70 52 11 78 92 81 48 51 53 28 48 113 50 82 72 
61 24 9 64 44 10 37 106 74 30 112 13 87 31 3 60 75 25 70 19 91 1 43 46 96 57 1 7 28 106 56 38 46 106 43 120 105 104 35 105 52 77 14 7 6 113 
87 13 32 35 107 120 78 26 82 68 59 12 51 108 41 39 106 20 40 61 90 4 18 73 9 102 105 22 46 46 107 9 7 44 111 88 1 28 21 96 79 116 63 47 117 20 
26 11 7 55 46 62 76 7 68 62 65 50 84 2 52 62 98 96 76 107 15 50 38 117 20 87 28 28 101 9 67 79 10 5 45 25 62 42 48 9 13 66 14 52 35 71 
116 111 47 74 45 106 113 40 23 34 80 96 92 67 1 89 96 120 24 61 68 112 107 20 56 3 41 57 8 58 94 79 85 108 96 52 14 29 81 101 33 43 10 99 31 94 
10 75 69 89 63 77 77 48 21 106 32 101 2 27 79 37 47 25 23 56 22 52 29 111 20 6 21 80 43 74 35 91 78 50 118 79 49 25 40 87 13 113 31 69 114 24 
23 42 78 54 98 49 97 55 57 5 120 96 93 74 71 66 31 102 97 82 11 36 94 75 89 73 10 89 15 89 60 56 56 54 63 28 67 71 68 24 86 43 80 77 107 117 
42 22 10 63 113 71 1 44 16 57 30 85 72 32 65 96 107 56 24 63 50 8 62 65 66 84 113 49 35 77 105 53 33 14 30 50 7 26 106 73 103 6 2 61 27 61 
49 28 82 68 80 107 110 31 119 77 24 94 63 57 100 33 21 44 109 56 107 24 118 62 6 115 120 97 51 62 31 83 85 106 101 80 87 92 83 99 16 119 87 51 90 13 
113 7 2 74 26 3 28 65 42 95 10 9 113 4 87 78 52 10 109 105 68 4 114 31 86 70 47 20 18 99 115 57 7 50 114 7 36 109 80 97 115 76 45 95 35 91 
19 31 27 28 92 119 74 103 59 105 18 115 6 54 48 101 22 105 82 74 17 35 21 50 30 113 48 6 4 10 93 107 43 42 27 89 91 110 92 31 110 66 3 7 85 25 
97 33 110 8 32 4 42 85 71 14 67 84 1 51 3 85 78 91 20 103 96 18 44 94 109 101 58 1 108 53 75 105 90 90 55 1 102 106 35 24 79 86 101 18 70 83 
107 63 84 45 42 92 52 72 68 109 45 44 72 28 94 96 95 29 46 24 114 30 1 97 72 103 18 35 104 81 1 21 115 51 104 110 104 70 9 82 108 18 91 7 18 84 
93 61 48 33 68 51 25 97 85 18 61 21 84 78 112 53 56 109 16 32 3 40 117 108 109 106 78 27 47 84 56 3 74 82 102 22 15 31 66 72 14 40 120 86 22 21 
20 95 71 57 111 99 39 93 93 36 104 91 81 33 120 15 59 103 48 22 34 84 41 4 35 84 46 50 30 119 10 109 86 29 111 11 103 10 67 63 61 27 38 53 115 42 
82 57 68 63 90 41 55 81 35 49 102 3 45 35 49 7 119 35 76 54 76 83 30 59 51 54 107 77 39 115 97 35 103 78 47 97 35 87 32 109 32 56 47 9 106 38 
27 20 116 26 79 69 44 75 81 117 77 71 112 43 87 24 16 11 32 61 70 67 68 118 119 120 9 108 100 2 117 12 67 47 8 29 75 99 8 90 91 11 34 14 72 87 
73 8 47 63 76 62 63 94 21 49 58 95 32 11 14 60 49 72 72 120 87 19 104 119 38 67 79 27 109 19 8 9 48 25 4 117 90 23 54 13 38 76 97 16 74 54 
59 47 83 83 85 83 99 109 74 28 79 64 78 79 66 24 5 109 61 63 81 118 46 23 120 71 42 120 69 75 115 104 79 97 24 34 41 35 30 18 62 107 81 59 32 107 
29 55 12 115 74 49 97 71 117 22 64 3 78 117 30 112 49 94 101 27 20 115 99 1 111 82 5 20 46 13 78 6 8 51 42 102 39 23 6 75 1 94 119 64 108 71 
119 84 16 86 112 21 17 13 119 53 19 48 41 40 113 11 3 82 91 74 25 66 68 7 72 36 118 34 58 33 88 89 15 75 101 107 109 63 87 59 9 17 114 31 110 8 
84 94 100 110 87 14 17 100 117 80 74 80 51 28 59 25 77 18 79 106 64 104 32 16 95 4 2 82 79 53 13 65 115 61 3 95 40 31 109 20 63 108 108 29 30 45 
94 80 57 58 103 100 6 50 64 99 75 68 69 38 28 76 1 72 56 14 11 24 112 29 44 26 112 66 55 3 37 79 38 83 80 79 4 75 82 105 49 80 108 28 42 96 
100 71 108 9 45 113 11 41 38 71 28 103 48 100 44 91 73 39 51 43 18 23 3 12 95 62 46 29 117 43 66 67 12 56 70 52 110 119 39 10 2 59 82 71 32 3 
101 111 37 7 7 57 61 15 91 102 56 80 99 102 31 75 2 108 7 71 17 2 116 29 99 83 86 100 17 43 117 92 11 62 32 104 48 56 36 44 12 5 19 14 47 66 
101 76 39 20 31 40 96 43 118 38 30 88 26 15 120 8 12 103 6 79 104 120 114 38 87 42 29 102 55 46 50 32 13 5 73 15 3 88 33 16 113 80 54 8 59 77 
94 43 5 89 67 90 51 104 12 49 39 78 9 110 21 60 99 62 90 38 98 22 96 63 107 109 48 46 42 43 67 77 78 33 7 89 33 76 63 102 78 107 47 94 10 32 
30 68 9 45 7 27 32 41 40 46 42 27 73 97 104 35 10 99 80 34 52 69 5 54 96 53 31 51 9 42 24 90 117 111 57 117 76 50 20 75 70 74 76 54 11 34 
118 19 118 85 3 100 80 34 38 93 49 5 64 87 15 73 9 12 19 8 90 36 73 51 2 111 88 58 60 22 108 84 35 38 14 55 12 114 43 69 55 37 71 85 21 40 
15 2 64 112 49 65 89 47 41 85 83 14 6 7 1 2 44 20 13 93 96 24 50 60 81 69 77 80 70 77 105 85 49 68 30 19 47 103 27 99 52 94 74 4 11 9 
9 11 31 54 33 39 8 28 119 72 13 83 10 97 99 66 18 57 91 38 66 15 52 49 5 60 71 27 79 69 38 68 77 1 29 57 75 33 48 66 40 52 73 66 7 25 
8 5 106 15 37 38 32 111 66 25 43 112 89 26 28 69 94 1 104 35 29 98 63 74 34 85 16 110 119 76 60 86 63 74 21 114 46 30 108 27 33 92 11 19 35 64 
18 114 9 60 61 113 27 115 34 1 76 50 117 27 104 1 12 6 26 42 104 84 66 45 108 64 40 74 70 36 34 17 27 94 33 31 98 37 55 120 71 101 84 94 46 29 
72 117 19 80 29 119 4 113 46 94 10 54 38 95 106 7 71 42 13 4 120 77 50 37 113 19 112 62 70 64 88 44 113 32 79 43 39 7 96 10 108 71 106 40 66 72 
51 24 76 41 61 44 98 104 31 32 47 7 40 116 111 77 100 13 119 94 98 90 112 96 36 96 45 99 96 2 35 58 110 109 46 70 78 76 45 108 46 17 55 41 7 32 
90 76 48 118 79 39 65 26 39 15 104 105 45 24 120 107 36 85 120 15 103 118 23 28 108 115 96 4 14 49 101 28 102 28 107 100 82 75 113 93 23 90 109 48 112 30 
84 74 1 67 85 98 42 18 66 98 65 56 19 77 65 52 87 103 104 70 70 2 80 70 23 85 72 45 47 97 95 53 74 8 53 52 40 28 113 98 88 86 27 86 92 92 
64 83 95 93 11 98 54 71 82 43 3 114 41 76 67 26 98 69 21 49 78 14 109 98 5 11 47 112 38 58 25 41 11 9 46 66 69 90 73 115 53 86 79 101 86 11 
68 39 68 28 70 91 99 1 45 23 65 82 75 3 53 114 24 110 69 52 52 14 113 79 115 54 2 28 87 16 114 49 59 109 19 44 65 4 33 40 42 72 74 54 116 110 
113 11 94 5 91 120 74 113 42 83 5 61 100 115 46 115 107 56 46 47 118 57 107 105 91 13 96 48 117 115 100 25 79 78 94 98 110 111 3 116 79 27 105 113 16 33 
96 51 48 106 68 70 78 94 92 106 43 69 10 91 103 61 7 111 41 40 120 43 98 46 19 46 30 14 12 63 45 20 3 100 105 11 14 38 63 95 118 82 93 43 77 13 
89 37 7 39 28 104 114 16 60 30 52 6 73 56 74 49 75 111 118 119 11 26 33 75 78 64 3 64 42 115 45 15 112 70 46 89 99 62 21 94 4 34 68 112 85 97 
55 5 7 12 12 99 25 56 31 75 63 53 119 77 36 56 119 32 120 58 112 1 51 54 104 59 11 31 95 95 77 60 32 6 55 70 2 95 31 112 40 2 73 115 67 44 
115 74 18 73 72 64 30 70 88 118 42 93 33 119 35 105 16 91 67 112 46 58 48 116 110 62 100 52 99 24 11 9 17 11 62 102 102 62 103 97 118 117 31 35 4 114 
115 86 47 72 64 34 108 29 53 23 76 37 79 94 67 107 99 93 4 90 68 63 55 82 58 17 82 61 65 86 52 5 75 91 52 42 85 72 72 58 113 65 35 110 112 73 
48 106 7 89 52 98 53 82 113 29 119 89 91 104 22 64 8 65 59 21 110 81 58 4 87 29 54 117 3 101 60 62 75 16 93 33 115 48 104 6 47 81 91 110 36 75 
