49
56 63 9 45 83 14 81 28 10 70 12 91 44 4 5 119 92 32 105 111 108 114 21 62 65 39 107 67 6 33 110 100 117 94 60 22 62 3 16 22 57 85 87 40 118 46 62 83 1 
23 21 92 13 18 84 86 23 110 46 117 32 86 79 56 103 7 83 32 81 3 32 69 105 47 13 61 98 72 21 72 32 56 30 111 58 2 70 10 23 73 26 16 96 14 71 117 20 77 
55 62 79 104 3 72 65 10 42 100 93 77 50 42 10 107 114 85 57 84 107 43 105 68 94 103 108 43 63 94 90 47 36 88 106 28 110 80 73 25 95 45 9 31 19 103 105 101 10 
11 60 103 50 8 9 9 8 26 8 63 40 99 57 112 24 37 71 109 37 21 109 109 112 13 25 6 69 76 100 24 32 103 27 107 18 45 44 83 104 79 5 69 52 39 87 62 108 24 
78 103 53 107 34 75 42 113 99 103 33 43 85 120 37 57 62 76 53 63 35 46 32 34 108 46 72 17 103 79 108 14 92 67 72 105 75 68 3 58 33 66 53 34 20 51 49 82 39 
70 24 109 47 114 29 101 7 25 56 57 106 43 103 65 51 84 4 118 69 28 29 26 80 55 56 68 107 47 23 69 118 105 68 80 58 19 87 22 73 86 6 57 101 70 68 83 101 18 
36 49 52 15 102 62 63 29 66 91 71 118 102 98 87 9 81 64 43 10 26 38 17 20 2 75 71 39 119 109 32 11 26 80 39 53 114 42 36 7 115 77 62 8 30 99 116 17 37 
52 114 67 63 100 86 104 14 66 51 6 87 87 84 83 97 24 119 77 82 27 50 65 116 22 114 114 23 96 19 66 61 100 76 106 43 35 91 62 36 35 96 106 84 15 59 8 12 46 
69 7 95 112 88 47 37 93 72 98 102 94 41 33 3 94 5 67 113 65 4 18 5 35 80 24 51 88 117 40 26 90 43 6 12 39 66 109 107 75 90 75 30 99 3 13 50 118 102 
48 33 42 106 71 52 85 49 55 33 73 4 1 32 104 81 83 33 93 118 38 8 110 71 99 13 83 49 7 33 62 28 98 69 91 94 16 71 10 83 22 90 103 90 45 67 66 65 39 
112 11 12 107 50 9 56 15 49 105 96 56 35 61 2 84 106 99 118 68 10 68 60 76 91 41 85 57 68 13 22 33 8 102 94 16 25 4 92 80 118 115 118 14 109 71 116 90 10 
59 116 90 110 31 74 112 66 50 75 97 74 42 51 7 112 89 110 27 44 95 110 36 101 5 43 82 101 42 118 8 23 57 113 45 117 12 60 108 51 114 69 43 15 6 106 105 95 63 
47 47 3 7 29 117 39 76 42 107 52 1 12 110 103 18 80 89 119 10 12 102 30 65 53 29 97 59 72 114 96 52 21 5 59 118 15 58 32 59 49 85 40 69 21 71 76 35 83 
11 81 22 25 111 26 102 54 16 78 71 6 20 13 57 83 93 23 35 19 92 39 12 36 50 95 25 55 72 34 42 76 68 3 28 66 111 1 102 22 23 116 57 66 79 3 29 18 25 
13 19 11 25 119 14 15 46 80 71 73 60 56 86 80 118 47 5 59 81 45 47 55 102 76 48 12 107 89 36 38 28 29 34 62 82 37 120 65 29 9 112 12 70 63 115 13 46 20 
36 27 107 40 92 81 22 18 49 76 25 83 83 65 107 6 67 75 6 112 22 8 82 25 99 112 23 44 11 91 32 95 77 92 38 94 63 52 56 118 95 67 65 17 50 80 71 80 87 
118 86 8 112 84 88 30 88 65 91 115 18 10 112 93 87 47 14 105 89 42 16 12 73 37 117 115 110 39 23 15 43 24 112 67 35 19 77 118 46 59 110 5 115 54 107 117 104 34 
37 79 28 115 58 21 36 115 27 66 105 54 95 61 108 65 12 1 54 15 37 116 2 81 76 89 95 4 37 12 113 90 53 80 103 80 60 91 67 114 116 86 36 53 79 20 38 103 110 
39 83 95 63 86 37 93 55 8 40 38 104 49 65 19 61 116 24 27 103 41 76 95 8 102 95 82 96 20 96 60 14 113 95 54 23 100 56 57 34 25 36 82 27 15 8 108 87 35 
9 70 11 83 96 49 68 13 5 32 68 72 18 109 5 113 51 75 114 75 35 38 1 67 50 93 43 65 113 95 74 16 91 31 39 21 102 31 34 71 39 69 44 47 2 20 3 5 43 
6 44 47 49 112 102 91 63 114 34 6 5 109 33 96 8 97 62 78 18 95 59 76 42 8 110 19 107 86 37 100 1 8 109 88 2 14 97 51 18 22 59 60 73 107 118 95 99 94 
22 26 12 70 85 66 110 8 17 41 112 113 52 51 33 42 14 43 116 45 104 48 22 110 104 27 103 36 27 77 29 36 14 2 71 10 86 48 41 60 57 82 53 19 76 113 80 53 47 
117 29 62 103 88 117 116 75 39 25 71 17 93 99 24 28 68 23 109 83 52 91 16 36 80 100 67 33 107 49 70 9 35 102 91 53 4 50 42 49 62 46 120 86 55 19 63 90 45 
107 114 13 54 102 106 17 38 42 110 105 73 80 73 116 63 79 70 65 31 93 76 57 12 6 64 107 27 67 93 4 45 53 17 95 117 71 69 32 113 61 27 46 79 77 24 5 113 31 
120 96 108 54 102 57 22 68 22 46 101 23 26 30 100 39 108 3 63 28 36 31 87 49 40 97 5 13 110 62 63 114 101 84 50 8 87 96 74 89 45 47 66 117 46 28 99 84 56 
27 40 53 81 28 64 106 54 109 24 28 100 14 79 4 82 23 98 31 38 50 35 110 54 37 40 96 6 91 93 40 44 105 81 116 60 47 72 113 108 26 19 66 110 65 93 116 109 74 
64 103 16 32 53 96 89 86 114 15 105 48 12 61 74 38 100 41 115 87 31 73 29 110 81 31 105 117 65 86 27 100 101 33 40 10 15 27 35 53 15 67 66 99 73 71 48 41 112 
106 115 59 26 42 109 36 93 103 118 20 83 41 45 120 44 28 38 104 27 93 45 11 17 26 18 6 65 77 53 79 33 1 117 12 10 81 25 71 52 107 55 90 39 30 32 112 23 19 
31 39 34 32 75 98 81 38 86 83 46 21 114 78 45 12 1 31 43 47 78 38 30 92 94 95 68 8 3 98 96 69 21 47 8 37 17 84 35 59 62 90 113 70 78 110 42 19 46 
35 57 86 39 120 74 3 71 15 34 29 92 85 119 73 104 76 107 29 68 88 18 111 24 103 104 50 98 85 108 47 60 120 93 13 12 58 109 43 52 11 29 115 18 91 107 76 41 15 
35 116 43 20 13 9 8 120 92 20 18 50 24 16 37 37 59 30 108 4 64 9 12 8 64 105 18 32 29 45 3 70 62 104 17 67 77 18 86 51 53 63 4 45 86 26 15 48 116 
21 13 80 103 116 89 53 112 4 103 91 66 78 67 119 85 91 8 94 86 34 5 85 22 43 116 28 59 57 74 81 78 81 22 72 19 29 57 56 73 39 56 25 114 22 15 11 17 10 
16 24 83 107 14 90 13 117 10 104 65 112 23 72 32 74 26 28 35 99 53 79 66 60 104 108 102 8 104 83 36 20 64 76 1 16 106 12 24 32 27 87 72 110 39 112 58 111 8 
19 114 117 39 64 16 96 78 13 89 15 111 2 104 111 81 52 107 95 85 71 76 70 38 112 16 80 22 80 81 69 76 102 111 106 10 91 47 86 105 28 65 46 40 62 14 51 65 14 
100 91 120 95 97 4 98 63 48 9 68 67 7 86 21 103 45 80 69 89 40 15 24 46 104 63 52 55 118 17 60 65 55 90 103 98 91 32 78 37 99 97 6 35 25 3 31 115 61 
108 63 17 111 64 76 24 23 88 20 10 68 72 82 19 9 64 99 8 45 108 22 57 100 94 85 120 27 8 48 116 113 32 12 111 108 87 79 58 14 91 74 4 55 26 120 79 8 60 
75 62 23 38 9 98 78 95 120 65 81 2 90 21 52 118 44 115 54 118 18 102 113 1 49 77 23 114 45 32 74 91 2 111 68 67 52 49 38 108 108 106 68 99 3 50 116 112 79 
34 27 12 106 63 102 84 87 58 90 18 67 35 66 39 94 28 7 23 52 20 47 98 16 86 49 43 101 95 91 58 114 58 85 42 77 44 99 82 51 101 72 89 104 21 82 112 13 117 
85 14 56 88 73 63 8 80 80 38 98 38 74 66 9 60 73 77 41 90 56 79 86 21 25 67 110 8 68 22 52 107 34 119 78 55 71 28 37 57 26 42 80 31 36 60 108 12 44 
94 6 98 101 81 111 13 19 25 82 114 41 39 113 115 4 90 36 58 100 50 92 102 15 23 60 13 68 85 13 35 12 17 112 118 97 42 19 53 63 88 31 19 50 57 67 66 67 66 
94 84 92 106 28 111 110 86 1 71 16 17 98 3 85 98 104 83 36 22 2 106 92 73 68 14 101 65 9 1 113 81 39 2 51 50 115 118 73 62 52 14 59 43 33 56 30 105 41 
36 58 107 110 104 25 101 86 11 51 118 18 29 37 62 28 78 11 23 28 60 55 105 52 75 73 118 35 110 108 50 111 63 30 54 21 83 71 36 102 100 13 14 55 44 20 31 92 34 
64 65 95 25 84 4 46 64 83 100 17 119 41 105 21 81 113 45 69 3 78 68 64 109 51 102 111 33 34 22 116 26 66 92 1 91 104 69 90 103 1 113 30 83 112 38 70 24 81 
93 54 116 35 18 17 88 21 106 54 108 56 15 4 2 84 92 46 56 55 109 4 5 11 16 52 38 50 107 105 12 37 105 41 5 48 64 23 17 107 35 120 114 119 18 89 59 15 80 
17 102 75 77 47 4 86 81 51 46 25 35 54 105 107 114 53 30 78 48 112 5 25 6 47 63 54 26 46 113 119 77 30 5 21 70 67 37 41 8 69 47 111 1 6 24 120 56 96 
70 103 23 34 93 77 59 112 40 44 5 112 117 25 78 43 110 39 87 45 112 71 25 60 63 36 34 11 14 115 81 1 90 32 48 1 114 57 22 118 63 82 103 76 110 117 92 12 10 
59 21 99 43 7 40 28 53 84 17 75 39 4 31 114 80 95 25 48 5 83 95 94 75 115 53 117 33 83 32 103 112 3 94 93 61 62 92 44 109 73 2 41 78 21 82 88 83 111 
8 87 116 31 29 96 38 60 10 88 96 104 30 119 93 12 90 100 34 19 2 91 23 80 55 24 94 107 39 25 57 88 66 71 12 10 114 70 102 21 57 75 87 7 39 66 108 76 4 
18 111 31 4 12 107 20 8 49 31 14 72 51 58 24 68 94 85 87 31 33 4 57 100 2 41 59 82 44 30 29 83 11 13 72 22 61 67 104 25 108 28 103 7 90 39 11 34 120 
