49
13 78 11 4 78 5 38 24 25 115 66 102 49 7 67 8 119 97 8 3 60 17 62 112 69 87 40 68 109 44 53 74 69 79 92 58 50 2 82 62 98 33 60 99 93 108 8 93 84 
26 114 84 75 54 15 117 28 69 101 2 52 40 66 8 69 30 4 19 104 61 10 42 33 22 117 62 57 93 27 86 92 62 103 70 92 54 62 9 71 114 77 95 74 55 4 79 10 79 
84 99 45 1 91 120 22 109 4 85 105 84 13 22 62 97 66 56 45 13 120 62 81 83 87 105 32 37 27 97 71 66 101 41 72 19 37 74 38 118 86 12 98 84 12 24 59 81 102 
12 12 73 90 89 119 19 74 102 15 87 19 15 43 112 72 10 99 45 30 50 120 55 18 64 16 1 74 3 113 102 45 74 43 19 109 70 35 105 9 84 43 87 105 59 8 76 118 99 
120 69 97 28 92 114 18 11 5 27 111 34 59 44 33 88 14 38 52 69 28 103 108 29 50 52 15 50 109 48 75 73 10 39 25 118 118 115 10 68 51 99 2 54 5 58 88 4 66 
42 24 26 76 104 27 48 69 65 70 63 101 70 74 105 113 104 103 26 20 95 63 51 84 48 48 53 8 58 56 105 44 114 37 46 57 26 102 37 58 41 21 118 94 43 6 77 63 24 
91 42 32 25 67 20 90 59 13 113 100 3 13 46 110 12 103 35 116 60 38 83 52 72 5 63 79 14 57 39 32 119 24 41 8 91 47 61 27 36 57 68 104 107 57 25 84 48 86 
53 2 103 93 41 50 6 37 2 15 48 92 65 50 83 6 111 45 19 104 54 37 53 28 40 49 117 60 112 31 59 98 18 7 61 69 39 4 71 69 51 16 38 92 83 112 116 26 102 
28 30 105 9 92 6 4 108 12 97 17 104 32 115 18 63 100 60 105 91 34 77 120 21 46 61 68 53 35 114 50 50 98 102 100 97 104 16 68 55 4 120 100 112 48 34 119 63 9 
105 110 47 86 53 27 72 5 4 6 1 27 96 72 119 37 11 70 73 48 108 20 79 37 31 20 17 82 111 21 63 72 114 98 102 82 93 76 4 93 100 39 8 15 95 42 97 40 109 
106 87 96 22 21 92 50 88 48 93 68 48 112 1 51 51 93 87 81 27 86 62 1 109 74 35 37 114 108 81 112 94 79 45 104 59 60 5 5 54 100 104 23 36 102 29 46 14 67 
106 9 66 71 46 63 86 65 99 103 114 113 40 49 74 113 34 12 71 53 7 110 113 114 109 111 60 120 40 91 118 70 60 4 103 69 13 80 8 5 94 26 33 36 37 8 69 48 49 
51 63 66 45 1 56 113 94 93 25 58 2 45 74 45 117 34 80 2 26 5 100 8 46 84 32 103 65 91 8 25 41 120 52 56 43 116 102 93 28 119 48 109 80 26 76 97 1 74 
117 79 98 32 20 11 84 46 58 58 103 16 32 67 104 71 42 58 31 17 13 55 73 76 96 78 64 30 36 95 63 97 13 62 14 105 45 62 18 23 17 114 120 26 62 85 38 89 22 
104 9 98 3 10 32 56 74 112 78 4 88 44 25 119 46 12 107 20 112 109 81 25 91 24 47 108 59 76 42 13 95 97 59 23 51 19 117 106 68 109 60 94 88 43 94 44 81 38 
49 32 83 16 120 62 61 2 27 61 86 105 68 3 120 104 50 102 7 108 6 84 84 12 52 72 70 109 29 9 43 89 13 34 86 11 6 88 25 94 28 108 55 14 50 39 64 99 51 
12 76 30 56 60 23 4 105 45 97 33 104 112 116 3 65 53 50 38 107 115 27 90 100 95 98 11 72 17 10 54 75 75 105 25 15 32 24 61 30 12 62 78 112 107 30 109 104 64 
81 119 95 17 1 2 25 83 71 6 59 5 104 94 80 21 34 105 42 115 83 118 30 74 40 21 22 85 13 119 5 37 72 85 67 50 112 88 109 102 26 39 14 112 66 38 107 39 105 
51 6 46 36 16 76 10 110 94 103 106 78 63 75 42 106 101 34 72 115 58 75 40 57 9 20 104 58 79 63 11 73 1 58 11 5 18 81 8 19 109 69 78 111 82 36 93 120 66 
43 38 49 5 36 47 25 10 58 13 41 77 103 115 95 100 44 60 95 93 103 14 71 82 20 22 82 34 83 26 11 107 57 103 96 28 80 94 48 52 119 5 27 113 91 8 94 12 89 
86 9 42 51 62 105 74 20 3 72 52 3 91 119 1 79 59 46 111 93 21 91 114 97 97 45 25 95 110 74 27 7 97 95 29 75 18 96 71 103 53 74 14 96 10 11 35 37 69 
68 20 92 57 82 44 22 51 31 22 55 33 75 25 114 15 44 98 63 106 14 60 64 2 46 30 91 55 85 113 117 17 78 92 20 64 15 93 8 106 103 19 39 94 6 61 10 92 103 
25 6 8 120 115 92 71 111 50 34 5 86 18 118 74 109 99 38 57 16 41 107 13 117 47 93 115 103 106 38 72 84 22 11 68 91 36 87 88 66 93 46 53 7 3 68 53 83 30 
98 15 103 105 81 50 71 98 36 78 59 34 75 84 15 66 35 89 103 41 98 41 43 7 110 15 30 80 75 105 91 48 89 120 44 110 108 79 43 100 119 13 4 1 66 103 102 73 37 
9 56 84 115 88 6 92 28 36 39 32 29 97 34 43 86 101 33 66 110 79 74 12 5 42 48 75 91 113 107 105 62 101 50 12 115 28 84 66 17 39 14 105 54 34 111 51 31 75 
9 116 28 8 73 18 61 76 120 64 13 11 18 96 56 83 95 69 33 19 25 117 120 48 88 8 24 110 59 54 91 29 29 107 26 102 111 54 114 3 47 35 59 15 44 30 30 29 42 
84 82 117 40 69 89 26 117 62 54 119 25 32 104 105 17 68 52 22 98 63 35 102 35 3 108 22 96 19 10 36 86 30 45 8 85 19 5 27 83 70 20 89 52 77 15 89 113 45 
67 62 21 56 35 72 52 110 120 57 31 22 109 25 57 23 63 49 18 17 11 27 16 89 51 29 40 4 49 2 55 50 31 52 23 103 35 65 57 73 40 96 3 81 37 93 5 82 1 
48 43 53 101 71 99 38 78 84 109 82 39 57 6 68 11 94 115 50 11 51 37 95 72 24 116 10 99 26 26 59 114 102 56 71 23 79 45 83 24 66 98 74 56 86 39 81 70 5 
114 9 75 40 28 99 1 17 9 26 87 77 52 17 111 16 89 42 55 103 10 70 52 20 74 18 89 72 108 30 108 52 72 115 1 83 107 43 3 26 48 67 41 42 111 26 45 65 27 
89 64 23 79 70 62 97 37 27 80 40 62 64 65 7 27 92 45 15 54 59 85 21 34 75 114 49 83 54 109 61 14 94 44 98 52 50 118 30 54 21 44 5 53 103 4 99 47 35 
39 40 115 75 72 54 117 116 45 113 12 55 119 13 80 50 10 13 39 72 69 113 3 60 29 13 64 78 109 44 70 62 77 104 61 82 48 117 17 104 42 41 59 48 101 2 99 12 4 
95 41 119 2 96 87 37 93 29 49 6 49 31 101 16 93 15 108 98 76 95 93 40 92 117 111 103 92 18 94 77 69 7 118 64 65 22 28 112 80 46 40 63 58 59 74 44 47 108 
104 100 15 55 73 120 114 12 24 99 14 102 74 6 52 108 110 65 108 80 62 30 23 8 101 108 90 58 39 89 116 31 34 53 88 85 32 101 37 14 51 21 25 41 5 48 40 118 65 
95 39 12 46 42 69 84 118 23 110 10 53 102 86 103 22 74 76 67 74 6 67 86 116 93 55 78 96 9 82 39 74 42 28 72 76 55 118 37 20 90 96 58 16 48 41 6 32 8 
24 28 64 34 70 65 58 92 49 111 1 72 79 44 85 120 14 15 29 83 50 65 33 92 87 59 19 39 102 42 108 71 48 70 34 51 78 54 66 51 36 20 52 31 55 116 42 47 106 
25 104 67 62 59 85 10 119 46 3 76 94 63 70 31 31 72 11 100 21 11 14 30 21 6 15 7 21 93 80 19 61 7 5 1 26 52 63 27 120 109 60 26 105 103 26 15 37 60 
64 33 10 91 77 86 112 15 89 62 83 115 43 100 13 66 76 38 100 83 71 116 68 107 90 79 87 71 97 93 21 71 104 102 58 96 60 51 22 108 115 17 119 24 39 91 6 78 54 
92 68 68 21 82 104 41 11 111 90 48 93 16 84 4 34 80 30 88 39 31 74 85 66 84 70 51 96 65 69 101 86 69 34 5 103 86 29 39 110 95 40 42 15 52 112 79 83 43 
45 20 99 57 47 118 84 103 42 78 42 104 37 106 81 99 79 24 64 59 115 55 58 79 7 76 86 111 20 86 79 68 5 101 62 107 117 40 90 59 95 73 48 39 76 115 62 36 47 
85 10 82 11 81 66 5 15 114 110 48 80 60 101 3 58 40 88 7 54 113 46 109 28 117 74 111 105 59 50 41 59 28 24 16 37 84 62 113 41 93 13 77 84 110 108 42 92 117 
20 55 35 21 53 88 54 113 96 117 49 36 20 41 63 38 82 78 51 37 9 15 70 87 119 65 6 14 29 116 113 22 83 11 1 2 19 111 70 45 93 44 93 54 93 112 119 44 96 
20 37 111 29 57 40 34 29 116 114 85 104 72 40 30 13 22 63 59 2 73 95 77 96 104 95 25 5 95 41 76 44 109 111 4 96 39 12 79 48 7 18 54 37 81 23 103 63 30 
32 35 23 64 80 120 110 114 101 53 24 2 74 60 120 26 110 35 55 32 49 105 27 57 77 96 116 20 103 19 65 71 119 59 15 101 72 8 22 34 83 41 110 35 65 54 22 90 31 
59 52 25 19 116 62 3 83 26 68 46 89 81 20 66 10 63 21 90 72 82 103 67 49 81 98 63 84 114 89 50 77 50 19 65 60 71 101 59 4 97 14 53 117 45 4 102 9 58 
85 103 34 58 36 54 25 102 107 56 81 46 55 120 119 109 62 117 120 60 119 110 10 25 63 78 96 31 74 90 96 27 6 38 6 32 92 42 45 10 49 99 102 37 92 27 11 102 82 
11 81 27 32 97 14 64 56 74 39 38 77 90 65 52 36 16 13 88 2 48 91 24 17 40 7 76 27 22 53 76 108 79 52 84 14 1 25 10 4 37 43 39 98 73 3 52 96 42 
37 35 52 18 19 95 41 46 84 32 26 117 88 82 84 96 29 72 41 61 26 114 45 6 93 76 5 45 22 75 111 98 57 49 75 12 77 93 24 1 7 71 84 82 116 74 119 54 28 
31 41 8 65 2 65 81 115 56 47 8 63 90 49 108 34 107 20 106 120 48 57 91 15 34 21 33 81 94 85 51 93 80 4 109 23 12 15 65 73 91 48 76 53 75 59 80 118 73 
