52
29 64 115 83 33 103 53 85 113 76 47 43 56 66 24 51 27 12 105 54 96 81 64 82 102 27 101 60 72 76 102 32 102 79 93 34 42 108 96 68 97 61 65 95 115 110 15 55 37 19 91 97 
17 8 20 41 77 18 85 35 93 106 106 76 71 81 85 89 53 120 32 61 57 80 47 85 12 39 55 47 104 15 57 83 68 59 99 36 18 109 13 110 19 70 70 99 112 88 90 23 2 118 12 18 
104 101 3 120 104 26 43 120 74 40 58 32 55 19 33 58 119 26 43 8 116 21 61 6 86 73 111 44 3 43 3 10 114 25 70 95 11 94 44 101 1 25 62 67 97 108 8 7 40 84 16 24 
10 118 13 65 21 106 44 114 104 95 80 41 48 59 18 14 117 21 63 112 4 70 114 120 80 55 33 32 24 57 101 98 91 21 61 75 39 6 22 33 69 37 99 56 73 100 45 83 7 89 99 25 
61 29 10 22 54 10 20 58 62 120 113 12 103 63 102 15 13 23 12 44 45 5 85 14 17 85 45 14 77 99 28 117 95 22 22 11 119 48 13 73 41 49 106 116 93 115 8 5 48 26 55 58 
92 56 6 87 73 40 48 90 80 54 118 111 90 19 73 37 62 80 57 62 54 74 41 76 103 43 52 2 96 101 88 116 16 93 77 71 79 28 82 78 90 28 107 34 85 117 107 80 74 55 65 71 
91 94 110 12 28 69 103 19 44 44 46 86 41 84 31 89 34 96 103 92 42 70 57 32 16 14 11 106 106 117 65 9 57 12 112 64 9 38 54 27 50 25 29 57 44 49 24 114 112 45 17 25 
56 2 42 84 1 18 120 51 100 42 90 49 68 27 79 81 87 28 78 85 118 2 22 80 83 117 15 37 100 27 75 100 53 77 62 10 33 116 57 117 119 110 83 28 72 8 110 43 47 76 58 55 
79 23 18 80 104 110 104 51 95 44 97 113 92 106 82 118 58 104 54 61 115 41 59 88 111 5 1 102 18 113 53 28 110 36 105 5 88 100 33 67 2 79 55 114 4 29 96 40 117 74 49 6 
106 107 55 81 6 79 82 22 4 68 24 63 120 73 29 93 53 1 56 6 90 79 77 15 28 24 78 105 32 103 90 41 51 102 90 99 54 13 105 15 102 33 82 22 76 45 48 19 69 111 102 101 
16 95 32 48 4 11 24 63 109 85 93 119 21 42 108 47 56 48 57 107 98 27 44 2 89 74 72 116 87 55 112 105 49 75 97 31 90 86 20 16 94 100 34 69 8 98 49 25 23 6 110 72 
87 63 41 30 16 63 113 79 2 20 38 114 19 9 117 48 20 104 9 113 60 53 117 39 31 12 34 103 99 48 58 109 79 71 101 73 43 84 58 115 57 60 31 109 77 90 49 73 63 15 30 105 
85 40 28 108 7 99 42 15 47 104 50 100 23 118 48 91 74 59 3 65 111 106 8 96 28 62 97 117 6 58 116 59 89 17 1 41 54 112 23 3 11 64 111 36 64 70 31 92 34 9 45 45 
117 97 19 36 33 100 41 9 50 3 52 71 90 43 26 50 113 105 11 74 101 85 36 113 84 116 32 86 73 33 11 71 47 74 80 62 103 106 30 69 54 87 40 105 59 34 5 104 42 46 74 75 
93 26 56 49 25 38 49 103 27 23 98 113 26 71 5 38 115 42 31 103 105 49 23 73 68 76 48 100 9 6 83 86 71 46 58 32 67 51 89 10 48 16 99 104 81 19 35 54 101 29 15 1 
72 25 40 46 105 84 101 14 30 58 8 94 96 111 37 42 51 105 107 88 84 84 32 33 74 92 28 63 52 36 105 32 114 78 51 40 7 79 105 12 39 105 11 92 112 22 112 57 30 116 43 111 
93 92 62 41 33 49 47 15 85 27 76 74 59 24 3 106 73 117 72 109 66 38 47 7 38 98 69 112 88 49 112 85 18 101 54 45 13 6 94 30 46 86 99 21 92 47 10 14 73 64 99 28 
18 4 90 119 8 65 14 103 78 29 15 3 15 36 60 99 32 97 6 2 53 104 68 56 102 5 23 90 100 103 62 94 113 82 47 119 28 49 41 13 63 99 41 58 18 78 59 109 72 60 4 1 
17 22 25 18 44 113 101 14 37 29 105 23 14 43 88 68 79 58 86 104 77 40 37 81 10 18 44 114 45 35 30 70 15 8 93 5 12 87 115 64 31 9 79 47 76 20 11 4 28 103 110 13 
43 12 46 20 4 81 89 20 85 87 72 48 38 102 32 26 28 51 47 98 91 38 101 119 62 41 38 20 57 41 66 37 71 68 107 53 5 76 28 22 42 105 81 24 1 33 81 57 110 55 13 10 
98 59 64 36 87 52 14 19 105 114 23 14 67 113 108 16 88 16 81 78 81 67 26 88 15 117 119 26 57 72 94 42 12 44 115 12 100 62 7 72 16 93 17 51 7 42 62 51 5 28 12 53 
39 10 96 33 46 63 55 26 4 7 114 94 82 94 30 87 13 51 70 81 110 68 111 82 113 48 59 101 24 11 69 116 18 38 15 99 15 87 29 78 88 65 38 7 82 37 32 91 35 93 59 109 
38 34 1 59 22 2 83 106 79 66 90 5 115 107 50 18 22 113 9 61 28 60 19 34 88 48 9 31 64 100 72 29 77 16 20 34 107 84 58 63 119 112 72 46 89 19 92 66 78 25 80 16 
20 100 93 108 10 55 44 87 118 115 27 23 79 38 90 80 110 103 35 58 95 65 59 49 31 38 4 53 94 107 17 48 26 115 84 17 37 99 5 42 43 41 53 16 48 34 72 77 66 26 46 88 
75 75 44 120 48 2 69 35 36 72 56 119 98 79 21 33 7 15 60 41 34 98 112 48 56 21 3 17 49 23 67 66 111 59 24 85 72 110 42 49 19 112 119 46 77 105 74 110 52 23 35 96 
41 32 74 14 27 109 43 6 77 114 31 48 98 23 4 36 119 115 72 60 85 116 71 114 100 74 118 22 36 54 8 108 22 69 85 100 55 79 79 78 2 32 5 107 65 31 8 62 66 6 91 15 
6 88 96 40 69 85 3 52 69 6 85 30 3 16 86 76 81 8 9 111 103 116 73 4 83 73 34 28 98 69 5 3 55 93 60 70 54 20 70 64 8 45 21 96 48 16 8 21 56 109 105 67 
55 40 90 61 46 49 94 38 53 38 86 11 51 30 36 26 91 103 110 79 49 119 95 87 2 70 89 39 77 20 10 52 101 98 95 72 50 61 22 6 45 27 14 70 98 75 40 59 52 34 105 106 
5 1 20 63 18 112 95 22 21 108 54 41 37 112 27 119 63 37 81 22 43 78 1 53 51 17 106 25 64 86 105 15 46 62 41 17 5 92 19 99 108 71 10 79 43 119 49 16 25 17 14 106 
68 16 58 51 99 27 96 78 96 117 9 83 38 119 107 30 69 64 57 14 19 109 46 59 19 5 80 24 88 51 31 51 107 20 22 78 84 97 29 41 117 111 9 69 98 15 91 75 35 75 65 12 
31 19 120 79 106 7 83 47 83 45 88 38 94 112 68 41 102 23 6 62 23 87 112 43 29 117 42 72 18 60 50 67 99 26 36 81 96 50 22 24 1 49 88 61 65 23 36 12 61 29 111 102 
81 32 73 106 30 4 87 119 9 109 113 114 103 91 91 99 107 63 55 59 78 93 69 40 18 10 102 71 77 10 18 37 66 47 57 84 111 66 47 8 120 25 42 89 47 34 12 74 107 104 119 65 
31 84 103 1 104 43 90 77 115 75 110 25 48 51 114 74 89 34 2 26 61 67 4 95 41 5 75 38 23 22 109 40 21 70 86 37 97 69 31 58 29 76 108 109 61 25 94 47 55 1 115 62 
71 90 11 111 68 29 27 42 40 46 33 17 17 70 89 89 116 95 45 25 10 115 41 117 71 56 68 89 4 32 93 3 31 53 96 77 85 103 112 55 82 53 27 81 41 118 101 69 56 51 63 94 
48 42 30 88 36 18 29 108 109 91 55 41 1 94 44 91 34 32 19 46 18 98 21 62 50 116 112 30 51 55 54 26 20 89 98 38 1 19 95 77 91 83 92 113 115 115 105 18 83 27 98 118 
74 64 72 14 117 21 67 27 107 24 53 68 21 102 40 22 108 46 104 9 68 80 84 113 41 12 2 34 86 117 38 40 62 107 23 103 61 91 63 75 72 11 88 9 14 32 59 43 24 26 3 29 
32 33 4 1 48 32 7 45 37 11 52 12 12 101 74 96 87 87 102 80 96 63 38 24 1 113 3 10 83 118 15 30 6 43 114 33 50 90 10 52 72 25 56 43 58 38 6 120 62 5 32 36 
43 44 13 69 39 67 48 117 27 70 103 43 65 26 33 45 32 65 84 80 105 103 15 78 29 104 41 100 50 117 74 72 90 11 43 16 22 48 104 19 103 98 97 8 66 11 53 34 115 64 4 85 
99 77 118 90 97 51 40 33 32 97 87 52 87 45 105 54 84 66 43 46 68 44 79 50 52 38 34 86 114 101 93 82 120 11 56 67 42 52 101 50 3 101 6 10 46 16 25 42 13 23 91 51 
4 12 45 103 57 55 87 5 66 30 103 54 5 59 103 91 21 80 97 69 106 103 15 52 113 72 40 87 63 73 82 22 109 102 103 29 54 14 3 120 23 83 96 99 83 84 66 11 39 68 40 39 
110 11 118 56 91 87 50 36 109 50 8 21 60 90 3 116 98 107 13 35 113 26 48 55 18 23 117 10 20 2 7 80 2 59 29 88 37 111 65 39 71 55 84 77 54 37 26 28 79 14 73 87 
36 102 34 97 36 119 47 33 50 42 78 4 13 64 54 91 108 117 75 62 88 109 120 100 18 60 62 77 47 78 120 34 70 76 81 120 39 26 79 14 44 11 9 90 19 41 34 101 34 97 3 6 
44 66 83 30 33 36 19 108 14 43 75 46 80 72 36 116 33 62 110 97 75 93 98 22 103 24 6 30 54 4 64 110 54 74 17 69 73 54 6 68 90 118 29 85 64 37 22 29 68 61 116 119 
46 4 73 4 118 78 36 92 92 42 100 102 85 74 95 81 36 21 16 10 13 105 92 6 2 2 117 47 75 61 44 71 46 98 14 7 50 71 120 65 62 109 54 87 9 82 73 71 54 79 72 7 
109 101 89 84 75 45 69 62 20 54 33 71 35 23 32 111 102 28 20 43 113 74 68 36 88 71 72 24 71 95 9 105 9 20 64 95 39 15 86 33 110 74 54 14 105 39 60 2 93 12 63 97 
97 61 20 37 1 76 110 28 92 67 38 86 5 10 50 105 103 47 109 29 116 105 16 21 36 105 39 6 13 75 26 83 93 60 66 115 22 120 101 73 33 58 16 118 25 43 73 47 105 6 115 99 
100 58 105 96 37 69 97 15 57 29 100 100 37 33 92 27 73 7 36 18 90 72 11 76 17 91 68 83 104 23 13 41 116 88 78 46 31 17 112 120 35 60 93 120 44 23 46 24 97 39 31 89 
88 100 66 30 70 1 90 9 28 51 6 90 14 110 74 116 67 59 37 89 110 29 54 88 120 47 70 112 79 40 28 87 119 17 32 101 7 16 78 114 85 98 8 80 36 22 83 12 36 23 71 116 
58 111 8 48 67 16 9 37 106 95 56 86 17 40 53 51 32 112 9 22 5 117 100 41 93 32 50 113 27 80 53 101 10 78 44 64 88 118 53 24 84 65 56 47 20 95 115 41 27 24 41 63 
31 80 95 70 47 120 120 76 71 102 9 80 65 112 10 38 107 57 108 12 103 28 50 75 85 86 66 29 21 38 104 48 7 72 100 120 30 64 17 89 21 51 13 119 87 5 109 91 49 91 72 38 
13 115 47 6 76 47 9 51 25 83 5 87 76 89 66 90 103 9 115 115 109 113 93 77 50 87 67 68 17 56 120 72 120 74 20 83 89 114 110 105 28 53 116 1 3 58 81 49 92 81 4 120 
29 75 20 42 92 104 31 92 78 76 94 48 40 4 8 69 53 5 3 9 98 77 83 23 52 53 9 55 55 76 48 32 105 33 37 93 51 56 73 84 63 46 8 47 8 79 56 108 22 18 85 82 
