52
115 108 64 109 73 116 83 110 17 86 85 97 16 95 45 110 55 96 41 57 26 102 56 107 15 80 119 117 69 120 15 58 21 59 59 41 16 23 9 18 6 98 82 95 108 67 18 91 51 34 14 22 
54 8 95 112 114 48 56 67 41 74 83 97 51 29 5 42 60 107 21 65 32 101 9 14 1 118 112 53 15 35 8 8 49 109 85 12 93 50 116 24 16 44 41 17 21 60 91 102 29 80 24 75 
45 61 100 34 34 59 109 47 11 36 75 75 57 105 52 87 109 65 94 72 13 119 28 50 78 18 90 10 45 6 87 93 85 92 100 102 79 108 9 52 49 78 23 16 98 111 64 27 109 58 71 96 
93 96 18 40 69 4 24 69 54 22 31 37 106 98 10 22 96 56 43 37 71 86 105 11 83 66 59 73 101 17 65 35 3 18 12 73 92 78 111 17 94 28 99 83 82 14 59 87 57 120 29 67 
109 100 53 110 54 11 114 43 6 97 34 103 60 55 28 81 37 70 110 52 64 34 113 13 102 98 20 41 47 74 115 106 32 111 95 92 22 110 49 87 23 100 25 35 97 60 66 52 29 92 113 19 
80 6 50 109 82 88 91 84 44 93 69 37 5 71 99 120 56 45 20 58 86 93 22 111 14 60 14 13 78 66 34 52 111 56 49 54 104 3 12 113 4 91 22 39 4 65 6 34 2 20 50 113 
106 83 114 60 99 118 107 86 37 85 98 19 94 27 91 40 47 68 15 70 57 7 74 56 20 11 49 23 119 102 78 56 117 90 63 96 52 1 60 21 21 3 87 77 66 51 53 120 10 2 41 91 
55 73 95 116 54 47 37 28 4 21 34 8 106 54 91 12 86 40 50 84 109 42 109 81 70 115 119 111 16 26 64 47 63 115 23 113 7 45 5 114 72 65 2 26 44 88 28 25 113 65 104 101 
41 118 86 118 85 54 39 118 37 71 27 79 20 1 38 96 66 91 96 23 93 47 41 92 60 57 81 34 1 116 94 85 35 38 45 71 20 20 92 96 59 57 113 5 9 106 11 112 39 106 31 45 
116 107 47 15 66 34 75 19 32 102 82 77 30 48 102 117 23 22 43 91 49 70 38 4 62 24 24 23 61 28 22 105 110 54 50 6 15 35 19 22 42 104 86 120 82 55 39 63 89 59 24 111 
66 77 76 59 80 61 63 10 47 63 89 42 29 108 17 10 120 120 85 50 61 97 58 101 13 56 7 45 62 8 111 107 52 64 8 115 46 78 5 66 83 74 60 12 35 60 36 13 45 20 16 18 
52 46 79 32 94 70 52 103 80 28 76 111 112 64 8 57 93 114 19 64 77 22 61 103 114 64 119 47 120 87 29 93 18 107 96 90 33 32 41 57 41 14 23 7 48 94 110 30 62 34 103 80 
75 79 11 8 87 76 107 42 96 49 86 73 29 20 64 116 53 102 88 78 29 116 44 23 23 116 59 13 97 27 74 67 102 106 57 116 97 8 84 18 74 97 39 86 31 118 76 31 52 59 46 75 
86 89 6 36 73 114 30 90 44 108 9 74 31 93 117 113 50 29 80 82 70 34 85 69 44 67 36 76 64 54 115 6 103 74 103 112 55 92 65 77 117 63 106 24 28 90 64 55 110 61 19 80 
26 82 97 98 25 115 26 48 4 48 105 111 90 5 60 110 106 104 62 51 16 64 75 58 69 90 96 81 11 113 107 57 8 93 3 38 105 106 81 38 57 3 37 5 36 15 9 108 5 111 37 71 
96 45 85 28 80 18 34 90 3 74 88 27 90 116 5 82 60 95 64 77 11 40 93 22 3 45 104 19 62 40 18 1 94 75 94 93 13 116 109 41 55 53 118 101 92 90 36 35 70 51 2 79 
106 19 105 64 67 99 22 48 24 35 59 48 98 112 113 22 113 92 59 96 75 80 10 79 13 96 78 8 99 6 63 55 23 9 67 119 93 112 72 80 17 16 19 105 34 22 14 34 55 15 112 116 
117 51 66 57 113 19 33 32 74 54 84 13 111 16 24 112 7 34 84 44 56 110 100 81 52 92 86 5 118 47 74 86 15 66 112 1 98 59 19 74 96 90 17 81 56 23 16 7 114 52 56 26 
111 60 112 4 64 90 105 18 102 33 52 16 20 97 57 64 27 48 91 115 52 49 70 68 110 114 5 74 106 69 87 51 91 42 72 62 56 1 62 10 24 89 25 62 25 23 31 120 53 115 105 49 
17 89 3 83 14 3 117 79 30 43 3 3 101 11 94 79 81 120 120 119 54 9 91 66 90 85 91 47 65 76 1 118 55 103 57 81 17 11 43 7 64 106 7 40 116 32 74 56 51 37 12 104 
92 74 76 97 4 18 2 73 7 85 33 90 72 21 13 94 5 36 46 83 48 119 66 76 70 35 81 53 109 71 90 17 12 12 87 86 33 75 40 39 31 52 31 70 58 116 30 56 40 67 35 10 
106 20 10 81 102 30 67 93 59 45 29 115 97 46 101 53 12 65 6 4 25 37 91 31 69 57 5 80 23 2 7 80 32 111 61 2 117 104 72 117 70 78 45 92 34 104 118 110 118 52 109 65 
77 23 59 62 76 76 73 61 73 7 116 81 83 43 30 51 114 78 52 55 91 37 89 53 20 79 14 38 105 52 91 59 97 42 43 46 8 58 20 27 27 22 48 91 8 83 7 93 66 114 28 92 
69 118 65 61 108 75 29 20 85 25 20 118 46 21 32 16 3 60 55 40 79 15 41 14 81 20 10 46 62 55 118 79 68 85 58 92 105 120 84 30 21 2 4 93 100 4 59 15 58 110 49 56 
29 80 41 80 10 80 105 94 82 38 95 8 33 117 37 61 119 95 85 42 64 82 75 104 30 109 88 91 43 106 10 95 32 57 4 54 106 80 55 120 59 98 109 4 57 76 34 108 29 60 71 12 
72 52 10 92 71 55 1 32 81 27 105 34 105 110 16 67 25 67 9 116 107 108 109 49 67 93 83 94 63 54 100 24 41 106 83 113 69 38 66 7 96 64 52 24 26 7 81 99 110 35 54 30 
76 79 95 68 106 117 42 72 35 40 91 50 25 10 109 91 76 52 42 120 62 84 80 94 97 84 76 47 88 10 13 65 16 40 2 103 13 30 20 99 89 37 67 33 100 62 104 115 89 63 68 103 
66 44 5 53 73 71 4 24 75 94 89 54 107 30 82 34 3 54 45 25 100 18 79 46 47 78 43 63 61 13 10 55 15 56 109 12 99 75 13 53 100 31 36 32 115 106 111 115 20 10 69 42 
108 86 63 64 27 10 25 40 108 49 58 18 92 45 86 29 4 60 112 67 119 68 14 39 42 39 72 101 66 56 114 107 82 75 54 40 103 33 36 12 12 60 95 49 5 68 19 38 45 43 92 108 
37 66 52 101 116 30 81 33 107 43 15 56 105 57 85 9 83 21 30 74 6 9 45 90 63 91 34 62 82 62 63 32 1 94 53 81 86 117 72 111 2 58 102 40 89 116 108 46 10 22 5 90 
83 83 43 97 114 51 40 113 88 120 89 57 59 108 3 46 20 33 89 118 32 30 67 93 12 95 66 79 87 74 55 60 9 64 36 26 4 83 29 53 83 60 29 89 83 76 110 67 71 88 102 102 
22 22 8 44 53 33 2 97 93 54 61 83 97 54 99 10 88 97 15 25 58 40 37 68 71 48 96 60 12 79 65 42 111 90 83 12 46 23 72 8 5 55 84 3 72 41 59 28 28 57 61 41 
68 114 97 23 55 68 5 23 45 85 85 76 2 30 48 41 94 8 96 26 50 79 23 68 98 65 25 55 27 106 97 71 114 65 62 72 81 109 27 64 61 103 74 86 24 112 63 34 19 65 35 54 
16 42 71 69 57 108 86 26 38 101 43 78 27 8 111 100 93 16 104 48 4 95 108 28 73 93 117 86 16 4 46 56 83 38 63 71 74 9 35 100 17 32 54 105 26 26 97 39 35 96 75 120 
32 23 10 84 34 17 96 44 21 2 21 34 34 98 19 42 100 35 86 91 98 60 62 35 120 58 35 56 32 97 76 17 63 8 117 54 57 19 32 58 62 118 103 102 53 118 108 7 22 15 103 67 
39 92 103 52 104 29 32 116 72 44 43 80 86 80 97 28 99 28 73 49 59 49 64 61 63 32 23 112 110 24 113 109 107 47 27 60 27 52 21 1 74 61 94 53 61 89 34 40 117 54 110 40 
59 76 62 118 49 14 100 41 33 50 116 8 9 23 44 39 1 41 106 105 56 112 79 12 74 118 9 86 119 71 88 73 57 16 9 64 113 92 45 84 107 97 117 1 38 36 7 92 51 82 35 72 
58 59 57 92 90 43 84 94 30 89 66 15 8 106 114 83 11 58 13 27 68 18 19 104 60 54 78 45 20 15 59 99 28 81 97 76 23 112 79 28 66 70 83 79 104 84 19 120 78 96 105 48 
119 68 95 44 108 56 42 14 86 116 25 120 22 66 48 8 98 80 44 48 20 80 2 71 63 75 109 93 57 15 80 78 11 33 95 7 14 99 114 119 67 45 34 18 10 4 30 8 111 47 108 42 
16 40 103 43 15 80 111 61 93 81 5 92 36 83 67 69 66 28 53 26 8 24 117 52 14 70 76 31 60 118 51 70 15 111 9 57 63 40 15 28 100 40 79 94 106 22 3 95 40 13 54 30 
56 71 6 97 84 72 92 40 96 99 78 18 87 60 17 57 68 60 42 19 24 34 100 46 77 97 52 101 115 4 61 8 6 114 33 89 29 33 94 120 55 113 26 38 10 23 114 36 18 17 47 70 
64 39 52 16 97 70 34 103 1 70 35 94 50 8 45 104 72 13 47 22 20 114 28 61 21 75 42 85 1 43 106 110 117 48 117 3 91 64 89 59 65 105 78 5 14 86 113 35 111 84 3 15 
7 65 6 48 118 118 67 27 44 87 64 2 4 110 102 44 33 115 14 84 14 40 93 44 25 92 71 81 101 103 53 46 20 47 116 25 94 95 45 69 18 39 28 89 96 71 73 96 44 77 81 31 
116 28 53 113 46 109 41 47 25 24 101 67 58 59 80 45 89 119 50 5 65 64 75 113 22 27 85 104 94 69 86 31 62 36 20 40 21 82 67 118 117 91 92 117 42 97 46 108 103 104 2 12 
24 1 96 33 35 115 81 16 1 94 98 8 34 86 33 35 71 43 60 23 13 44 84 105 44 88 83 109 35 58 53 6 76 78 33 9 118 50 1 17 111 59 100 42 2 10 31 28 20 96 57 118 
85 54 51 19 63 97 46 8 34 118 41 70 68 100 21 114 110 25 35 70 69 36 96 19 67 43 119 34 67 101 106 90 117 90 55 15 119 16 78 108 18 95 112 69 1 47 84 72 14 66 9 120 
95 64 102 7 2 113 11 99 4 112 2 109 46 110 59 5 41 66 116 118 42 115 49 44 92 48 50 40 8 114 15 26 103 78 14 30 95 49 27 116 52 59 24 65 49 110 13 45 60 6 19 37 
98 111 5 16 91 48 89 84 42 108 66 71 60 107 42 109 47 97 25 113 93 97 15 98 57 64 90 9 63 7 10 50 91 103 77 102 86 37 44 110 110 61 102 72 40 68 89 43 105 63 115 63 
91 94 3 19 107 33 114 89 79 111 35 9 94 53 42 60 70 18 82 35 82 76 13 92 112 91 91 16 29 119 118 64 27 102 103 11 20 47 120 108 59 67 29 111 28 32 64 69 66 103 80 93 
26 53 88 17 109 73 42 62 108 44 18 49 92 32 7 82 61 85 67 11 47 8 76 16 31 36 96 88 114 36 102 114 76 60 66 89 36 61 91 86 23 4 69 39 66 72 6 111 51 8 94 60 
27 89 51 19 22 50 13 53 44 103 110 69 103 53 34 84 82 50 56 88 116 117 41 82 20 54 54 25 50 60 100 91 26 76 93 76 111 95 96 39 48 99 10 60 70 81 10 77 108 3 52 47 
6 95 24 84 45 38 103 5 39 74 13 47 52 68 108 3 70 77 77 49 61 89 118 39 45 44 63 96 48 28 89 5 93 112 71 32 17 80 43 110 76 90 64 89 50 20 53 106 8 32 10 45 
