55
90 89 97 87 45 100 15 112 45 46 98 54 74 71 117 110 39 103 32 45 84 16 76 25 89 53 8 16 118 97 99 26 101 4 92 72 47 49 51 52 16 5 116 55 50 119 42 54 64 93 110 81 42 44 64 
92 59 35 61 21 17 36 38 1 66 99 84 47 117 109 93 87 102 97 16 81 43 51 63 91 117 66 86 5 13 60 31 71 47 67 36 84 74 118 90 71 64 110 78 84 5 101 88 48 104 61 114 52 102 18 
31 33 69 5 99 109 76 104 2 68 57 78 117 70 117 21 85 33 16 5 97 93 35 8 91 64 48 100 6 101 114 64 29 48 30 80 62 120 65 46 101 36 85 105 21 59 43 39 98 112 72 102 38 24 67 
32 104 117 55 95 47 34 60 49 56 40 23 66 92 74 7 90 119 24 95 100 62 90 83 31 107 75 119 52 21 31 113 26 41 61 68 116 113 56 16 46 28 69 30 46 20 60 109 9 86 8 109 67 79 53 
70 44 101 57 42 61 104 89 57 62 29 117 53 82 64 79 90 58 62 101 71 50 36 71 58 31 63 82 69 94 47 111 95 48 78 81 68 27 78 112 97 99 77 34 80 12 77 39 97 3 96 90 7 70 20 
3 96 42 63 23 100 68 36 24 53 80 60 91 35 8 81 86 73 115 85 48 35 99 115 22 45 88 82 89 11 12 78 96 74 115 2 50 120 7 2 35 39 48 88 102 50 14 91 54 6 42 3 89 12 17 
31 70 30 7 49 79 16 35 96 37 115 65 87 45 115 67 37 78 28 43 10 24 119 18 26 71 61 72 16 5 67 11 112 78 76 3 51 31 39 46 58 75 38 102 39 73 80 24 99 21 32 19 94 30 71 
104 15 57 15 113 22 39 35 118 70 93 44 80 60 106 15 40 103 104 61 47 102 58 93 108 71 47 15 19 81 88 53 23 69 13 54 43 116 59 17 113 103 40 64 93 107 93 111 93 89 79 108 117 96 44 
73 48 52 69 16 27 53 94 56 1 29 16 43 14 39 62 14 59 28 97 24 114 73 72 113 19 4 106 35 116 21 28 6 32 78 59 75 100 31 110 119 20 13 86 20 60 93 117 96 44 37 26 38 116 47 
52 75 22 51 61 19 17 74 50 34 45 57 63 72 69 116 31 87 78 76 90 78 29 85 72 23 105 68 26 57 106 88 63 35 113 53 40 42 34 60 70 25 65 89 46 32 41 74 42 19 46 95 116 64 91 
65 7 49 80 39 64 71 78 40 85 99 19 24 78 32 29 73 21 91 90 62 46 75 86 76 57 18 106 12 1 98 26 104 42 39 86 25 41 34 15 49 119 106 4 63 35 26 35 112 8 37 76 61 112 55 
25 16 105 103 81 46 13 88 97 95 87 106 8 3 114 118 88 83 47 82 104 66 36 94 24 2 8 29 95 99 39 110 119 66 55 78 8 25 71 83 10 54 16 49 72 25 86 67 43 79 100 78 10 21 2 
81 14 45 41 81 55 68 16 53 24 94 7 106 74 29 13 78 4 95 69 106 81 32 63 40 20 1 99 2 53 69 90 12 108 114 69 12 75 79 11 12 12 100 59 71 113 97 8 40 10 79 11 16 19 76 
28 29 110 78 16 12 119 44 5 2 34 83 7 53 90 81 106 17 50 67 107 110 30 76 33 22 10 106 98 55 11 5 97 19 78 32 3 112 68 51 29 16 37 1 6 99 73 56 49 28 57 7 27 64 45 
110 31 36 104 39 81 119 38 32 111 3 14 22 108 103 82 50 66 39 90 27 10 74 66 110 105 36 77 59 12 19 111 15 45 61 62 119 9 91 13 90 9 102 113 75 91 2 76 2 32 25 33 8 7 1 
41 105 50 39 69 119 51 31 67 85 111 89 20 76 73 100 65 2 75 70 56 40 36 106 110 29 36 50 7 36 16 7 80 18 16 38 94 65 104 2 118 76 119 74 117 91 38 70 31 84 114 36 82 89 69 
4 50 86 30 59 117 88 102 42 108 24 85 120 54 115 32 58 92 79 63 108 102 112 92 98 57 37 112 88 100 28 69 17 4 76 8 54 116 29 64 98 91 20 30 81 31 81 83 115 117 33 38 107 68 61 
118 22 60 10 37 56 60 10 81 7 24 110 57 18 17 78 62 104 24 118 44 114 64 70 90 30 48 81 50 21 68 117 91 31 117 86 62 54 59 100 11 109 106 37 7 80 41 99 72 34 46 27 114 6 110 
110 42 70 64 32 14 12 29 48 67 64 83 104 75 25 20 74 108 15 32 65 116 44 24 27 20 86 86 17 71 100 101 70 13 73 26 57 40 100 15 7 113 19 38 94 92 58 38 54 19 24 40 18 34 106 
35 68 114 82 49 114 18 112 108 51 115 105 41 13 83 19 37 62 47 10 67 102 12 89 119 47 85 108 52 36 19 44 53 3 41 63 119 36 35 98 39 113 60 14 100 65 33 97 61 62 58 1 18 8 29 
36 82 116 1 85 70 116 7 31 70 40 68 12 34 67 92 116 28 5 88 10 84 58 63 107 59 24 2 52 62 26 109 12 33 114 83 114 81 36 66 7 78 75 85 16 97 4 47 62 1 49 3 22 13 78 
70 96 97 78 37 64 81 34 86 47 20 54 66 34 81 71 32 86 9 112 57 105 62 118 65 20 13 114 90 53 18 24 82 67 118 62 67 42 52 17 77 18 72 88 104 57 97 58 65 1 85 107 74 114 90 
101 40 35 43 72 65 29 28 41 87 45 120 22 35 21 57 66 25 85 5 101 46 16 14 80 84 69 88 108 39 90 93 31 114 108 7 110 115 49 52 103 101 104 66 25 64 34 37 50 79 76 106 21 106 18 
79 97 120 38 105 42 48 108 70 27 54 35 9 119 112 42 91 87 28 116 22 105 27 25 107 101 56 111 2 23 117 14 37 90 104 10 84 113 6 6 39 113 47 86 8 119 114 58 7 66 73 80 6 107 23 
81 109 83 4 20 75 9 35 57 77 114 62 88 107 91 23 32 94 65 61 76 47 57 83 103 9 103 110 78 110 115 37 67 29 45 1 81 32 40 61 86 28 49 70 12 115 8 98 50 105 108 42 107 119 103 
91 2 65 92 15 18 86 1 15 51 68 34 22 2 100 28 102 46 6 95 15 61 41 89 26 51 109 17 114 72 54 6 116 62 87 85 69 21 46 111 102 49 74 25 1 55 19 74 98 39 22 29 21 29 34 
13 91 30 63 24 54 72 15 106 28 48 66 79 35 72 66 36 81 101 16 114 88 29 111 73 72 20 59 96 5 24 90 63 100 120 102 45 87 81 40 82 28 120 101 28 80 22 74 110 18 7 29 9 34 112 
62 91 92 110 64 82 47 22 57 66 75 88 93 40 103 32 23 31 47 84 29 79 73 60 13 36 4 73 49 87 98 91 36 6 75 69 111 103 30 77 103 103 50 4 54 32 26 31 68 12 64 107 39 47 84 
44 27 39 105 42 6 62 79 61 95 16 67 71 106 110 98 46 59 35 63 58 48 83 113 35 59 86 3 94 105 18 29 89 12 83 113 107 8 14 51 68 82 91 57 110 103 59 29 117 51 7 83 38 113 61 
56 83 3 60 103 98 93 109 89 117 15 74 51 83 47 83 7 110 35 15 53 24 45 109 50 21 88 26 45 83 91 58 38 20 44 42 58 3 115 56 110 1 84 90 98 19 67 20 73 56 97 41 27 24 8 
69 43 79 118 84 73 44 18 23 52 102 72 54 7 71 70 111 114 119 18 7 25 22 108 69 76 111 24 115 88 58 59 46 24 116 115 51 62 117 112 16 74 87 104 43 86 31 102 20 27 90 50 106 31 30 
19 105 39 100 104 60 113 64 87 29 46 61 40 27 37 3 66 70 74 41 67 55 14 28 86 110 104 35 4 38 20 61 113 100 65 109 61 108 106 118 82 102 19 87 98 68 61 72 52 74 71 58 78 18 1 
102 23 15 43 112 47 107 55 45 69 89 10 27 56 14 74 108 44 37 72 93 77 58 97 26 100 37 24 72 105 38 48 66 36 92 26 11 100 2 48 55 103 35 81 30 73 41 25 4 93 21 89 12 44 98 
75 11 117 12 82 112 45 8 2 66 17 96 102 59 54 51 55 1 34 40 95 26 66 103 75 32 43 79 118 44 108 24 54 47 7 20 82 111 99 69 113 89 5 12 66 3 83 76 34 86 90 70 68 104 77 
86 66 32 46 12 96 116 61 63 79 44 115 5 22 115 5 45 17 40 63 84 116 115 10 47 108 8 44 25 3 114 40 71 85 53 7 16 17 66 40 103 53 55 119 15 32 43 2 49 43 89 115 34 115 66 
115 55 67 54 90 6 41 96 30 62 105 28 71 22 36 87 106 81 88 79 98 106 13 94 75 41 90 28 89 7 96 112 52 35 33 97 91 120 55 44 70 4 16 10 47 93 99 88 22 83 5 96 53 50 44 
2 61 81 110 87 42 111 68 14 4 89 109 106 90 72 45 11 33 74 101 85 57 102 112 43 119 60 96 111 18 1 68 40 117 23 86 13 73 75 98 109 55 75 113 44 68 77 89 83 100 13 107 99 117 25 
108 61 8 77 117 56 15 115 24 12 84 19 103 88 115 54 107 22 114 59 23 90 29 104 117 67 100 31 101 95 55 91 54 114 51 14 72 50 45 79 20 13 84 21 110 113 27 23 28 38 73 12 47 12 34 
36 101 11 110 106 40 7 79 45 70 48 74 30 52 15 58 57 45 42 46 60 108 85 22 9 105 46 103 26 7 102 117 34 1 42 79 69 81 51 30 113 82 76 70 102 12 34 105 4 47 97 69 53 39 55 
7 60 103 85 88 15 18 53 8 31 89 21 119 101 46 13 72 38 79 78 102 49 5 26 17 8 109 115 17 71 88 53 4 101 34 111 69 119 30 6 92 21 112 104 51 94 79 94 100 23 106 60 106 53 106 
120 34 30 15 70 22 64 91 5 93 26 96 20 26 22 66 64 12 18 101 104 33 61 59 40 106 12 64 16 4 32 34 105 47 47 114 95 96 100 31 107 46 114 92 112 105 74 107 44 94 105 117 49 84 64 
58 111 1 8 101 55 102 82 34 74 118 25 34 71 91 114 71 102 87 20 60 91 113 113 6 7 100 70 88 59 23 104 30 75 106 88 46 51 104 54 76 6 67 15 45 112 13 107 56 52 7 15 101 91 98 
1 45 28 35 66 12 46 45 11 88 20 10 89 4 41 76 38 90 96 39 96 84 115 29 120 34 42 29 16 36 23 26 85 61 21 62 12 13 89 79 4 93 102 15 20 30 73 70 100 100 78 83 119 88 52 
62 52 10 95 52 48 14 12 93 86 46 82 88 60 51 100 116 19 103 71 33 78 29 21 13 31 56 83 98 44 59 54 26 79 103 31 101 98 32 4 80 106 17 69 71 72 115 84 42 120 21 97 101 118 44 
25 37 64 8 1 86 2 118 107 19 73 8 11 31 16 105 95 89 67 60 53 106 68 77 90 28 42 65 54 63 12 33 114 38 104 15 90 118 66 73 58 107 108 66 96 43 46 90 22 41 89 62 47 90 88 
102 72 46 69 94 105 93 82 78 39 107 23 48 24 62 120 37 48 89 114 26 32 37 65 18 113 15 10 14 85 93 48 10 80 12 52 72 22 2 80 96 64 35 82 42 48 45 21 91 42 27 29 113 18 57 
109 7 17 55 80 2 56 78 6 95 31 23 108 6 95 82 107 39 60 2 55 25 68 52 74 61 50 2 102 70 1 102 46 88 73 57 82 110 44 29 116 10 64 53 10 108 112 95 5 111 81 108 52 13 17 
73 46 61 13 117 99 62 33 99 33 83 71 23 48 20 47 6 83 52 6 79 55 28 82 14 113 60 38 23 86 10 113 75 77 63 15 8 109 94 102 106 70 52 60 25 22 5 16 61 75 119 5 62 114 48 
93 20 95 81 61 88 105 62 62 101 45 52 57 65 101 58 46 54 25 95 45 11 88 97 94 42 49 109 111 62 58 103 88 64 98 6 38 86 84 45 70 55 57 82 14 67 104 23 11 107 22 79 23 18 53 
119 98 106 77 78 3 114 102 65 43 99 105 30 43 40 88 37 93 4 21 66 12 32 65 6 115 108 20 118 69 56 96 8 53 88 120 33 17 68 79 83 23 26 9 75 67 40 25 74 46 64 117 119 79 13 
37 118 67 57 109 60 15 6 88 49 16 44 1 54 102 75 3 41 109 60 63 12 92 92 90 114 52 95 50 66 36 12 115 58 43 43 115 50 9 47 7 86 63 86 30 72 36 104 33 38 9 67 3 25 87 
84 10 26 80 42 66 20 12 15 106 1 79 40 120 44 71 1 16 101 80 55 98 7 104 25 18 79 68 60 53 1 89 114 72 108 44 100 51 1 74 93 111 109 48 54 116 68 68 23 98 110 1 35 57 92 
93 79 79 17 4 105 77 120 111 23 114 97 25 32 108 25 83 114 81 100 86 105 31 16 69 101 47 25 29 80 47 33 56 44 36 109 94 98 24 116 51 51 46 52 3 80 6 20 44 88 97 108 39 76 98 
115 25 58 3 38 62 111 22 116 101 79 46 111 88 54 75 51 36 21 107 7 44 67 70 95 44 64 10 43 23 75 74 20 85 32 4 11 8 87 109 28 14 7 103 19 42 70 84 59 18 3 28 59 112 29 
74 70 41 69 21 96 76 26 90 38 91 51 79 85 86 92 24 80 112 22 7 112 36 52 3 34 80 44 63 78 41 103 110 8 70 28 2 48 48 31 91 73 28 117 52 105 40 88 32 8 45 66 41 4 42 
