55
68 56 104 62 19 47 9 107 45 29 28 77 20 118 62 30 113 58 81 89 80 35 3 82 10 7 32 9 50 91 49 12 83 82 10 27 43 103 34 42 103 18 12 94 100 37 81 104 36 66 82 8 33 114 50 
109 4 5 29 53 120 7 38 108 118 4 87 10 107 43 64 97 88 66 71 38 68 100 101 5 94 5 18 99 16 58 89 6 77 17 9 52 88 89 60 58 1 2 57 89 43 22 96 42 1 80 28 83 91 76 
16 83 92 87 94 103 26 23 41 1 93 120 15 92 17 62 15 90 100 70 112 94 61 77 26 2 106 65 69 20 39 7 51 36 13 112 78 29 108 25 12 111 100 11 111 101 109 83 11 64 105 1 89 89 97 
28 75 69 15 19 16 40 97 106 98 94 110 107 8 18 24 34 29 62 21 23 27 101 21 46 43 54 47 108 88 100 117 65 25 24 55 20 65 97 36 4 76 104 85 68 28 54 4 25 48 14 70 12 85 114 
48 83 48 113 5 44 102 58 82 119 98 117 29 41 6 96 35 88 1 36 75 48 105 27 101 83 6 6 24 78 69 40 46 20 65 118 109 40 19 87 120 91 100 54 114 90 5 25 115 86 54 28 92 7 20 
7 23 55 44 40 53 70 46 97 14 110 112 4 31 100 118 88 88 95 92 32 94 64 63 88 61 90 5 54 4 59 38 103 22 30 70 104 110 47 65 68 108 55 63 46 95 100 92 44 78 81 78 21 60 106 
64 105 107 73 95 80 109 26 94 63 18 81 7 52 80 5 119 21 67 79 20 90 87 16 118 97 88 4 86 90 73 40 41 108 28 33 50 50 66 106 68 56 87 1 54 103 55 105 35 113 56 31 26 69 7 
20 83 117 112 54 41 111 79 104 2 76 44 66 106 10 6 102 49 25 113 108 73 6 33 20 3 51 47 79 97 119 18 74 4 103 13 54 81 76 93 76 20 88 71 44 9 53 42 30 91 107 44 37 104 83 
21 56 16 90 50 14 58 50 59 69 83 63 17 71 15 108 20 15 77 33 18 42 101 50 105 88 90 12 41 44 27 38 64 36 108 31 85 113 57 104 46 116 38 71 118 35 105 111 61 99 67 96 88 7 91 
36 86 113 84 116 47 83 25 19 37 66 59 93 99 58 9 29 120 119 33 61 28 2 75 78 69 48 7 119 30 100 38 120 112 97 41 53 115 97 21 4 4 35 65 100 107 9 34 2 20 108 83 119 15 106 
108 9 120 112 9 59 74 58 84 59 10 3 45 76 65 22 89 46 115 93 2 41 105 93 107 88 89 43 104 29 39 14 99 120 114 46 17 89 46 99 48 49 16 13 12 51 38 17 28 5 50 84 71 67 103 
37 30 33 55 6 114 26 88 45 55 49 34 62 81 39 83 30 44 73 29 101 57 86 72 24 109 109 55 93 80 98 96 81 36 64 9 115 98 88 21 46 14 48 3 102 57 80 39 118 107 51 11 84 92 91 
5 101 14 80 79 74 110 11 103 73 93 50 78 9 90 50 108 50 103 32 110 70 39 42 112 51 115 27 95 88 113 12 100 27 26 72 58 66 6 27 9 24 36 21 15 24 13 75 88 41 67 48 113 69 79 
76 2 11 1 83 44 62 119 18 91 8 64 94 74 50 65 49 107 66 79 40 41 30 52 73 52 100 38 12 88 20 102 78 34 40 29 48 19 32 112 41 62 26 75 65 12 52 24 16 9 82 92 111 77 63 
28 57 101 62 119 44 20 110 114 74 94 78 67 116 23 94 115 105 41 12 36 117 109 26 52 119 94 120 47 55 115 12 95 64 115 79 57 84 69 67 120 110 39 86 46 77 16 40 34 110 36 56 2 80 116 
20 116 79 69 97 6 32 41 60 4 114 37 100 63 5 6 105 94 115 87 66 102 31 77 58 6 25 65 71 6 9 26 102 17 47 92 81 30 47 85 77 89 85 67 63 36 77 13 119 2 83 116 5 61 84 
89 84 119 39 113 105 20 119 7 2 72 118 69 120 109 76 5 81 49 13 63 18 106 112 94 23 40 82 86 5 114 83 71 67 65 51 62 42 108 95 29 12 99 60 15 94 3 90 78 3 103 35 35 38 70 
61 47 7 88 85 8 60 63 50 41 107 7 58 23 75 104 108 41 77 26 54 91 93 51 32 86 48 59 120 86 75 109 39 71 11 85 56 90 29 16 34 26 38 95 95 120 61 42 13 50 10 101 36 5 6 
53 116 118 104 45 95 33 102 39 108 88 11 65 109 20 100 40 91 16 61 19 115 44 70 107 116 73 32 33 77 97 117 39 85 93 88 53 75 107 40 55 108 26 26 16 68 85 29 33 21 23 41 58 116 100 
33 88 99 117 117 103 111 98 115 47 41 46 32 6 79 88 109 117 31 21 29 6 77 23 8 84 104 42 12 98 26 83 108 71 79 70 16 109 55 30 48 106 84 41 15 9 108 30 99 106 17 9 80 58 114 
61 73 99 108 9 97 60 49 84 17 52 26 116 21 46 41 60 26 62 8 43 33 72 114 8 92 104 90 55 79 63 24 14 72 78 100 86 61 50 95 57 9 116 66 95 101 82 30 36 22 111 20 107 59 25 
95 99 66 76 17 33 80 31 104 29 22 62 30 83 113 96 38 119 77 119 30 22 52 105 111 53 104 109 24 92 29 78 23 6 17 52 41 90 31 35 53 109 88 2 100 96 35 104 117 55 35 62 64 7 85 
91 92 80 21 18 85 71 75 95 94 5 113 38 42 46 41 87 104 24 93 30 10 46 24 110 63 72 3 21 118 88 58 85 1 50 108 98 37 11 108 69 77 22 108 104 72 89 34 112 28 47 104 96 117 5 
75 76 110 1 6 70 85 64 102 83 95 84 91 22 49 43 42 42 16 116 90 70 95 33 78 69 17 65 85 115 39 49 29 59 94 18 67 111 10 19 58 82 18 94 42 81 89 24 37 102 53 103 40 21 101 
39 104 69 63 105 26 103 98 24 32 116 57 47 3 15 64 1 68 13 59 40 93 115 25 81 77 10 43 112 119 41 23 66 1 19 103 43 59 62 102 10 38 9 87 50 54 80 69 11 34 35 51 78 120 53 
9 65 73 9 108 115 39 83 38 41 83 100 74 15 29 55 61 66 110 84 52 75 31 95 15 26 113 43 73 11 97 104 22 85 79 49 1 68 101 84 49 14 32 88 9 49 104 16 6 38 69 118 55 89 71 
102 94 3 49 100 108 103 97 49 20 62 78 34 4 35 54 15 104 52 4 50 101 75 56 98 40 33 15 90 74 27 34 80 1 36 15 26 42 115 55 93 45 79 28 28 58 79 119 65 67 105 63 62 37 76 
68 57 32 89 80 11 74 73 99 74 113 62 28 4 62 54 107 63 21 99 100 79 18 50 49 76 101 5 35 13 107 53 55 9 108 27 17 43 76 103 21 56 16 56 19 43 120 101 78 104 79 51 26 77 75 
37 82 88 119 94 29 112 89 12 14 105 79 21 107 83 45 47 7 102 31 60 54 76 115 55 71 56 88 96 118 84 105 32 91 77 32 94 94 73 73 53 71 24 43 5 54 58 49 3 46 106 25 81 49 35 
103 20 83 46 92 19 91 20 50 52 92 57 115 115 80 32 19 110 97 83 99 30 16 68 118 113 65 31 96 103 98 4 78 48 96 112 81 1 9 96 79 21 116 77 45 68 41 15 4 11 27 6 102 76 13 
87 29 67 90 39 38 34 42 93 85 98 96 110 67 88 113 31 31 116 19 118 73 9 34 21 101 108 97 10 54 119 87 85 10 52 108 89 8 21 108 116 86 94 79 98 60 91 54 105 104 6 64 99 115 120 
5 25 61 92 3 5 70 90 74 81 35 57 36 43 51 99 61 38 5 119 45 45 38 117 34 44 118 63 58 47 119 41 55 98 38 120 22 43 114 42 26 117 48 13 45 44 27 90 91 95 113 5 54 80 18 
111 51 47 89 49 25 70 38 66 51 96 47 53 8 23 31 83 51 41 78 22 112 108 113 84 30 38 90 65 120 69 6 86 22 12 23 60 95 62 117 48 18 63 9 83 71 69 36 17 5 106 98 74 27 102 
113 5 27 95 40 35 51 31 27 60 6 96 113 20 10 82 54 82 76 101 114 16 3 18 70 70 96 53 98 23 87 98 80 72 54 88 91 96 116 76 85 97 67 7 80 85 92 60 115 80 34 113 8 65 5 
78 86 119 81 63 45 25 50 46 62 6 87 33 38 112 67 68 107 41 16 33 32 110 91 116 11 77 49 115 29 114 12 93 15 29 101 86 75 104 2 16 110 99 9 11 84 57 100 29 120 100 70 115 4 112 
14 60 71 77 6 11 29 25 119 66 26 98 30 36 62 27 114 119 72 73 25 84 97 88 26 13 13 50 112 98 69 48 93 71 75 118 9 115 109 113 97 103 45 42 113 91 2 57 54 113 32 14 72 92 24 
88 99 74 107 88 75 114 83 1 89 118 119 51 69 29 49 79 109 37 47 59 112 53 38 77 88 72 83 47 34 111 84 114 42 101 62 118 15 68 60 52 93 109 113 29 9 80 99 78 4 4 8 70 26 63 
33 29 29 53 1 7 114 73 84 92 37 98 9 112 29 115 61 100 56 75 84 106 93 44 28 46 110 74 1 27 31 80 27 19 89 15 73 24 26 51 81 38 33 70 79 117 109 87 7 41 42 41 82 119 9 
116 73 18 83 17 79 31 33 86 39 10 5 106 25 7 69 90 63 19 85 63 44 84 67 108 108 5 16 9 59 61 25 19 43 3 75 109 4 75 83 115 82 54 17 21 39 26 80 84 92 21 24 71 67 1 
107 83 87 120 21 12 80 83 63 50 29 75 96 110 112 119 77 16 109 117 70 2 95 82 7 40 63 114 11 54 112 84 1 9 35 29 54 102 76 42 68 19 29 22 5 107 97 17 21 119 28 109 71 118 62 
97 39 16 89 12 14 43 119 59 15 18 80 51 57 110 71 10 50 95 47 38 80 109 76 106 83 24 84 82 38 30 28 61 15 107 46 115 39 66 79 71 92 36 59 37 63 50 57 119 34 34 67 14 25 44 
1 10 86 28 95 13 10 4 8 6 80 49 2 19 19 97 3 120 15 53 26 112 6 94 54 60 1 41 50 47 78 90 66 95 52 66 47 116 50 18 45 120 51 109 95 49 97 51 92 54 5 43 89 78 34 
97 30 47 80 33 82 57 98 113 116 23 32 59 59 5 2 101 29 67 48 17 102 85 38 112 87 95 1 100 44 109 65 14 106 2 49 98 107 61 93 7 41 101 19 25 110 63 9 56 1 47 77 96 32 80 
2 108 49 18 44 4 101 15 80 36 18 64 57 17 53 117 48 25 81 11 60 18 100 98 55 103 112 3 14 5 75 44 80 7 59 55 36 102 19 103 103 57 51 41 103 67 1 31 105 109 58 37 31 110 97 
80 7 36 9 100 19 76 86 31 23 51 67 81 18 82 105 16 81 44 107 86 33 49 66 66 116 112 101 74 42 62 115 100 20 56 43 8 79 18 6 45 109 108 110 54 52 82 75 44 22 26 94 67 55 75 
94 10 105 80 68 93 107 48 96 39 7 116 45 89 2 35 111 66 32 102 71 81 52 79 84 100 86 56 1 10 25 107 61 101 36 26 22 67 84 115 59 119 6 24 76 83 55 114 45 51 104 12 74 51 49 
23 52 39 41 96 19 91 20 11 45 70 82 78 114 39 32 7 91 23 110 79 85 48 27 61 88 76 82 108 115 2 35 75 13 48 45 106 112 71 26 120 36 119 116 62 14 54 30 120 46 21 14 109 119 26 
102 120 118 21 79 42 110 113 1 52 63 56 49 84 62 95 58 94 41 57 72 53 20 85 58 102 106 99 67 47 108 2 93 51 107 53 78 31 77 78 49 35 5 42 77 81 112 84 34 1 17 25 73 101 101 
87 41 60 58 98 88 94 79 1 3 85 98 74 39 60 65 17 27 17 28 70 9 40 10 51 113 18 6 12 86 103 21 76 67 103 41 94 93 12 20 78 29 34 95 33 11 86 4 54 67 81 99 18 37 78 
38 107 30 49 78 22 5 112 86 35 63 77 2 47 41 112 62 100 67 5 107 26 83 79 95 86 20 9 95 97 79 38 95 36 58 79 34 54 100 38 13 28 49 37 67 1 26 107 111 109 51 49 112 9 81 
94 107 72 59 1 76 35 69 31 44 47 28 97 96 79 11 1 103 82 113 70 84 40 6 29 14 120 90 43 95 38 19 103 85 39 81 46 36 99 49 44 93 78 96 40 81 74 59 90 94 70 99 3 40 72 
69 65 45 64 43 3 97 47 8 56 18 58 60 6 76 65 66 39 53 110 107 100 64 115 51 25 66 89 37 56 105 101 50 33 56 85 93 120 3 35 59 71 38 15 68 9 97 17 84 3 104 48 35 24 89 
57 13 103 92 2 97 53 49 85 11 72 9 22 41 101 26 88 53 89 59 55 11 28 6 105 34 84 35 93 1 94 86 120 67 116 37 3 17 59 18 76 109 41 10 30 89 3 113 72 16 77 117 94 68 40 
93 57 5 91 58 59 45 63 74 89 97 37 53 112 62 33 12 5 111 77 93 47 109 29 85 87 111 89 77 33 23 20 11 84 110 89 49 46 32 46 107 81 84 14 18 33 102 19 52 116 75 65 18 49 86 
20 30 33 36 29 53 105 113 10 55 4 16 61 104 97 10 95 18 49 23 105 93 48 9 99 114 43 55 16 28 119 104 48 15 4 6 3 94 40 67 27 84 65 38 19 37 72 89 79 92 22 2 52 53 102 
