58
16 107 120 89 33 73 113 18 8 99 61 94 110 89 94 90 27 49 80 84 97 94 33 17 50 66 13 99 97 11 29 59 2 38 61 94 81 94 90 58 18 67 16 118 5 6 94 78 11 4 3 33 111 120 18 35 76 28 
30 4 120 112 53 39 113 59 67 30 45 21 70 4 102 6 94 119 107 95 107 68 90 79 113 7 37 114 18 34 8 87 39 5 106 79 11 53 117 88 105 79 96 89 47 38 31 68 69 64 22 17 65 35 29 62 120 59 
5 21 113 114 35 117 23 26 77 29 102 33 78 93 6 55 27 76 60 25 109 8 103 84 82 70 34 67 20 24 42 108 68 41 84 5 73 86 83 79 54 74 84 109 102 57 87 62 115 105 30 81 44 26 88 14 41 36 
68 64 9 23 72 120 119 119 90 106 52 68 77 95 16 10 79 38 25 39 66 3 7 12 41 13 33 95 98 12 50 21 51 120 74 76 59 17 6 37 72 26 37 42 20 34 92 53 39 35 50 86 55 54 60 24 6 107 
44 70 117 60 6 23 2 17 70 44 120 10 1 74 115 63 61 9 42 75 59 82 78 96 27 26 3 54 85 84 79 32 84 26 120 62 65 74 65 109 71 87 111 47 18 110 71 14 48 118 7 100 48 12 37 67 81 118 
101 81 20 65 69 62 83 20 9 36 15 85 3 13 86 35 25 56 58 20 55 56 26 102 11 3 23 40 58 43 49 29 22 45 34 24 73 115 1 82 35 97 80 115 39 41 75 99 106 106 68 109 81 68 55 73 116 81 
71 63 66 112 116 100 101 13 100 72 100 1 5 41 32 49 42 116 60 64 72 58 111 21 92 18 6 95 38 58 46 1 6 69 23 103 48 29 99 109 41 59 106 11 79 24 30 39 92 102 72 67 1 104 63 8 8 66 
19 17 87 95 86 26 106 32 12 14 86 79 11 72 90 45 13 98 50 80 109 72 52 92 82 82 54 9 38 15 94 87 40 29 32 31 118 29 41 49 19 69 5 29 44 36 87 12 76 36 47 16 120 94 80 82 72 52 
51 103 14 19 40 8 18 68 13 14 35 76 75 54 111 70 43 32 87 82 109 67 21 116 6 94 59 111 2 12 69 57 37 80 106 100 119 49 109 87 65 87 8 85 45 87 71 28 75 73 64 118 102 70 42 120 97 97 
58 17 63 43 78 41 118 38 100 59 66 116 42 52 84 45 4 85 50 27 74 31 20 60 9 82 76 13 44 46 7 29 6 62 43 84 21 30 84 50 91 110 114 96 59 106 35 90 104 10 5 44 114 78 44 60 68 78 
21 12 110 66 111 4 78 2 32 6 13 104 64 78 56 15 104 101 91 120 8 101 105 95 104 107 7 65 54 49 13 83 52 43 107 60 26 74 35 95 16 32 46 117 120 106 117 113 83 31 43 78 100 111 42 107 30 79 
78 54 40 79 6 107 33 63 24 29 41 68 11 109 106 104 42 115 96 34 49 107 36 20 1 11 116 57 55 71 63 13 53 7 11 65 25 32 78 43 28 116 46 91 13 42 30 12 104 82 120 99 35 23 86 65 76 26 
9 25 11 52 120 100 42 117 73 69 72 2 5 45 64 94 52 37 89 94 89 22 92 64 16 95 28 58 7 86 28 1 1 36 8 84 91 70 25 9 35 102 4 32 20 57 116 68 104 45 64 84 19 43 117 89 96 45 
58 64 36 14 105 18 37 107 66 75 35 81 41 90 12 1 110 111 65 20 8 34 85 115 71 1 91 70 15 104 33 82 119 5 52 75 99 78 61 119 78 31 89 32 2 15 77 1 105 78 80 1 49 26 18 119 119 39 
13 108 100 115 22 38 11 73 102 21 82 33 116 84 110 110 22 18 31 52 87 68 113 7 3 31 39 3 87 107 104 46 76 28 18 59 102 97 120 16 58 46 87 112 42 66 112 91 48 28 92 63 51 113 22 3 7 108 
6 1 82 19 48 93 120 27 110 2 98 13 87 38 21 59 61 91 23 70 75 39 80 63 58 19 58 111 116 37 36 49 39 83 28 45 69 66 85 16 66 101 56 2 29 30 107 66 101 26 23 118 111 79 61 59 28 60 
34 14 5 44 49 45 119 44 62 100 55 26 74 78 119 92 77 35 56 110 74 21 3 34 85 16 9 77 6 76 48 12 53 56 118 23 82 10 57 42 69 94 33 71 8 2 55 73 72 16 29 58 109 26 84 60 58 58 
74 52 108 22 111 11 77 65 5 96 20 1 17 17 62 1 37 71 113 73 19 83 17 24 45 61 75 15 55 19 94 11 89 106 92 98 13 76 34 92 32 28 50 93 4 31 96 102 87 119 83 1 101 47 77 15 41 119 
68 104 105 99 99 43 94 71 15 23 1 84 102 96 111 76 12 95 15 63 74 34 20 120 21 19 76 51 63 89 112 115 83 85 44 23 94 106 67 91 92 52 26 119 108 19 14 76 74 3 117 52 6 116 14 70 115 82 
5 87 10 5 111 24 80 2 9 98 48 101 81 50 46 45 116 87 19 39 7 86 60 81 113 1 70 65 53 65 105 8 22 26 93 24 51 106 7 96 113 109 23 36 69 49 57 76 115 89 20 37 84 53 98 64 65 100 
50 45 110 84 60 61 112 90 21 94 78 97 12 17 108 111 45 94 12 117 118 79 7 104 69 97 41 28 29 86 28 59 51 82 88 60 60 25 6 105 40 17 102 100 119 31 74 19 24 51 17 112 75 55 74 46 100 100 
54 15 52 75 21 12 35 38 51 32 113 82 39 45 82 113 3 105 96 60 29 62 99 110 102 98 63 107 67 63 39 77 26 28 15 36 52 91 72 53 41 64 119 6 3 77 28 120 17 35 82 82 81 101 5 35 119 12 
16 95 111 54 60 102 19 7 23 11 19 53 117 97 31 6 43 12 117 27 39 42 115 52 85 50 63 10 65 49 120 32 76 99 100 2 4 6 40 25 13 66 38 66 66 85 48 20 69 32 109 60 70 63 41 106 47 83 
82 40 85 102 113 21 111 96 64 34 79 76 17 74 48 74 24 52 57 84 114 3 100 83 115 43 66 75 89 60 109 91 15 65 110 75 74 94 22 40 18 51 4 46 40 93 24 84 70 76 79 52 117 100 66 86 83 92 
57 37 100 66 72 39 21 78 79 25 30 48 15 18 98 90 88 7 68 56 72 118 32 65 79 81 70 19 21 63 53 74 96 66 45 22 52 51 102 102 94 16 89 91 65 35 13 68 99 15 97 93 57 49 50 87 31 19 
68 80 15 52 73 91 63 9 116 66 43 82 28 19 24 116 119 95 114 45 112 92 78 81 80 50 39 115 6 67 2 88 73 55 68 30 90 59 88 80 32 19 69 100 55 48 10 56 22 61 100 33 15 38 65 14 77 110 
43 115 56 111 96 111 17 117 55 42 81 31 59 59 54 91 57 95 77 53 53 45 84 17 119 22 12 14 69 71 40 76 47 13 6 109 39 91 63 105 37 6 87 34 75 43 65 17 56 69 63 46 23 27 16 51 107 28 
42 80 79 16 19 95 3 110 41 86 53 18 75 96 83 53 9 2 24 55 51 46 69 39 24 39 99 21 25 113 109 94 83 43 35 50 8 110 120 9 109 118 90 102 40 30 21 93 29 42 46 65 27 46 109 111 34 34 
63 22 24 12 32 57 83 48 97 84 80 12 41 119 20 1 35 33 37 19 107 86 65 13 106 72 6 88 82 17 78 65 72 23 10 112 10 33 81 115 7 24 23 26 111 102 66 70 80 78 111 96 24 24 98 118 52 111 
55 102 1 1 50 64 79 23 43 37 93 48 79 69 29 15 118 55 40 44 3 41 90 114 118 22 107 53 102 30 49 13 36 11 46 35 117 105 59 27 33 45 2 63 32 81 97 8 66 93 83 16 47 57 109 44 64 78 
116 18 47 12 112 16 36 29 3 4 62 83 61 100 82 44 66 58 68 64 20 31 56 43 119 27 109 96 65 110 75 95 13 29 80 117 42 39 109 49 58 24 61 33 26 27 49 35 76 73 79 77 64 62 23 76 20 88 
102 118 33 32 11 55 9 44 112 98 99 17 46 6 92 120 33 12 115 100 75 101 28 117 90 74 112 46 119 98 19 30 47 39 111 88 86 69 113 23 117 87 87 13 104 23 64 99 54 107 69 9 56 40 117 113 18 70 
19 100 18 46 39 4 24 38 103 24 1 44 115 55 117 99 79 84 61 107 82 16 110 90 49 10 75 18 81 90 61 96 62 26 27 62 87 78 15 98 44 10 116 67 119 61 2 19 61 79 113 116 101 3 59 57 73 16 
56 47 6 44 5 37 51 24 49 25 21 112 68 112 93 54 71 72 60 7 119 71 97 52 58 20 64 62 110 64 117 53 44 18 52 119 30 81 1 37 68 33 73 101 98 108 56 31 38 54 118 26 81 56 58 90 14 34 
12 96 28 112 117 30 3 33 78 88 12 6 17 51 58 114 52 22 20 88 109 112 61 80 3 96 67 119 67 64 65 2 16 88 117 63 60 101 21 15 89 68 65 112 92 17 120 57 119 82 80 17 28 51 102 29 25 89 
64 50 93 95 90 111 38 49 101 77 29 92 47 20 44 33 27 52 108 49 108 80 24 23 93 89 26 41 115 56 88 74 47 69 48 54 85 120 80 99 120 64 80 8 105 104 102 93 87 109 22 20 95 56 89 79 80 60 
31 71 54 86 24 87 90 91 76 37 84 120 103 50 57 70 103 67 56 9 58 97 115 86 61 83 82 100 71 50 10 104 23 81 82 23 4 55 71 48 85 92 37 75 78 42 16 100 56 38 9 115 35 38 5 26 53 115 
28 85 18 56 61 32 40 58 1 120 55 3 64 78 4 49 56 110 12 87 20 68 90 90 111 27 61 58 19 45 41 101 66 69 5 13 110 92 100 54 7 61 62 107 42 81 63 57 50 120 1 64 113 47 34 11 80 9 
32 86 61 47 15 43 95 89 43 116 88 102 99 12 26 116 111 37 4 69 79 120 100 93 35 12 97 114 84 95 64 75 17 104 51 72 7 6 92 83 78 72 90 52 30 78 79 22 75 3 25 106 64 68 112 46 41 120 
4 24 119 110 115 30 64 94 65 101 78 68 97 44 69 76 63 23 15 60 113 2 38 102 112 117 96 9 46 65 91 117 21 105 51 97 51 81 64 23 113 5 79 57 28 52 19 11 79 42 115 39 81 113 98 108 99 53 
91 89 34 71 70 87 67 41 77 61 50 46 11 4 10 27 7 41 66 85 65 96 86 30 91 99 7 41 10 84 98 15 46 106 45 17 104 49 85 115 63 19 36 49 86 83 108 93 47 60 108 114 26 73 3 50 104 92 
76 76 93 34 114 76 46 89 107 60 115 114 49 104 114 81 49 114 46 101 5 69 43 90 20 86 30 5 35 114 66 1 59 60 7 99 29 17 64 39 105 94 95 107 99 108 45 45 11 102 51 110 106 48 59 104 41 65 
32 38 24 41 68 25 85 105 116 110 18 101 84 86 89 17 61 91 15 109 73 116 119 6 112 23 36 112 28 36 24 116 78 46 12 102 43 36 97 52 3 86 96 29 77 106 69 62 85 36 107 50 5 39 61 84 23 60 
120 42 66 57 15 12 38 98 100 24 2 19 106 120 95 40 46 11 15 46 74 107 48 19 28 94 113 43 9 84 41 120 87 6 113 19 48 15 73 91 54 96 6 45 62 113 91 56 111 83 97 41 31 114 112 47 28 100 
62 39 115 3 56 70 23 62 102 35 103 49 45 17 107 11 36 104 20 105 51 118 64 30 80 95 83 65 5 61 11 22 69 16 48 92 70 63 19 34 49 16 71 25 62 108 82 58 26 65 79 20 12 115 4 55 84 108 
93 13 54 71 89 33 118 104 62 112 44 19 91 40 90 111 90 53 34 10 5 57 32 104 106 28 107 86 61 59 86 92 100 69 44 47 90 17 25 45 111 3 98 1 115 39 19 22 9 14 54 54 34 114 83 59 104 38 
119 41 38 66 88 29 111 83 45 98 56 37 16 74 11 101 68 42 12 52 98 107 113 88 96 71 34 52 24 84 46 37 76 114 96 104 30 85 73 30 105 27 29 21 37 18 8 102 79 37 111 71 46 33 5 51 114 99 
51 2 37 42 68 104 115 47 120 2 20 91 55 64 4 81 8 112 45 100 110 117 94 22 97 37 28 82 22 85 14 81 5 100 104 116 12 54 115 110 28 37 103 3 85 57 42 96 82 1 91 102 53 50 105 70 59 48 
108 88 68 12 116 66 115 81 29 117 115 71 28 81 63 70 23 28 19 111 106 2 40 21 27 90 58 103 30 37 61 86 49 89 91 81 118 58 57 70 118 75 109 114 86 66 18 39 47 74 115 51 50 38 114 83 52 61 
116 108 8 110 86 92 68 14 56 108 70 35 12 120 110 83 102 35 7 79 16 19 58 102 119 94 100 71 2 30 42 67 95 36 2 80 36 44 62 38 44 100 89 68 10 19 5 2 12 74 55 46 1 86 116 67 44 10 
44 90 15 24 111 41 34 5 64 50 10 19 85 2 70 94 23 31 84 48 48 108 60 100 40 79 53 109 118 72 59 114 42 116 35 110 26 33 4 99 53 54 81 94 64 5 69 85 46 87 83 85 82 8 92 88 56 50 
4 21 111 111 63 62 90 66 85 84 17 21 21 59 18 25 81 68 16 32 9 3 20 113 115 60 1 102 56 91 34 63 116 68 37 18 26 32 104 19 74 44 1 102 7 89 41 54 55 94 66 61 93 11 31 82 61 53 
82 78 52 71 103 14 100 52 77 92 59 101 72 47 81 70 88 42 112 12 21 69 78 6 26 117 107 17 85 17 69 71 65 92 93 69 58 90 67 3 60 25 25 45 88 59 71 105 58 47 89 56 22 65 27 69 69 72 
28 82 14 32 113 43 84 61 50 7 63 114 29 107 45 5 69 106 103 23 73 41 116 72 93 59 112 55 78 79 96 54 65 72 107 69 36 9 72 18 109 82 83 71 54 83 73 76 92 2 61 61 120 63 112 38 119 1 
98 31 59 69 120 70 63 9 65 54 45 28 10 92 13 114 39 31 95 36 26 119 104 65 72 41 115 7 33 55 77 41 110 72 89 63 55 15 7 112 83 62 116 81 107 118 18 74 60 27 16 77 61 94 1 93 39 93 
13 60 55 72 6 113 107 43 116 42 72 106 78 19 70 16 17 25 48 1 88 21 75 78 29 107 6 24 103 56 35 50 10 4 42 95 107 32 98 21 113 11 70 73 13 56 49 102 100 104 93 65 29 81 77 72 55 90 
28 76 109 107 36 57 118 96 106 69 116 41 51 56 14 72 82 47 5 106 47 96 111 34 18 104 71 5 22 40 98 72 30 119 106 10 14 89 59 51 58 21 85 74 60 38 37 10 117 79 120 114 113 14 118 90 5 99 
119 66 86 22 60 23 38 53 27 109 111 98 109 110 85 82 40 4 89 60 30 36 71 112 101 25 111 56 54 74 83 1 88 45 96 48 80 66 28 94 58 98 120 39 74 69 116 103 16 7 93 98 103 103 2 79 14 106 
