58
120 7 16 96 93 76 38 56 113 57 98 17 97 93 82 9 71 82 105 77 28 24 112 78 6 105 75 40 13 58 83 30 16 79 120 31 44 37 102 69 119 9 86 102 104 21 34 46 58 56 105 11 109 17 73 47 57 38 
51 97 28 83 14 105 9 109 45 29 112 107 119 46 42 69 85 86 48 62 13 70 15 98 74 16 37 71 84 77 22 68 90 10 5 18 21 27 80 29 97 93 43 76 92 56 114 115 44 81 28 57 23 64 66 29 3 100 
55 102 111 78 58 40 28 26 18 17 62 57 25 17 8 69 30 44 71 17 39 35 91 30 12 108 40 25 113 91 29 9 81 99 83 82 68 67 93 76 42 72 29 42 70 34 6 44 110 83 74 71 54 23 91 84 46 23 
36 68 108 69 31 30 68 106 105 29 37 50 11 87 60 4 30 32 112 36 7 44 55 113 68 26 40 39 101 36 52 76 28 44 7 50 10 59 74 90 20 73 38 111 80 65 18 54 2 59 68 20 77 28 67 68 71 81 
119 39 53 3 1 47 34 110 74 85 86 26 21 66 89 115 74 46 48 1 106 26 24 109 73 12 77 91 42 59 3 108 45 8 114 11 2 88 96 59 34 71 103 53 58 88 27 101 84 74 80 98 4 45 78 77 78 57 
11 58 30 98 113 98 107 98 76 101 107 40 32 49 16 4 120 33 90 38 83 4 40 29 72 4 95 24 93 29 106 29 107 96 77 116 59 95 81 52 9 62 120 85 82 115 112 118 98 91 11 84 65 88 11 62 76 94 
65 60 75 62 66 41 101 104 115 69 113 79 8 41 87 60 9 28 26 112 71 61 25 30 13 21 29 18 31 8 2 43 53 17 80 54 108 93 25 33 26 38 8 53 100 4 77 72 55 74 99 1 73 12 85 87 72 52 
68 102 68 77 120 89 49 24 59 37 51 13 75 93 93 14 4 31 3 88 70 102 88 66 113 91 86 60 33 3 45 107 3 68 116 57 56 39 16 19 9 61 21 53 103 31 91 61 57 91 31 105 15 99 104 88 72 87 
32 97 40 47 65 75 22 92 74 31 52 32 91 74 88 6 5 41 96 110 113 80 113 117 78 14 50 74 80 78 28 117 36 6 105 116 66 56 66 106 115 22 89 18 9 6 39 108 17 57 78 115 69 3 116 17 6 18 
79 12 70 24 78 87 43 11 46 78 102 93 66 117 65 30 66 103 111 80 61 96 6 66 114 109 25 105 78 9 68 119 96 56 106 102 85 46 45 46 5 97 70 116 105 111 98 118 87 91 63 107 15 87 97 112 113 11 
100 97 91 106 23 37 31 7 70 38 35 68 59 97 99 24 36 70 2 27 92 56 104 11 102 89 51 15 23 12 84 6 30 103 5 13 85 105 30 94 34 78 37 10 89 17 29 62 100 48 77 18 30 2 64 42 95 38 
18 108 88 7 57 56 56 87 63 72 88 56 25 5 116 7 28 93 12 117 56 70 65 94 112 18 4 61 39 53 75 72 53 93 31 77 11 96 5 30 46 77 108 18 29 88 111 48 34 105 87 44 63 32 45 38 93 33 
68 71 120 109 55 15 48 18 56 82 24 8 86 68 78 28 71 81 34 102 74 100 68 79 38 89 50 42 11 3 65 100 67 20 21 64 92 18 53 54 85 31 118 110 96 94 119 44 87 110 87 109 62 87 105 68 54 62 
71 24 25 98 89 17 14 61 106 52 57 98 33 109 7 43 24 29 34 63 26 106 119 9 47 74 27 11 98 112 101 38 19 14 119 44 5 84 2 58 81 65 57 95 8 85 29 109 10 27 104 93 67 6 68 33 106 29 
1 3 46 116 20 109 52 23 6 68 24 75 93 54 81 48 100 12 4 58 107 45 22 14 58 111 117 16 90 64 46 68 111 38 57 114 18 91 119 88 36 57 42 118 10 45 11 44 118 50 37 36 108 113 118 29 41 37 
51 90 115 76 55 119 8 84 103 93 82 30 10 52 56 30 21 15 30 102 58 80 5 105 62 29 13 55 33 46 120 27 25 87 101 55 86 70 72 2 2 64 21 35 120 91 89 13 23 65 98 18 40 110 2 74 8 33 
114 96 87 7 36 96 94 52 33 62 98 96 106 74 90 92 27 42 71 100 104 4 77 64 79 28 101 116 24 59 55 12 100 35 118 91 103 30 66 115 66 37 106 119 2 13 50 67 67 8 83 109 67 24 109 66 7 23 
55 11 84 90 98 74 6 63 54 116 89 12 64 26 118 38 110 82 92 47 78 21 95 27 108 68 120 114 114 63 48 61 31 28 40 109 114 58 89 105 37 56 94 31 61 80 59 110 78 22 116 87 7 8 10 92 39 94 
114 5 120 115 60 99 85 6 111 9 95 31 36 43 85 114 120 10 30 112 38 84 3 103 16 85 87 73 93 59 10 95 4 74 72 39 52 85 110 14 58 9 3 91 56 119 66 25 115 84 78 82 85 81 26 64 32 86 
34 4 7 61 10 85 22 61 115 9 91 57 53 117 97 71 82 111 56 66 56 9 52 55 15 109 101 31 60 53 71 75 5 31 107 7 10 17 113 96 20 76 103 65 106 20 111 51 21 96 15 29 25 64 48 87 93 78 
107 103 13 98 80 56 50 2 64 111 28 12 49 38 70 69 48 8 37 78 86 17 73 34 24 43 105 6 100 45 58 55 109 113 96 1 47 66 7 23 4 18 1 49 10 55 17 113 102 98 12 55 101 53 118 52 12 12 
19 115 78 73 20 16 89 69 19 31 60 19 99 31 80 115 77 61 13 91 18 12 58 92 72 87 104 19 56 23 50 120 61 1 86 63 68 86 19 76 58 51 72 34 97 20 109 71 4 104 9 16 24 89 84 14 2 95 
30 25 114 12 103 90 63 119 86 6 51 85 102 61 77 24 117 119 102 110 106 105 49 63 85 118 22 49 1 55 39 50 42 66 91 29 63 73 64 31 9 64 81 15 80 97 63 97 30 103 9 28 90 74 39 31 15 107 
59 12 38 68 37 73 12 54 67 61 72 94 93 52 60 75 53 82 17 96 31 74 46 29 38 118 68 75 44 103 23 3 83 64 76 70 61 14 36 115 105 82 74 67 53 10 76 12 32 10 99 8 60 116 26 57 64 115 
22 3 89 36 15 70 95 120 23 28 108 112 43 33 25 31 6 112 120 63 3 11 58 97 115 22 8 113 83 105 64 98 103 89 101 2 118 17 2 40 12 73 7 110 31 27 64 108 115 67 7 35 105 81 32 20 39 63 
38 76 117 85 85 82 18 71 102 49 116 43 50 67 82 23 104 116 68 6 109 84 57 101 44 27 106 73 45 21 6 32 7 7 118 93 80 30 90 66 49 117 84 89 57 111 44 96 14 5 38 82 82 106 19 86 20 12 
14 87 117 75 107 68 32 49 20 85 76 114 85 28 41 32 20 20 66 11 76 15 53 16 15 73 84 35 90 69 83 77 4 6 6 32 115 33 118 4 98 1 16 71 120 75 26 20 7 49 23 43 51 23 71 82 23 106 
120 63 57 96 73 36 63 47 42 90 33 19 51 110 94 89 5 91 66 31 41 38 47 36 47 25 99 43 7 85 91 2 112 109 13 27 41 76 82 75 114 84 35 110 83 118 10 52 69 73 12 99 28 93 107 36 100 66 
39 105 64 17 62 65 71 41 103 56 111 84 51 37 1 8 117 50 15 2 47 39 112 116 113 53 45 9 102 76 98 54 117 98 84 70 120 71 61 4 12 93 17 67 36 31 22 31 39 96 71 117 111 13 15 56 26 5 
2 63 113 4 18 26 21 11 47 86 63 120 71 94 72 87 79 75 69 51 15 1 25 48 10 7 112 54 118 101 34 5 26 80 23 108 97 68 20 108 83 3 2 80 9 85 75 26 120 101 50 78 68 111 67 79 85 81 
63 110 103 69 120 92 20 103 48 78 37 120 69 87 17 37 47 75 12 50 33 45 17 82 78 17 5 49 61 51 75 95 11 79 96 119 53 15 24 51 27 102 12 69 68 113 59 88 24 85 19 53 109 12 53 56 105 76 
33 37 7 75 76 85 41 61 101 20 20 10 96 50 98 82 116 42 76 88 71 7 44 98 6 52 38 111 37 82 30 120 46 40 53 78 74 9 54 16 41 27 77 5 90 64 65 60 89 36 111 10 6 117 86 16 79 39 
101 57 53 101 100 112 22 6 112 15 43 119 62 10 19 51 71 60 77 12 67 33 4 115 86 62 73 11 55 38 98 63 66 36 69 51 25 119 41 90 87 54 106 2 107 102 74 85 100 41 22 19 116 81 21 13 83 50 
76 35 31 5 120 107 109 103 10 79 89 41 117 93 83 9 36 100 69 89 79 60 106 64 83 105 2 92 82 14 106 85 110 106 91 83 12 48 43 39 116 19 33 33 87 75 107 80 57 23 42 37 12 73 16 4 117 76 
109 54 24 35 39 62 45 27 110 118 39 118 97 61 86 68 84 23 106 21 91 111 96 114 3 109 105 94 2 81 92 110 106 75 15 45 67 104 37 26 118 58 3 54 42 23 79 99 39 51 32 104 119 58 25 16 11 11 
28 10 73 41 16 93 64 75 110 97 20 45 105 48 43 113 98 49 53 82 5 9 17 66 1 47 31 37 43 43 19 61 58 34 61 29 31 84 65 55 17 91 47 34 26 21 70 52 81 50 80 32 36 109 57 69 53 6 
82 11 61 77 101 21 44 25 73 3 17 44 59 14 6 99 78 49 2 27 17 33 21 104 24 35 93 119 94 117 116 68 23 4 93 31 50 10 39 105 1 120 81 36 116 100 1 94 22 65 83 51 75 103 14 59 59 117 
39 72 23 110 74 13 18 88 48 24 45 53 11 55 83 9 100 103 72 28 99 45 10 99 94 8 3 111 44 32 70 71 28 20 46 57 89 10 59 87 93 22 40 9 57 12 71 100 79 50 66 119 69 22 23 110 25 33 
80 31 56 76 13 23 37 78 112 35 40 73 19 79 37 7 82 112 97 49 56 35 92 63 119 81 65 90 116 96 105 28 55 65 38 105 116 116 52 47 42 100 65 89 87 86 58 52 44 117 60 111 65 73 41 25 15 57 
25 104 102 16 14 67 88 88 9 93 84 92 100 45 28 82 97 45 103 88 53 96 114 35 94 16 104 120 41 70 107 62 116 85 42 117 119 17 40 45 79 43 38 75 117 66 37 28 29 99 46 100 53 60 57 29 39 4 
54 109 75 74 58 69 86 34 8 95 95 77 70 1 75 35 99 92 39 84 94 51 89 56 67 4 55 96 106 69 71 66 84 36 95 43 50 62 27 36 47 47 56 90 46 37 24 110 95 108 68 106 69 30 100 86 114 83 
41 64 68 48 110 119 46 35 51 51 16 94 7 78 14 114 69 28 69 43 57 111 32 15 19 10 34 15 47 26 5 69 105 22 118 1 98 1 23 111 32 59 18 79 47 83 49 52 45 26 60 60 70 28 100 9 68 110 
100 11 86 35 103 20 55 47 90 72 117 30 36 31 61 69 119 100 68 61 48 115 113 78 49 1 90 118 113 67 108 31 65 21 84 90 51 68 23 40 103 27 58 25 62 51 103 44 21 57 85 78 120 56 17 101 31 34 
91 32 84 26 77 74 62 112 58 59 120 8 14 95 35 96 35 61 108 96 45 42 42 64 67 1 81 84 79 99 47 60 89 91 40 1 16 61 65 76 30 23 72 45 31 94 112 103 86 7 60 30 56 73 118 105 7 23 
43 79 56 25 9 27 31 76 13 43 29 103 11 15 75 117 89 41 52 9 79 107 56 39 29 111 44 54 13 13 41 53 19 35 34 41 9 26 14 42 79 81 111 45 99 52 79 19 118 5 71 94 107 43 81 38 89 46 
20 62 26 69 88 32 47 38 43 18 22 25 36 27 56 10 40 9 46 11 36 110 40 9 55 60 40 109 42 91 56 100 80 117 94 83 64 5 3 76 19 32 64 84 67 30 99 120 29 92 67 117 117 29 17 73 108 120 
42 106 116 90 51 120 101 83 93 50 57 44 114 90 75 58 111 7 119 31 26 33 28 71 42 105 25 109 104 101 11 37 11 28 63 102 96 75 57 117 53 10 91 10 117 85 87 72 33 39 18 25 51 87 51 69 89 105 
65 52 66 46 98 99 27 33 59 103 70 86 80 30 83 91 21 35 25 68 110 53 32 104 116 31 42 58 95 85 39 17 83 97 106 12 119 88 60 105 25 79 93 7 23 17 92 106 61 92 30 62 38 78 31 35 91 14 
116 16 39 7 32 15 54 89 37 1 13 14 81 41 16 114 38 45 77 72 24 111 92 53 38 64 97 84 100 54 111 30 78 107 89 18 92 38 31 20 48 35 112 6 111 117 115 79 40 30 19 63 117 64 28 115 95 83 
67 37 109 61 18 102 16 116 96 107 38 60 2 48 26 114 85 12 83 119 31 120 95 97 29 88 16 26 81 5 26 83 80 99 97 30 23 31 23 11 94 16 98 31 33 69 74 69 91 26 36 119 46 45 80 102 40 25 
59 2 19 8 103 117 38 79 48 36 84 47 73 76 16 27 27 60 24 8 46 95 47 10 28 96 70 49 52 86 113 90 120 107 111 4 78 31 71 39 117 110 35 109 111 28 55 22 2 32 27 91 80 12 47 14 25 53 
104 96 118 2 50 102 63 78 3 60 117 72 3 35 59 75 31 2 30 117 107 58 31 117 39 52 99 30 75 86 97 32 52 41 4 67 47 77 97 15 56 21 64 69 7 15 26 116 116 31 36 9 99 42 69 94 116 100 
100 81 12 73 79 106 71 103 93 44 86 68 21 63 5 96 115 3 99 15 100 90 112 22 116 28 46 20 31 104 104 14 75 56 4 3 117 24 109 23 69 119 44 42 110 3 85 75 41 102 86 87 60 93 106 84 71 59 
21 46 92 67 56 111 97 38 54 70 68 43 54 47 72 25 106 44 79 71 77 8 79 44 5 57 30 60 120 64 79 66 88 99 18 17 119 85 83 17 4 114 95 48 47 73 39 74 31 65 86 76 56 116 3 16 64 32 
60 31 23 47 103 13 73 39 59 20 81 7 72 82 93 75 1 96 30 108 60 14 59 54 65 11 80 75 101 36 53 74 70 87 53 93 24 99 11 14 66 7 55 101 42 62 1 106 4 65 47 62 37 10 1 94 6 27 
14 70 23 91 8 26 70 119 108 93 17 55 43 44 86 116 92 97 76 74 104 104 38 13 60 9 12 45 83 7 86 2 107 112 66 85 52 72 13 55 91 76 40 64 101 105 87 104 16 115 29 54 26 38 62 21 8 111 
39 22 81 21 69 95 117 20 110 88 93 65 99 51 60 22 99 24 72 14 89 67 102 90 67 12 89 100 45 67 80 87 101 81 7 4 119 33 64 23 67 87 22 38 23 109 67 58 47 93 15 118 28 108 107 57 91 118 
40 102 58 67 102 33 9 26 7 14 83 113 26 45 90 92 31 44 77 7 74 97 85 44 18 48 60 57 25 64 50 28 73 30 28 43 29 11 80 38 54 23 101 7 98 24 41 91 20 12 10 44 7 116 9 104 62 47 
