61
71 23 80 103 73 12 81 17 117 118 27 4 115 32 67 119 64 114 50 38 67 47 93 97 111 47 96 36 102 17 116 5 57 51 30 17 85 98 61 75 5 119 18 33 2 68 30 93 16 88 43 32 81 34 112 28 77 95 29 30 115 
63 68 103 113 95 59 15 76 18 68 54 57 120 14 42 16 47 102 113 24 107 116 107 7 9 113 17 55 117 41 10 101 100 67 1 53 50 95 57 39 19 41 6 34 31 111 93 12 101 30 51 28 53 108 49 49 32 39 96 48 46 
51 12 15 40 27 69 53 120 106 33 109 110 10 69 46 96 69 59 39 97 115 23 38 4 76 14 62 99 61 42 66 28 70 75 51 93 17 20 43 97 87 87 49 72 67 5 4 73 57 26 78 97 83 68 45 119 7 21 77 48 15 
96 67 20 114 111 89 106 120 103 75 34 96 44 15 21 77 31 110 28 85 78 61 59 39 18 50 7 23 7 120 53 32 65 59 50 93 41 34 59 107 84 90 47 76 56 22 104 77 70 66 50 22 1 108 102 29 115 57 50 43 68 
116 33 5 93 99 53 105 3 17 52 84 52 22 82 21 28 95 19 102 51 53 107 114 77 99 69 114 109 40 117 96 33 91 62 47 16 24 51 104 13 108 101 90 77 83 24 85 50 117 12 107 79 82 39 28 76 80 101 26 42 111 
84 42 98 21 109 38 101 81 88 120 89 42 42 51 23 60 2 23 97 120 105 32 6 19 26 56 57 1 119 51 93 62 4 117 28 56 75 47 111 118 114 94 55 74 20 116 94 114 79 2 45 67 42 25 102 5 103 26 26 86 24 
78 116 2 64 104 42 40 13 94 35 101 61 103 42 93 32 60 70 102 97 105 47 44 117 39 112 93 18 55 91 53 76 27 12 103 75 41 96 68 30 98 58 89 115 50 33 45 29 72 81 7 85 61 113 70 68 42 26 90 115 5 
108 118 84 94 14 81 37 42 47 102 34 19 66 110 92 31 24 44 42 56 56 35 41 48 78 11 87 37 56 60 3 110 96 94 113 104 7 98 55 117 107 11 53 13 36 118 108 119 113 3 76 109 86 52 19 8 120 16 50 70 67 
12 96 39 41 119 100 24 99 120 85 10 15 54 109 30 12 45 108 74 38 108 97 34 113 27 109 29 18 8 92 35 4 108 115 42 96 85 36 12 91 20 46 7 94 27 75 51 85 49 60 20 105 39 49 47 97 101 115 3 104 33 
85 92 84 28 113 88 111 114 89 119 31 3 43 98 71 2 118 66 74 61 82 27 81 30 80 53 77 103 25 85 30 33 82 13 2 78 28 26 104 65 35 100 92 95 63 70 50 16 29 28 5 4 13 66 108 48 23 9 17 3 111 
38 84 74 11 95 30 47 71 21 40 15 20 119 44 32 111 59 14 52 15 53 110 91 89 31 15 5 40 10 95 38 90 43 29 14 31 53 20 119 111 34 107 93 82 22 27 48 91 97 92 87 66 32 86 18 117 90 102 58 84 110 
23 68 98 70 115 120 78 87 18 25 24 16 42 111 46 78 25 100 43 111 42 112 102 80 65 2 47 56 71 49 27 20 15 43 105 3 79 11 92 31 78 67 85 105 20 98 116 53 76 7 49 47 22 27 95 96 89 60 116 16 49 
48 112 88 91 119 9 116 96 28 47 87 98 103 12 61 41 75 96 19 31 81 41 63 71 13 8 15 45 64 114 23 72 24 96 15 53 119 49 26 26 67 50 17 25 21 51 10 3 21 8 15 98 110 18 69 89 48 68 97 2 42 
65 73 7 70 89 78 85 18 51 14 26 63 29 84 74 22 91 35 90 12 67 19 96 64 99 74 59 93 64 30 76 83 10 120 16 102 74 35 71 107 23 77 79 66 97 16 60 119 13 28 112 85 55 89 116 15 47 89 68 64 95 
116 115 96 48 25 96 78 38 9 76 111 90 38 24 97 34 103 77 48 76 19 63 20 108 44 77 5 95 29 114 90 112 1 19 18 66 97 102 92 110 37 21 70 62 56 40 11 19 60 79 31 52 52 46 80 34 70 112 106 26 69 
72 84 108 6 1 93 65 42 33 34 104 11 110 84 30 37 19 92 45 67 45 79 13 17 58 24 61 44 13 71 66 107 12 52 35 44 94 58 50 5 79 4 112 32 49 30 28 101 119 67 9 87 12 54 106 56 102 24 25 50 40 
39 68 69 13 25 95 106 100 55 61 109 99 12 60 38 51 50 11 115 97 33 45 88 110 24 49 59 69 70 59 25 61 82 14 20 53 99 89 18 11 51 48 100 74 74 120 72 52 54 72 85 100 42 60 42 100 1 64 13 107 92 
36 63 6 22 46 109 14 83 86 93 94 45 29 67 39 87 9 77 76 103 46 112 3 86 105 33 66 12 112 23 35 86 14 55 12 25 63 78 105 9 104 2 79 66 23 74 109 34 74 60 18 63 50 86 36 44 20 3 73 6 54 
3 14 113 109 31 58 86 14 8 102 92 1 4 103 47 120 55 32 30 101 45 15 98 8 92 44 63 63 118 41 89 116 23 85 73 12 15 6 103 33 1 65 85 12 89 72 24 28 1 5 51 104 48 41 47 69 102 19 53 53 26 
112 18 104 59 103 70 60 50 117 105 60 13 120 111 26 45 118 65 88 98 62 106 51 10 114 53 41 108 84 80 106 119 109 97 41 73 119 67 90 22 4 106 82 112 34 69 119 61 3 99 104 116 118 115 45 102 74 34 107 56 34 
41 103 46 40 65 92 92 76 118 52 85 86 105 106 83 93 51 42 107 95 33 47 47 62 104 104 21 78 45 111 100 66 68 49 63 69 85 3 42 31 27 8 111 20 105 47 49 101 110 102 6 35 109 97 79 62 18 104 72 102 26 
3 93 94 11 114 69 100 65 19 33 37 32 114 104 34 82 112 73 98 47 16 99 101 116 93 17 115 96 71 73 10 29 95 83 49 58 64 111 22 99 79 118 70 116 44 38 82 108 19 14 36 33 58 101 41 2 4 115 84 23 117 
108 97 117 52 63 29 90 60 76 16 116 5 3 65 45 36 33 103 74 55 20 117 75 10 98 108 57 100 56 49 54 18 3 42 66 41 9 45 18 14 85 25 51 80 59 114 41 106 24 82 6 91 31 104 87 43 114 9 41 59 46 
78 112 74 86 72 70 94 60 25 3 36 51 32 81 117 103 93 39 86 14 116 8 42 25 62 61 76 41 83 6 47 41 101 56 119 1 100 112 17 110 27 81 34 53 71 38 78 10 103 29 8 87 114 2 106 25 6 116 98 43 37 
52 113 96 31 1 96 83 98 64 54 19 87 73 113 43 7 65 33 3 50 88 117 95 8 105 102 17 8 73 108 60 14 92 25 46 29 95 48 2 45 107 69 46 60 31 46 38 39 107 87 92 57 61 35 86 76 110 5 86 45 118 
65 44 90 34 87 48 38 17 8 70 115 34 113 26 70 69 54 49 45 62 29 73 24 65 42 34 82 73 68 20 6 119 81 111 108 95 29 84 96 117 72 97 89 72 96 106 68 6 89 51 45 23 103 69 93 44 31 99 41 11 115 
106 30 102 63 91 18 99 44 31 97 29 73 104 112 55 65 80 12 31 28 88 109 60 116 62 84 65 111 3 20 48 114 55 14 3 97 5 18 74 104 103 78 88 69 108 33 22 104 41 27 10 27 118 2 40 119 112 53 46 106 84 
64 16 79 32 72 49 29 35 107 62 40 30 72 42 104 86 102 14 42 62 106 3 46 102 27 96 20 4 35 16 15 15 24 99 56 57 16 64 77 20 28 63 29 51 85 33 11 88 23 38 93 64 39 113 56 84 47 114 93 20 43 
100 31 40 48 99 62 56 48 27 61 98 88 19 64 43 55 45 79 39 53 16 104 47 104 5 14 97 23 75 116 83 53 86 55 59 54 120 12 39 101 113 97 67 62 34 42 28 10 118 3 22 40 93 108 21 13 18 95 88 113 115 
50 55 27 118 94 71 2 38 4 34 2 64 46 110 62 31 7 111 77 63 87 50 32 83 105 33 68 14 39 88 60 31 23 79 8 11 2 55 86 50 56 31 75 76 97 88 48 57 29 2 113 97 90 87 86 119 51 101 13 80 22 
16 25 100 98 53 85 84 73 3 53 115 45 119 5 71 86 81 97 100 107 38 85 103 24 8 36 105 5 7 77 83 46 83 12 5 86 100 19 108 17 71 62 88 76 61 101 4 94 74 108 52 31 33 12 55 64 84 16 27 20 115 
19 19 71 116 82 31 32 95 9 34 74 89 97 70 1 105 12 97 118 72 48 32 92 92 90 116 87 80 107 15 8 120 41 79 29 5 117 30 23 102 118 21 28 58 75 54 60 86 67 12 66 82 26 85 74 93 33 38 82 42 28 
25 46 96 38 75 103 38 103 27 24 61 89 98 83 18 51 18 106 11 68 74 44 28 14 82 33 36 23 81 119 17 8 39 119 119 28 2 11 67 84 15 102 31 76 50 119 34 20 46 61 54 36 104 77 28 26 118 17 104 7 33 
102 19 105 120 18 67 34 91 16 66 118 80 26 97 105 40 29 10 61 103 45 48 55 72 46 1 118 82 9 84 102 74 15 69 51 21 1 23 72 62 67 15 44 2 32 46 113 56 38 28 38 58 20 34 45 97 104 11 36 28 102 
26 88 115 90 69 20 118 45 28 13 64 52 109 41 76 80 19 82 113 84 21 85 14 58 47 31 28 5 46 81 65 40 99 119 68 35 37 43 2 27 115 23 118 116 3 31 104 32 55 15 1 118 103 120 101 93 74 76 77 68 37 
64 37 105 10 78 56 76 23 90 41 56 35 22 117 93 30 113 62 114 15 47 111 51 119 3 102 14 4 103 35 119 105 93 111 64 32 94 1 55 19 48 53 70 80 83 87 82 109 84 96 27 10 9 83 8 90 68 23 75 64 76 
106 5 26 5 77 50 25 47 31 26 54 91 88 47 84 36 5 18 99 60 117 27 55 66 54 51 15 51 26 99 73 5 62 1 96 46 33 27 112 45 20 47 50 65 33 32 36 6 22 20 80 100 62 118 18 80 65 114 107 120 99 
14 49 61 56 79 57 88 100 56 48 33 81 108 4 117 9 82 22 16 56 106 94 114 10 8 114 107 10 64 59 25 116 53 90 40 99 92 7 120 106 80 83 98 41 20 51 104 56 1 78 3 18 31 78 80 113 33 93 98 105 11 
5 60 82 7 94 3 100 27 72 10 97 76 80 73 46 99 14 77 110 84 60 59 48 70 83 14 83 43 25 57 84 13 1 93 14 102 118 100 42 98 79 117 66 5 30 96 116 94 63 70 53 80 14 3 110 40 3 12 91 61 58 
118 3 113 30 43 68 23 69 57 111 46 59 108 91 114 41 52 59 3 68 5 101 58 43 73 35 14 18 28 41 11 86 97 103 66 51 43 7 119 106 24 42 78 59 78 56 34 15 78 79 32 56 61 117 28 115 33 12 74 78 88 
43 37 8 59 23 119 54 20 59 62 89 19 93 94 62 79 21 4 67 102 51 46 81 98 30 24 81 105 52 91 103 64 65 24 6 101 98 80 27 98 110 22 105 9 102 12 115 106 87 36 55 38 24 55 67 94 104 70 69 106 86 
54 35 88 6 51 90 76 87 77 11 80 4 120 45 71 98 108 90 3 44 25 97 114 102 52 57 11 90 93 102 18 5 65 2 105 40 72 102 39 4 118 118 81 107 93 10 13 73 37 48 34 86 109 60 36 80 107 61 79 110 105 
103 116 13 6 24 14 66 4 108 47 119 78 105 83 43 118 64 55 27 87 1 87 14 65 92 26 40 44 78 30 58 93 95 63 109 35 54 106 34 78 44 92 22 89 16 92 15 99 29 30 112 59 88 118 1 10 87 112 31 79 76 
59 106 120 110 30 82 103 52 42 15 4 88 45 19 24 89 118 85 46 100 114 46 95 113 32 85 75 55 5 84 45 115 82 60 59 105 49 77 108 30 56 48 89 28 13 44 67 108 30 85 88 59 10 12 5 64 91 5 102 64 60 
66 78 11 52 110 5 47 96 6 93 49 77 39 84 111 10 75 6 53 99 87 74 53 93 26 54 44 24 114 119 12 88 92 84 52 23 94 119 33 34 29 16 41 117 42 113 62 61 108 72 104 89 39 61 42 61 25 65 12 74 34 
35 11 48 1 28 9 62 98 107 27 26 93 92 114 82 4 107 49 32 69 88 11 29 71 30 116 85 103 76 100 74 11 94 87 26 75 39 75 75 98 31 107 120 28 93 111 37 116 63 53 101 106 35 53 84 32 41 94 40 94 69 
101 29 85 3 106 13 21 42 21 16 31 93 71 12 103 11 108 9 110 6 81 116 116 12 83 84 1 75 27 4 38 86 93 93 15 54 18 27 8 67 24 39 81 77 110 71 11 10 22 5 31 115 26 107 48 12 35 104 64 59 6 
115 106 72 6 9 115 115 6 79 84 1 34 6 65 14 103 83 40 51 93 7 94 1 60 26 4 69 50 13 99 62 13 96 15 85 73 55 8 103 109 105 8 96 5 47 3 116 116 112 80 43 58 66 47 44 104 103 93 69 103 36 
66 45 15 73 19 50 41 3 95 112 28 42 43 97 18 26 3 49 39 60 98 63 81 60 52 46 115 108 65 108 41 5 31 101 104 94 77 92 70 12 7 64 109 120 20 43 109 92 13 2 2 72 31 79 26 54 93 113 97 52 55 
30 108 3 10 95 14 52 65 118 77 97 108 53 76 1 1 37 2 55 70 64 108 107 110 87 78 97 85 100 13 103 62 44 120 39 86 18 50 119 14 52 59 42 110 37 34 119 6 63 71 27 84 59 63 29 19 95 95 103 36 23 
76 108 85 29 59 78 66 96 29 35 92 58 4 8 70 72 97 3 16 112 119 109 95 44 84 54 13 52 51 8 22 22 57 86 47 27 110 113 44 88 44 60 91 22 65 76 78 74 24 41 95 91 44 79 3 16 43 87 116 112 87 
34 88 92 53 42 24 99 33 34 35 11 29 108 48 10 59 8 56 85 45 73 50 36 31 62 37 7 63 53 105 8 77 117 99 47 108 30 104 95 51 43 19 13 115 20 118 101 116 20 96 78 98 115 115 119 18 8 4 107 54 26 
32 118 3 104 45 61 85 30 14 67 30 61 35 22 55 96 52 33 89 10 31 51 56 75 115 69 30 108 33 5 105 1 63 10 82 110 48 28 17 94 37 97 84 59 43 82 60 23 6 116 57 60 120 10 55 109 4 36 51 104 38 
16 87 7 87 92 12 61 115 55 105 117 12 10 116 10 47 105 114 27 12 61 10 92 42 90 45 49 98 22 81 56 23 74 19 8 120 49 51 107 57 66 23 25 39 60 82 107 38 39 46 94 113 89 20 95 80 106 84 85 38 23 
120 119 26 34 39 99 37 90 75 4 68 91 66 109 98 12 9 48 105 2 3 103 61 70 1 50 25 119 66 111 88 103 112 87 83 11 48 76 75 49 54 46 110 55 31 38 61 78 35 94 79 20 115 36 120 70 117 59 5 7 103 
35 13 109 115 14 78 43 96 110 41 41 9 40 119 73 15 33 54 15 26 13 31 98 103 71 69 26 35 54 26 15 23 88 82 44 115 62 9 66 17 83 52 107 40 119 1 25 14 79 47 108 55 34 57 11 51 89 22 76 110 71 
49 94 36 82 44 105 10 18 94 110 100 4 59 48 90 35 66 30 22 65 15 93 68 97 114 32 74 27 85 74 53 20 97 81 59 102 59 96 41 117 85 68 85 24 31 50 23 12 72 13 118 78 98 27 77 22 21 51 87 11 81 
83 77 81 11 15 62 97 89 19 3 83 39 107 51 48 41 99 42 38 94 106 30 53 72 52 103 112 61 32 28 31 93 83 117 40 88 110 84 44 19 70 88 4 114 108 114 41 33 88 82 22 99 90 55 29 14 84 68 25 3 74 
46 65 30 31 66 27 80 55 15 46 25 107 65 70 68 68 92 23 116 63 77 98 3 62 3 75 61 29 36 10 10 37 107 11 65 84 8 100 97 53 89 27 21 23 54 116 111 28 110 45 106 14 61 22 2 10 70 19 6 83 93 
113 60 114 24 87 113 56 60 113 49 44 94 96 46 9 42 47 84 35 91 15 101 6 13 21 46 50 47 64 72 58 109 50 57 95 25 33 7 111 84 78 14 91 28 74 33 111 37 109 116 93 12 8 40 36 2 96 112 108 112 28 
49 120 71 116 79 23 74 88 26 50 36 56 43 114 13 63 14 97 107 62 68 6 19 113 20 1 78 110 98 116 16 87 86 51 20 53 48 77 85 59 64 36 8 6 110 116 3 54 91 105 90 73 61 115 106 97 1 23 94 39 9 
