61
116 114 120 9 66 6 70 4 14 46 96 106 33 47 12 117 25 66 7 51 8 20 57 50 27 29 38 11 35 44 10 87 107 110 94 85 30 47 49 44 57 64 34 74 8 54 113 109 18 64 33 39 28 102 84 67 8 26 105 65 7 
88 102 73 46 31 105 28 13 85 76 116 29 6 104 99 34 75 13 12 28 69 64 46 77 14 47 40 72 44 115 27 104 38 80 83 76 81 47 26 21 78 14 118 60 53 2 82 65 66 54 42 9 108 55 72 4 36 64 1 32 91 
95 95 66 90 105 109 15 78 96 112 76 31 53 54 22 25 95 94 52 19 113 109 17 55 65 71 27 32 5 63 4 7 53 54 28 57 58 30 44 50 47 115 117 104 91 67 77 89 109 69 16 64 63 62 30 58 67 29 42 24 34 
65 64 80 39 52 68 73 19 62 68 44 88 80 82 46 60 88 102 69 40 102 95 58 59 50 56 5 5 78 59 93 105 5 9 51 15 58 59 92 94 39 16 79 106 95 89 92 102 6 36 91 64 69 66 35 31 41 19 44 57 56 
71 14 113 69 120 111 46 59 11 9 53 67 30 66 114 64 19 111 72 87 25 65 98 47 82 5 96 22 59 39 119 36 49 23 81 111 19 56 89 3 24 54 27 14 39 105 28 88 83 51 78 52 3 86 79 12 45 32 56 41 108 
77 2 80 80 22 27 97 1 55 79 81 35 110 19 13 13 1 87 41 34 33 97 66 35 91 34 71 118 113 7 4 95 106 18 37 56 97 90 31 49 27 8 26 39 47 35 70 28 37 68 3 32 9 102 72 101 59 23 66 67 24 
107 11 54 73 63 72 73 113 54 114 116 111 94 20 22 79 14 82 56 50 34 85 74 98 107 22 25 35 36 96 91 9 82 94 32 85 16 65 73 72 18 16 1 95 49 105 29 38 3 78 116 96 63 83 26 48 38 79 74 36 88 
117 35 72 95 26 42 95 3 41 5 2 80 43 10 89 72 73 87 80 96 10 66 28 89 7 38 25 38 110 96 15 39 93 15 80 26 3 109 95 97 59 109 56 42 79 83 35 117 10 82 14 63 108 68 88 96 30 46 52 97 48 
80 36 30 113 46 45 50 60 116 12 14 10 51 23 7 37 16 3 19 5 2 42 120 112 37 4 105 116 58 32 72 85 23 92 30 112 10 31 19 32 1 35 40 54 56 75 74 34 103 20 83 33 48 4 99 112 110 89 83 10 70 
86 112 92 35 2 105 38 11 70 16 68 112 57 75 107 48 109 85 24 64 85 22 101 52 57 7 31 9 67 81 1 41 49 7 66 93 24 114 36 59 32 2 96 107 94 47 108 93 117 84 119 19 88 112 35 73 5 105 42 66 114 
27 119 49 115 23 62 108 99 9 32 27 2 110 74 97 27 108 27 82 25 58 50 29 13 7 103 82 118 21 65 31 92 105 87 104 3 34 29 115 58 102 106 100 99 98 62 95 36 99 26 84 2 91 43 116 84 85 25 28 17 57 
18 50 52 64 17 3 16 54 87 74 60 23 37 81 20 87 113 50 17 94 84 40 24 3 4 2 101 110 13 120 104 40 13 112 15 53 53 1 66 114 112 28 52 49 9 96 9 40 63 16 90 11 57 76 40 82 81 95 15 34 112 
94 107 85 114 102 51 99 64 89 59 33 117 23 36 22 3 82 19 87 20 33 35 50 114 13 95 77 9 109 111 10 22 87 71 74 111 86 21 91 54 83 41 110 19 117 50 9 11 91 39 29 59 48 118 52 86 57 22 43 18 37 
108 71 50 107 95 79 55 22 23 24 6 1 79 94 80 25 45 67 76 86 44 99 112 69 106 50 13 93 59 108 83 111 20 17 58 45 83 84 14 6 30 16 86 85 12 91 40 92 50 30 86 58 17 115 77 120 67 111 118 23 24 
66 110 23 23 49 91 66 14 52 114 103 45 115 64 56 6 67 6 97 1 48 34 42 20 29 17 105 53 21 61 34 18 3 113 36 22 81 89 1 84 22 7 4 78 63 43 69 40 85 58 2 108 43 118 49 113 7 7 16 120 5 
42 113 85 20 114 45 112 1 119 88 101 116 103 93 94 117 117 12 71 113 78 77 65 51 1 59 84 25 76 35 47 9 46 22 42 88 106 117 42 113 86 70 74 110 29 116 113 67 2 103 59 28 100 45 116 33 28 57 54 93 77 
65 114 15 22 118 100 46 100 104 87 72 16 33 37 68 23 27 70 53 59 90 28 62 67 2 41 89 103 46 9 7 33 33 84 95 111 53 88 5 52 42 116 95 50 41 42 32 39 79 56 108 17 10 35 48 112 15 36 63 104 72 
115 3 44 86 14 71 20 37 87 87 92 10 111 12 120 2 16 84 117 84 109 50 13 103 20 34 33 44 102 102 27 70 76 7 117 14 36 118 76 60 21 55 108 10 60 73 62 27 88 14 107 100 57 20 6 67 45 112 82 8 53 
93 37 19 53 68 77 99 9 91 62 83 55 52 71 99 114 37 8 18 92 52 65 10 38 35 92 37 119 42 109 72 71 56 58 47 109 3 111 15 71 75 24 117 20 83 114 112 56 57 78 86 13 111 62 104 72 93 119 69 16 74 
29 56 6 44 118 4 77 31 51 2 76 78 66 102 28 37 77 93 109 48 82 41 36 116 91 71 81 4 67 58 45 68 15 19 86 92 28 26 97 46 86 26 3 22 71 30 28 79 69 21 77 110 73 5 104 29 36 27 73 42 67 
102 79 66 55 29 119 54 88 15 99 96 11 111 8 21 73 41 102 102 107 102 53 113 5 80 48 20 113 36 2 35 75 49 100 107 57 24 43 101 57 120 81 29 69 68 9 89 63 10 113 117 105 119 34 19 101 100 52 14 118 79 
27 26 23 109 25 21 112 84 120 53 74 92 118 100 17 13 45 120 36 64 120 67 56 92 77 12 78 6 17 118 110 64 63 32 11 18 93 51 20 17 108 106 28 65 67 62 6 35 69 119 37 40 7 87 35 115 8 1 3 45 14 
12 55 2 24 73 11 110 53 69 4 37 72 52 21 14 20 87 25 6 101 108 22 16 89 106 78 119 50 115 11 10 1 85 87 20 102 41 45 87 17 90 118 118 53 26 64 8 34 73 24 118 82 107 23 89 39 103 26 59 45 67 
33 59 108 16 7 120 68 60 12 18 67 13 112 34 84 32 109 110 108 45 74 74 30 40 57 22 103 20 81 37 38 27 45 2 7 1 85 80 39 19 66 102 69 33 59 36 45 23 31 57 11 29 24 98 48 84 65 10 75 20 41 
83 97 97 41 105 46 65 1 95 52 23 100 55 4 105 51 13 2 79 58 47 31 85 79 47 69 4 93 47 22 5 1 68 73 78 40 109 6 109 47 48 43 79 77 85 48 105 74 11 2 91 12 19 27 44 98 63 70 111 5 83 
85 96 108 9 39 35 64 7 82 51 119 42 23 97 54 91 100 119 72 60 26 43 26 66 113 111 107 22 118 33 71 116 33 22 77 70 104 93 116 105 84 60 11 52 63 91 23 91 112 22 1 73 70 78 75 108 100 97 94 6 112 
57 92 64 40 66 9 16 89 50 49 7 14 29 90 24 17 119 13 20 55 102 4 110 75 15 22 34 35 14 52 27 110 58 65 65 6 117 34 87 92 91 32 30 35 77 17 22 7 51 47 26 48 68 14 21 54 54 92 120 63 106 
24 113 80 66 49 71 65 17 73 70 36 2 13 4 12 20 45 115 2 65 71 66 113 56 114 80 13 51 69 49 23 39 75 40 59 72 41 32 61 54 90 4 37 9 112 84 93 116 92 84 13 16 111 67 99 55 101 9 52 46 76 
75 56 80 73 33 116 76 3 32 29 37 56 107 67 108 113 63 23 72 41 100 34 110 32 35 61 55 99 29 20 30 59 3 87 107 86 96 116 109 27 29 118 50 99 54 15 71 31 104 46 114 118 51 52 104 3 110 8 58 38 98 
90 2 117 119 47 119 88 76 74 42 19 110 107 43 83 117 17 35 2 8 52 37 99 53 87 23 83 94 56 77 58 76 13 8 1 96 69 1 97 91 32 24 4 43 57 18 5 15 64 25 50 71 70 115 89 85 98 76 22 88 68 
91 85 110 43 61 95 79 30 94 24 116 18 69 89 25 53 22 101 45 89 74 80 57 100 57 75 89 88 43 13 19 14 118 35 52 3 47 89 38 56 82 76 12 75 15 6 13 10 16 100 1 89 6 18 78 63 5 25 116 77 44 
17 19 44 43 105 52 28 16 86 54 53 8 61 36 14 17 73 87 4 5 19 41 61 98 54 5 77 81 12 52 106 62 26 117 119 95 76 64 51 47 17 53 51 120 18 120 82 101 61 103 11 71 28 43 77 94 78 24 98 80 16 
99 58 44 103 35 23 89 4 56 65 67 63 71 71 26 91 118 94 25 20 109 117 95 41 115 39 88 49 73 84 105 47 72 55 93 103 101 80 84 87 4 60 84 35 40 13 44 38 51 110 11 21 107 104 110 45 8 20 97 56 58 
12 90 54 104 69 11 53 42 104 7 114 91 19 6 48 78 32 104 101 83 116 6 81 47 24 6 99 57 23 23 89 45 89 48 116 40 86 44 86 6 72 8 29 25 71 53 16 109 31 34 75 47 83 80 6 64 92 64 70 65 65 
79 89 52 88 9 9 33 2 100 25 56 74 22 86 39 16 115 64 117 101 40 36 95 86 39 119 72 94 35 61 64 43 91 14 39 44 43 35 3 6 105 49 64 18 36 111 11 35 82 10 49 27 83 76 94 12 6 44 4 22 24 
31 107 89 18 103 78 49 38 104 91 22 52 77 18 118 96 103 37 94 19 13 8 71 28 101 33 13 12 57 46 34 77 112 61 110 99 104 38 119 65 41 118 118 73 103 48 14 43 31 68 102 87 76 60 3 44 46 88 119 55 119 
1 46 20 15 58 11 76 71 6 43 37 47 54 82 23 3 7 103 55 38 52 13 90 106 86 50 101 106 112 104 57 21 81 56 81 19 81 57 81 50 66 89 92 30 70 111 120 117 101 30 84 79 99 106 18 21 11 115 15 35 48 
102 57 42 27 85 55 58 61 10 99 51 81 88 103 11 94 105 80 105 7 101 86 48 21 24 26 62 67 46 91 120 21 14 79 68 63 2 3 78 62 118 104 91 29 68 69 38 31 30 53 41 27 114 46 52 115 90 83 13 63 95 
20 3 8 82 3 119 7 85 69 113 60 83 87 41 24 119 70 92 21 67 60 105 17 99 24 89 62 37 41 59 21 83 19 87 14 2 118 43 31 77 98 92 61 6 49 3 72 89 2 51 59 54 51 38 41 68 97 109 48 77 114 
18 59 94 13 75 112 36 28 20 105 37 81 12 45 8 15 53 51 44 18 16 50 73 112 109 117 58 55 14 24 47 69 91 61 107 85 52 74 75 90 2 56 100 97 14 72 78 119 116 103 44 93 8 18 74 52 32 105 47 113 63 
49 70 19 70 79 5 6 114 87 38 82 113 40 34 5 28 87 42 40 48 37 32 12 46 31 40 9 108 90 99 19 56 12 24 100 73 101 79 111 92 104 71 55 56 40 45 3 97 43 1 30 20 2 38 2 26 16 86 71 85 101 
79 73 31 12 91 109 79 35 119 88 118 67 42 93 106 78 100 105 84 34 29 35 88 91 83 101 34 31 15 16 48 104 43 108 42 74 41 81 1 69 3 90 40 88 67 46 107 120 21 102 99 29 24 75 9 3 31 70 80 48 46 
59 102 107 107 86 30 63 45 42 41 106 67 20 63 55 10 15 119 91 37 54 85 12 27 29 4 37 18 86 22 51 26 3 99 55 79 34 94 58 10 111 35 39 91 119 36 36 1 93 82 118 67 85 118 21 88 30 35 112 56 49 
35 47 82 33 7 33 80 106 84 79 105 13 20 77 89 89 49 109 33 38 4 4 58 119 99 86 115 40 55 36 33 83 75 73 7 15 47 21 30 9 1 96 30 75 69 79 31 43 94 116 27 69 107 92 6 118 75 94 5 65 62 
5 41 120 95 4 89 114 77 26 78 109 109 114 96 117 119 84 86 47 23 31 113 52 32 53 109 37 7 17 93 34 2 63 103 58 19 39 62 3 31 24 47 108 38 60 81 65 66 74 31 28 27 105 96 47 39 72 72 82 2 10 
109 63 87 58 73 72 14 99 45 116 110 92 3 19 51 97 60 104 30 56 110 105 63 90 6 15 6 13 53 12 57 101 20 35 44 92 104 117 62 42 97 32 41 68 52 83 86 62 15 46 61 116 19 114 65 95 17 54 22 116 34 
36 42 117 72 101 37 113 68 36 72 116 119 105 34 84 39 59 107 99 62 104 29 115 100 78 107 60 44 4 33 89 36 109 71 70 54 40 40 32 61 86 35 105 62 65 33 68 11 82 112 33 82 35 63 71 117 64 38 52 20 4 
3 14 59 32 65 110 34 88 31 32 107 15 3 69 67 94 15 8 89 41 110 49 16 107 19 31 66 94 22 117 22 32 106 64 88 5 120 21 83 58 68 44 117 23 13 71 34 81 25 62 16 108 99 97 23 14 106 20 60 39 42 
62 101 63 29 13 80 14 117 81 72 33 57 102 35 56 37 117 88 24 45 101 99 84 30 117 51 38 38 78 114 7 115 89 36 70 37 39 57 50 90 69 1 69 5 17 120 15 60 43 54 69 100 37 6 4 60 92 89 4 25 23 
92 65 104 2 11 64 13 24 4 5 33 102 103 16 120 31 94 31 107 6 61 13 96 17 31 3 89 85 69 68 108 64 92 80 21 56 70 8 22 108 116 11 90 91 59 60 26 26 63 89 86 85 120 32 17 62 41 112 101 76 104 
81 12 83 113 32 63 58 84 26 117 90 91 36 47 101 59 24 91 68 89 68 43 75 17 22 54 30 73 53 40 48 35 58 40 48 63 64 95 15 101 116 20 107 33 31 78 57 22 117 47 12 14 95 43 27 94 10 60 22 6 98 
15 31 52 100 52 48 96 52 16 7 13 14 116 53 55 60 24 18 38 69 104 8 120 74 46 38 50 55 11 85 18 112 111 67 7 17 6 35 68 18 69 63 69 120 52 59 112 30 78 12 77 33 81 74 120 74 87 73 98 108 69 
50 19 81 73 63 75 22 112 43 2 111 83 3 33 63 59 117 61 46 96 10 20 9 35 24 36 50 18 73 89 49 39 76 77 4 70 45 3 101 38 105 12 38 91 109 120 36 107 65 33 38 42 34 18 53 108 2 84 72 38 94 
9 7 43 45 64 72 14 20 4 45 49 102 29 55 18 88 17 5 16 17 112 12 103 94 101 78 73 119 47 100 107 9 69 86 102 117 68 2 71 88 120 111 61 104 78 54 57 25 1 81 40 103 65 92 45 64 99 25 99 92 32 
25 61 33 82 88 44 66 43 62 91 85 35 29 69 80 50 40 109 98 3 63 57 80 8 82 78 43 107 27 68 71 51 120 12 28 108 29 32 103 23 59 89 9 102 117 114 47 75 46 71 116 87 20 79 98 45 34 27 105 1 29 
12 46 54 51 40 39 86 45 3 69 68 13 79 34 120 20 87 16 65 42 74 24 101 4 64 105 44 28 61 20 77 120 53 114 3 57 41 111 54 81 84 25 101 114 78 96 87 92 107 42 102 50 108 92 16 85 35 5 50 103 18 
57 50 29 62 42 33 110 50 54 79 91 6 70 107 110 97 77 93 42 53 5 69 56 87 71 90 53 46 64 45 92 9 47 11 31 63 83 69 78 68 45 37 20 108 116 35 63 94 114 29 109 120 54 92 59 24 40 33 120 117 110 
98 39 6 102 43 8 58 63 93 28 12 10 42 3 69 9 55 106 45 119 1 109 79 86 65 92 57 61 11 101 44 65 73 66 59 91 47 108 17 72 59 110 94 20 12 67 78 54 8 10 90 36 73 81 3 63 4 89 92 79 106 
49 30 104 8 77 67 86 9 42 120 101 7 47 10 42 49 113 12 82 7 43 57 13 2 7 84 91 30 47 2 112 16 84 54 98 107 86 31 33 55 62 94 24 86 30 92 47 112 21 74 50 68 3 106 38 97 30 22 5 89 89 
24 78 32 65 35 117 28 6 40 83 37 41 37 46 77 60 78 111 88 61 68 32 36 80 56 67 38 88 3 7 64 62 19 28 3 43 100 67 33 50 32 79 34 30 95 58 108 39 49 85 37 86 20 30 54 114 65 90 28 115 29 
91 25 66 53 30 12 56 80 51 30 21 71 103 29 16 19 70 66 38 78 51 59 21 39 89 9 8 52 5 40 114 115 104 47 89 7 1 104 26 51 110 89 92 46 87 2 90 32 109 92 67 77 35 78 113 53 43 108 106 120 91 
