64
30 2 25 116 35 94 40 19 16 10 107 94 15 18 19 54 100 114 14 61 96 12 62 79 65 83 106 52 44 106 75 6 15 98 62 51 115 97 4 75 33 117 105 51 117 102 22 6 35 74 57 77 27 27 52 56 54 81 49 74 48 41 13 6 
62 8 26 96 52 9 60 67 117 120 9 37 81 50 94 114 82 7 73 105 90 34 46 89 64 93 56 112 52 30 119 83 94 11 98 12 65 8 26 34 103 58 47 100 118 108 36 95 62 93 10 6 107 47 110 29 14 27 8 18 95 39 109 15 
1 85 1 119 119 7 109 65 13 51 82 21 53 71 111 61 50 115 57 109 103 82 90 91 67 13 13 6 37 44 103 74 110 35 116 108 75 50 41 45 104 10 65 39 14 42 100 57 111 47 113 43 102 52 83 66 82 36 26 17 10 8 8 50 
79 64 92 77 39 100 57 85 26 112 18 90 113 23 78 110 110 116 112 24 48 56 61 103 42 117 38 117 42 109 77 104 87 83 52 62 46 91 103 6 22 53 62 13 9 100 71 71 100 66 41 66 56 39 28 14 94 73 73 112 119 30 104 120 
76 92 120 16 22 53 70 82 54 100 27 73 72 8 65 38 79 43 61 29 52 23 46 10 5 101 56 18 72 72 41 25 26 45 109 109 31 88 9 55 116 44 84 93 37 13 76 98 6 85 50 73 36 22 5 43 51 35 11 20 26 59 104 16 
37 21 6 42 83 44 100 7 78 63 8 33 75 110 55 6 93 64 23 120 111 70 94 111 30 93 83 111 74 12 93 108 77 26 80 49 29 28 105 102 3 67 49 61 34 11 75 99 66 2 24 85 12 73 24 98 16 10 60 45 84 5 8 118 
49 58 21 119 118 29 120 32 94 20 111 108 7 33 40 33 34 117 25 71 28 14 12 105 101 8 109 79 89 38 117 51 21 104 58 48 81 60 63 111 5 96 116 114 103 27 115 46 34 79 39 15 9 95 112 66 4 8 3 100 26 39 86 50 
50 56 53 25 6 8 110 23 115 12 74 79 84 76 5 24 78 106 34 92 37 102 52 118 33 32 1 85 85 86 107 104 63 111 115 42 27 7 48 19 5 62 91 51 40 5 50 73 26 110 73 9 58 15 18 25 68 118 29 54 99 82 56 17 
53 55 59 77 27 23 2 34 84 52 27 117 81 115 34 73 46 71 78 27 5 10 87 3 8 66 76 43 7 104 94 100 89 113 51 26 70 74 29 6 111 103 42 29 57 23 63 24 20 62 67 59 113 71 53 77 79 85 118 75 43 102 40 62 
104 27 85 45 79 96 111 10 46 34 40 39 47 108 20 81 76 43 104 61 12 111 116 93 40 101 81 1 67 28 19 41 12 17 76 8 14 109 93 64 88 98 97 116 76 115 20 86 46 59 66 104 41 114 60 10 77 64 53 106 82 88 94 15 
54 120 32 22 117 119 19 76 19 84 2 15 52 15 69 102 110 3 59 90 74 76 79 55 63 20 55 11 92 53 30 45 79 5 106 69 101 69 77 75 85 20 117 48 55 48 104 86 29 71 102 78 28 82 81 101 32 18 18 75 25 46 75 49 
59 67 16 49 113 59 57 108 63 33 65 49 88 79 20 28 118 76 61 118 45 14 97 11 26 59 40 80 106 58 30 69 29 14 67 55 17 6 34 94 82 62 14 41 17 113 99 21 66 59 89 54 10 5 93 117 39 115 114 71 43 84 9 74 
100 5 99 103 60 92 108 82 71 58 82 39 11 93 19 47 90 92 20 13 6 84 32 1 92 50 55 74 33 64 50 82 43 89 97 10 35 97 71 108 105 105 21 68 66 76 6 96 48 56 110 51 11 36 106 103 64 79 96 66 97 91 19 43 
64 106 60 48 95 111 104 91 79 14 12 28 66 97 86 85 70 87 30 5 9 90 57 118 43 102 110 34 38 99 62 11 4 48 67 86 53 28 8 86 35 23 13 10 29 19 85 6 28 63 83 41 107 99 104 34 32 53 17 86 3 99 11 5 
10 72 50 98 119 24 97 109 109 82 57 8 12 52 4 67 23 33 4 100 38 86 101 1 61 3 106 106 102 58 1 103 119 31 65 86 87 63 65 102 33 31 28 104 85 22 104 103 33 52 88 14 95 96 54 45 73 29 25 69 5 32 72 78 
106 92 84 4 42 35 72 97 1 108 15 79 52 71 12 9 48 34 58 55 39 46 111 33 34 115 66 3 57 31 86 25 6 34 91 55 64 74 72 49 62 111 63 2 97 61 20 8 56 120 43 40 84 117 75 18 97 16 25 109 39 53 72 59 
97 119 88 106 93 94 112 46 66 79 10 68 67 30 111 68 63 101 86 3 66 114 34 57 18 40 100 41 60 37 29 80 57 85 24 92 96 103 24 86 70 108 61 17 92 20 59 45 96 77 97 82 88 83 1 37 85 57 76 64 57 46 21 31 
38 53 15 50 54 19 41 115 95 81 61 47 116 118 102 52 93 35 94 19 112 33 27 93 27 7 30 116 16 34 110 65 85 55 22 22 116 30 111 93 2 118 90 117 38 10 61 78 64 27 58 82 27 18 71 95 28 15 36 101 43 100 85 39 
86 116 71 2 108 42 11 82 1 46 60 86 3 117 22 47 102 40 62 76 8 104 99 58 38 30 93 80 47 79 55 56 92 96 99 74 47 115 21 96 99 27 117 80 90 15 60 47 80 13 46 4 14 101 7 17 66 16 114 81 110 98 72 25 
114 86 102 67 29 36 84 6 69 58 8 95 15 15 75 77 17 100 33 11 104 116 1 86 24 31 63 46 61 17 31 39 41 9 69 45 57 118 18 46 31 67 42 28 36 34 87 35 102 55 73 106 15 19 42 10 7 79 9 86 64 119 54 99 
11 47 118 79 31 30 12 46 30 104 49 102 89 22 109 95 84 99 7 89 67 21 99 63 106 87 65 86 60 42 31 95 17 75 24 60 117 68 89 20 7 16 35 100 78 103 15 85 45 35 52 39 55 72 15 1 84 46 41 25 119 25 108 119 
71 77 71 106 5 55 82 28 110 55 60 18 108 43 113 16 88 5 117 76 100 32 23 79 84 34 33 55 109 15 114 57 37 33 12 8 48 47 22 7 93 30 99 56 18 22 51 77 99 29 85 11 64 115 88 17 61 36 68 109 73 58 86 79 
99 106 84 58 52 109 44 118 63 87 18 25 108 19 1 118 68 49 111 32 120 6 62 110 4 57 71 6 24 111 106 69 14 53 21 42 45 77 9 86 77 101 98 117 102 5 60 108 12 61 117 120 79 6 86 93 29 6 73 115 8 68 74 53 
82 84 69 53 91 33 61 37 89 107 115 94 31 32 62 37 95 44 71 60 16 30 112 35 43 85 120 97 82 58 104 48 69 33 47 95 2 50 65 91 110 51 29 6 69 15 77 41 9 74 112 35 105 101 68 98 102 32 77 9 79 114 86 119 
66 101 89 112 48 8 44 102 55 95 21 19 88 110 65 54 76 74 108 69 105 99 50 7 65 73 44 90 55 45 6 42 107 37 113 29 94 23 16 24 56 104 91 116 42 115 81 13 110 6 111 51 5 88 14 36 83 18 75 50 107 36 22 112 
24 62 39 15 74 54 88 72 29 73 77 80 2 7 30 82 3 41 15 36 32 41 92 34 69 9 92 8 32 105 109 61 67 92 42 89 111 93 62 52 95 98 43 76 104 53 85 66 17 4 115 101 71 30 110 23 32 44 26 79 98 53 118 118 
63 86 30 93 108 40 79 85 42 63 3 65 95 10 117 13 12 76 35 89 96 46 10 97 95 77 106 68 116 8 63 19 74 14 8 38 60 84 105 70 68 9 25 24 10 108 61 107 92 89 32 55 6 43 49 14 35 3 39 111 57 57 23 22 
104 90 31 84 94 42 8 118 22 97 111 3 33 69 52 97 91 25 30 19 103 105 100 118 80 16 3 70 8 15 64 73 29 118 15 113 111 70 83 91 45 8 37 71 57 74 14 58 72 88 42 20 60 112 59 101 12 38 82 60 103 81 68 69 
69 88 63 3 90 43 83 25 73 27 87 81 113 18 19 37 108 75 81 71 35 77 100 72 93 94 15 110 119 93 61 49 119 58 99 33 83 87 23 79 106 103 34 36 8 34 78 114 21 77 18 24 80 77 47 109 43 17 119 110 29 68 69 100 
98 72 78 73 64 31 80 46 13 104 112 2 73 83 15 82 65 88 6 72 85 12 76 119 3 32 39 93 43 115 95 45 11 95 104 87 50 103 42 115 114 19 58 63 65 74 113 116 80 2 55 112 10 120 76 2 36 53 77 65 41 57 68 80 
20 114 109 60 120 62 116 101 67 65 42 117 101 95 35 77 35 95 77 59 40 71 5 28 77 67 109 43 82 48 54 10 42 5 48 15 93 80 73 34 86 9 27 97 43 21 11 85 91 120 96 100 104 112 40 5 90 104 38 79 48 74 18 86 
76 116 110 45 115 82 63 91 79 54 99 11 52 37 20 38 22 68 9 6 6 76 108 64 62 16 61 10 23 24 69 18 76 104 26 85 46 44 53 108 51 85 77 14 119 44 52 9 42 67 7 3 60 45 18 120 21 103 62 95 41 63 108 21 
61 120 68 59 42 87 5 30 29 77 43 110 41 39 5 103 3 78 109 72 110 81 34 71 23 104 18 3 74 118 60 38 28 53 73 113 8 56 112 79 28 88 7 72 49 3 85 20 109 109 53 52 70 29 15 50 116 15 16 35 76 31 37 109 
45 87 16 39 12 53 70 35 4 42 95 68 52 6 120 23 22 97 26 85 19 9 73 109 89 77 76 101 23 108 9 63 106 46 2 47 41 63 28 70 72 85 97 40 77 25 3 32 6 57 78 99 115 81 49 82 5 89 51 13 97 37 113 119 
85 68 106 8 89 93 50 95 13 49 119 19 27 64 86 61 4 44 57 8 111 100 7 39 41 25 94 103 8 91 60 41 88 118 96 38 18 31 27 54 118 23 17 35 94 96 79 28 54 2 99 39 29 85 50 100 24 88 84 50 26 75 80 81 
39 74 22 80 120 36 106 66 115 47 115 6 59 46 48 92 32 80 75 17 17 11 106 12 116 115 23 37 90 101 51 42 75 84 22 93 84 32 63 79 89 93 45 70 58 49 68 97 115 103 31 89 22 98 32 72 30 13 28 21 49 40 70 79 
3 84 29 78 40 45 115 38 32 100 9 19 111 66 51 26 49 6 33 115 83 58 18 46 9 61 20 11 15 116 30 59 40 110 58 21 94 62 8 46 51 96 72 11 118 23 117 44 4 34 78 96 120 73 66 14 107 112 73 3 93 92 22 31 
14 104 38 86 115 49 106 41 116 96 3 75 63 117 1 80 54 95 56 63 87 96 92 58 55 115 35 91 82 90 24 79 66 77 96 41 82 99 74 97 93 49 14 59 36 12 45 84 107 110 32 109 101 110 24 52 80 116 94 39 4 88 84 36 
94 54 106 99 50 16 15 87 102 34 26 29 118 41 117 13 95 70 97 87 42 52 72 54 18 9 80 111 44 54 102 95 45 24 33 83 32 95 89 51 103 91 84 54 11 37 115 116 7 119 120 90 65 67 11 102 1 21 23 20 21 98 71 102 
98 56 92 46 16 116 34 70 32 64 66 3 39 41 33 100 41 63 17 52 5 50 38 86 81 31 109 81 78 30 87 112 29 109 59 103 19 62 106 65 96 116 68 105 103 61 63 99 80 14 33 24 78 90 94 33 93 12 49 49 91 12 62 50 
71 25 69 37 59 51 45 25 41 34 62 50 62 67 99 76 114 44 100 97 108 12 30 111 87 88 10 85 38 100 67 23 110 64 21 27 60 14 51 23 64 7 20 1 10 100 7 71 3 85 45 34 90 56 1 48 66 77 56 104 66 57 96 94 
85 31 68 26 108 28 114 43 80 91 51 116 107 80 68 83 35 65 117 19 99 78 19 16 65 115 89 102 89 103 50 2 43 118 5 24 83 60 52 30 44 37 106 98 51 114 10 86 89 87 98 80 73 70 66 83 6 107 116 78 81 99 6 25 
67 75 35 45 72 52 28 94 9 62 14 38 64 41 31 116 24 89 67 108 11 34 101 99 47 110 109 99 71 56 28 44 15 111 45 2 38 21 47 9 16 16 99 60 101 14 26 18 104 34 37 116 118 114 115 30 29 89 89 47 86 26 107 115 
84 52 65 32 46 112 110 118 97 39 40 101 60 99 105 72 110 22 10 113 104 82 17 69 109 24 106 49 72 114 69 7 8 11 59 90 37 38 67 51 65 62 26 36 88 88 111 117 52 43 67 31 108 61 6 58 3 62 40 95 35 24 58 20 
41 45 111 91 83 15 108 51 26 58 65 65 67 95 4 32 100 88 2 116 41 39 94 98 53 90 119 78 116 99 12 119 101 92 51 120 92 4 11 101 81 13 116 74 44 91 21 75 50 94 91 61 119 80 5 55 42 37 102 89 77 82 89 104 
21 17 114 24 33 81 81 17 5 20 84 116 23 16 15 64 66 86 25 91 24 78 104 55 97 10 20 68 102 115 85 15 77 65 71 48 14 20 59 116 61 62 40 84 82 97 85 39 53 65 74 66 88 24 70 71 98 62 53 76 83 110 60 48 
89 40 108 42 94 74 42 57 86 50 11 20 26 22 99 45 48 13 5 4 49 4 14 61 51 16 91 113 81 66 118 49 5 46 32 47 101 36 83 68 110 104 96 57 109 113 98 95 43 99 104 117 20 77 109 82 110 4 4 77 104 70 109 108 
66 86 85 102 104 89 40 37 68 91 73 9 42 87 73 51 70 26 24 32 102 60 41 3 80 92 104 117 33 82 4 20 14 35 51 11 41 40 110 101 113 26 13 42 45 6 54 12 3 64 93 43 78 39 24 84 49 58 55 53 25 1 100 94 
59 21 23 117 12 74 69 63 48 119 63 35 25 97 109 81 104 114 53 84 63 8 55 89 6 47 45 26 20 20 91 12 69 29 109 9 101 109 54 7 6 29 38 106 113 58 81 40 96 31 29 102 44 87 17 103 8 28 19 44 42 35 97 30 
71 70 53 110 14 109 28 16 6 28 107 85 68 75 41 72 83 49 7 71 21 15 5 65 87 58 98 45 80 107 38 26 72 78 79 31 48 28 117 114 14 47 11 108 92 36 36 16 24 109 105 52 59 16 36 97 95 102 69 108 108 15 50 33 
20 110 110 78 24 42 33 108 118 20 86 93 13 82 23 91 38 58 102 49 15 90 51 46 94 72 8 18 20 43 83 77 116 79 112 15 27 94 84 88 44 6 41 18 27 2 117 55 87 17 31 14 90 48 22 94 106 37 115 19 118 59 96 16 
113 16 15 61 43 38 41 60 7 33 113 80 45 9 108 37 19 11 75 57 16 73 104 89 111 28 50 76 93 90 118 80 36 16 91 17 4 95 8 45 27 61 84 13 46 115 109 56 23 25 31 53 35 116 18 5 19 88 85 48 93 34 58 32 
116 40 28 27 40 90 6 102 106 45 37 18 61 9 54 93 74 59 34 113 37 65 1 85 76 83 22 95 73 40 97 35 45 63 60 14 53 97 56 40 22 104 48 49 114 7 81 21 51 75 102 77 13 52 86 81 37 27 115 7 7 68 98 42 
101 43 25 51 6 13 114 3 16 73 26 95 112 90 115 57 71 42 30 17 61 117 88 58 32 116 67 113 15 5 62 44 109 53 51 82 67 10 30 31 55 66 52 4 19 33 40 67 23 118 108 18 12 59 32 44 103 61 51 113 57 108 64 66 
94 11 89 54 92 17 73 115 33 109 93 25 26 112 53 23 17 73 69 7 94 83 88 47 52 6 28 102 26 81 39 74 115 38 74 93 100 116 85 16 62 90 96 12 89 98 106 54 109 15 66 75 47 112 53 91 42 71 3 39 11 105 52 82 
80 58 106 76 42 40 15 7 52 3 18 101 115 85 10 116 120 108 38 84 93 30 45 53 77 77 5 34 42 2 90 95 87 26 111 70 35 13 30 103 46 107 32 106 60 106 120 33 110 20 114 78 70 77 59 75 70 100 7 63 71 26 105 26 
109 79 26 22 116 50 31 12 59 53 110 79 116 107 25 50 33 49 105 9 66 60 9 20 48 63 7 1 106 105 36 100 73 33 1 28 69 88 30 20 89 49 118 105 1 106 51 32 82 29 26 47 78 23 104 99 39 55 92 1 4 27 53 40 
60 78 107 101 5 1 33 24 105 120 54 93 9 70 16 116 73 4 111 56 109 43 103 46 92 20 70 43 33 70 28 69 59 81 108 73 91 49 113 104 29 86 31 94 50 115 8 6 22 119 120 93 30 40 59 110 58 105 57 105 21 17 109 41 
55 1 62 114 11 81 69 85 50 96 98 91 76 120 77 10 15 7 95 86 65 6 67 22 96 37 33 69 75 74 73 65 107 105 90 76 42 44 82 4 10 75 34 104 2 101 118 56 65 52 115 107 96 62 100 25 66 9 4 96 35 37 50 50 
16 47 38 7 88 115 21 106 86 50 88 37 97 88 43 96 50 114 76 107 15 48 31 56 63 98 5 83 21 66 91 115 66 18 48 109 34 88 119 116 3 12 40 57 66 28 99 48 56 98 40 82 66 112 104 21 21 41 105 111 38 20 78 49 
110 109 45 23 40 19 92 94 20 72 43 75 59 30 76 4 105 108 107 87 116 108 76 89 81 21 107 66 116 32 23 82 76 78 79 10 64 29 91 68 115 52 32 15 65 41 54 47 99 98 95 78 43 86 2 28 16 20 46 2 111 51 45 85 
21 103 95 63 70 92 24 46 6 1 56 15 71 55 81 11 42 57 61 100 29 66 24 51 21 12 31 19 3 96 109 96 41 5 55 49 101 105 79 79 108 26 110 20 38 38 48 102 25 84 15 37 23 74 27 41 42 2 48 2 37 103 9 2 
57 83 115 109 78 21 90 14 35 109 112 26 116 100 44 12 32 54 62 97 14 45 71 44 108 76 9 29 25 107 61 5 65 16 80 14 32 19 74 12 21 50 76 74 85 13 35 52 28 20 105 8 104 71 107 13 104 86 102 101 117 11 4 16 
60 50 13 103 61 111 82 18 37 64 15 8 17 80 43 58 71 68 33 111 12 23 107 7 21 1 5 103 96 83 72 5 18 92 110 66 95 56 115 1 33 119 73 7 41 27 46 38 13 60 24 103 3 108 66 119 118 58 58 111 52 41 98 66 
