64
115 108 21 85 49 63 33 115 11 93 68 21 98 86 37 108 74 17 82 20 75 81 56 36 86 58 75 37 77 72 64 20 74 107 9 19 95 98 78 9 39 111 94 22 41 47 106 117 104 33 36 8 19 40 14 28 22 90 29 92 5 33 51 97 
14 53 9 31 45 22 101 115 83 117 29 73 52 116 116 13 87 93 55 94 86 62 34 89 72 49 79 8 84 23 72 47 86 105 68 26 101 96 59 117 42 51 16 36 96 104 12 1 32 58 28 87 80 53 32 4 117 73 24 43 55 40 120 39 
113 61 27 45 100 83 109 37 52 14 67 23 120 114 47 93 90 60 109 105 115 72 48 69 32 47 43 82 91 102 19 63 68 18 26 30 31 68 54 43 91 80 64 31 15 95 31 12 105 62 14 107 24 90 50 34 23 112 28 77 32 110 67 118 
25 99 45 72 30 99 65 58 72 40 21 56 92 37 103 33 108 12 115 60 108 113 12 19 106 93 73 49 2 23 59 1 82 45 89 68 3 44 116 66 15 93 59 118 120 70 98 70 43 103 3 45 66 33 79 31 66 16 96 49 36 26 116 65 
113 77 20 9 29 23 72 11 60 88 107 98 44 18 79 119 103 14 56 29 76 24 77 27 81 57 45 71 57 100 112 113 92 40 53 105 38 24 82 114 1 45 32 113 29 57 11 106 108 27 43 74 17 92 43 60 108 67 17 47 22 50 73 39 
112 83 3 74 60 63 114 64 91 108 21 26 69 71 31 8 71 45 108 86 75 35 12 13 5 118 76 68 96 64 115 68 99 6 107 67 31 69 110 25 50 67 6 100 24 15 40 75 25 86 53 44 112 13 12 57 33 3 58 83 26 101 99 61 
104 118 22 113 30 114 7 49 110 109 15 96 28 56 61 85 1 113 3 53 74 94 106 72 37 120 102 23 15 118 8 16 82 92 60 76 59 115 71 50 62 13 5 30 62 16 19 67 11 72 97 88 85 69 23 47 53 8 30 30 38 53 18 111 
14 49 57 96 50 15 55 66 112 95 57 100 52 73 38 5 77 37 108 67 106 7 84 7 4 43 115 96 110 39 107 67 113 38 20 54 68 2 56 97 100 31 69 70 105 100 26 68 66 54 23 37 15 114 35 45 118 29 106 81 100 70 78 42 
58 79 19 9 96 38 34 50 19 69 42 108 29 89 58 102 94 52 66 26 48 31 21 23 74 5 64 71 18 36 31 1 64 28 77 11 117 90 84 70 58 34 30 88 93 34 41 109 53 28 70 83 40 93 49 16 6 80 31 45 50 11 24 97 
49 36 25 82 65 10 58 44 99 108 15 105 24 105 55 90 12 8 33 6 1 14 71 120 113 116 113 77 83 15 60 68 20 34 108 119 33 63 34 71 36 1 51 65 60 4 100 44 63 49 29 8 83 69 46 29 37 119 40 90 2 10 118 28 
53 108 77 69 79 47 47 87 11 81 26 4 8 2 30 105 88 4 108 8 78 119 43 109 102 92 34 1 77 107 26 95 113 74 53 10 62 111 92 59 1 58 115 71 28 40 56 103 59 111 112 21 100 104 113 87 98 58 21 110 81 2 82 109 
27 49 112 104 77 104 34 59 117 18 120 65 94 75 6 70 78 54 41 58 24 96 50 111 39 48 59 70 111 65 107 68 118 77 8 51 80 84 46 91 113 118 75 98 45 39 118 42 69 64 65 93 99 88 4 67 98 102 30 52 70 1 104 44 
88 44 47 49 7 47 8 75 117 17 27 63 22 68 112 82 115 37 32 14 80 32 114 113 33 2 35 14 4 40 40 71 15 65 7 42 8 89 72 6 118 66 45 103 41 62 119 59 22 94 66 6 97 54 111 119 74 38 91 18 2 75 7 16 
29 48 76 89 74 4 1 99 67 96 96 49 8 93 97 13 29 27 85 46 103 65 33 84 20 52 59 37 23 25 44 16 74 105 28 83 33 48 97 111 81 53 21 79 105 52 55 110 69 12 51 18 34 87 53 40 41 56 106 49 58 89 28 52 
12 12 6 91 53 33 56 103 50 86 110 15 57 115 114 110 20 19 55 62 90 112 14 47 118 108 86 38 9 91 8 8 14 49 92 108 71 13 73 113 23 10 96 107 18 102 108 32 39 70 15 24 69 23 95 47 58 13 61 48 19 24 3 8 
36 63 76 78 27 77 11 1 107 107 27 16 4 38 27 4 41 44 34 114 35 32 99 5 44 7 120 35 38 59 82 106 86 9 94 31 29 93 46 118 81 89 83 1 80 39 67 84 7 103 14 18 112 108 93 110 14 107 60 55 108 46 90 49 
31 117 32 16 102 78 118 112 57 31 58 103 6 40 99 62 19 66 22 90 77 32 70 7 72 27 113 120 91 61 6 93 7 91 118 63 92 55 105 10 88 71 86 98 36 104 70 24 40 22 44 112 18 79 85 47 72 36 78 115 8 39 8 55 
14 78 19 56 60 1 41 11 119 1 75 115 3 81 72 25 49 102 33 53 86 55 8 114 56 115 66 105 14 111 111 74 3 98 51 115 110 31 103 49 27 24 91 29 116 83 23 48 91 96 108 45 110 115 16 22 88 67 3 56 118 101 53 83 
16 114 22 65 95 94 94 77 21 87 69 47 69 47 69 36 88 10 99 73 18 62 108 107 73 110 30 35 53 103 47 65 77 53 98 59 73 27 48 73 2 35 23 110 110 59 25 55 76 84 90 61 45 55 103 119 49 44 69 22 28 70 92 11 
4 95 69 63 25 30 109 118 94 62 65 64 24 112 41 33 23 109 7 59 105 14 36 6 84 96 120 52 68 106 92 30 90 20 19 39 92 38 51 15 46 3 24 68 113 80 47 53 27 14 42 17 45 96 74 13 16 80 88 28 86 12 68 91 
110 28 32 41 118 95 74 22 32 82 107 118 79 104 88 103 59 38 22 95 117 111 105 49 75 31 109 74 102 91 48 61 114 65 38 18 54 104 3 17 77 28 116 22 55 79 109 20 93 8 52 47 21 89 113 86 111 116 69 19 82 72 90 17 
15 93 4 65 68 29 70 102 2 58 45 100 51 61 21 89 1 5 49 48 118 97 22 48 28 24 76 59 84 40 14 50 9 68 27 109 32 7 25 3 53 114 2 54 70 94 20 29 62 110 56 80 89 63 28 76 5 45 84 41 29 29 28 95 
74 91 102 99 7 82 16 31 63 114 80 2 82 78 80 30 103 22 113 98 96 29 73 79 14 42 89 48 111 58 28 25 75 96 5 46 54 110 56 13 57 60 89 29 5 10 106 16 8 62 92 28 10 42 110 84 37 24 49 40 108 35 63 59 
111 73 46 74 27 97 62 108 66 79 93 10 54 120 34 120 72 15 9 64 84 61 12 44 20 53 44 108 38 119 114 117 75 79 32 10 102 45 93 66 98 63 17 7 91 29 43 113 25 45 113 87 103 96 20 27 3 86 46 93 95 108 94 91 
75 7 102 40 2 3 20 119 38 83 113 99 100 9 66 48 29 59 92 114 98 29 18 35 38 42 31 64 36 116 4 119 120 92 81 119 116 76 56 115 70 119 58 21 46 91 7 104 99 19 25 28 17 8 108 81 35 55 5 30 99 90 114 115 
65 14 113 82 113 44 54 86 52 11 35 103 86 96 23 55 119 74 35 26 84 37 61 106 107 79 52 53 21 60 58 80 7 32 37 46 35 31 55 30 6 43 65 5 4 43 70 3 12 118 106 54 63 2 39 80 48 27 38 75 48 99 62 65 
117 75 105 39 102 40 99 8 56 37 17 98 85 86 62 14 23 73 10 70 78 8 28 5 99 38 115 85 22 53 67 1 22 86 40 37 63 75 101 99 39 2 115 83 5 58 26 76 39 56 22 84 116 33 56 1 98 24 111 46 29 91 114 49 
63 58 61 36 120 90 38 35 66 56 13 27 55 2 108 42 34 7 101 112 26 82 92 14 25 18 107 83 49 78 117 62 32 23 71 51 82 79 37 87 85 67 68 15 69 24 95 89 31 29 5 53 47 107 88 81 102 5 31 7 92 23 95 40 
7 107 81 11 43 1 41 67 29 109 89 97 65 102 10 28 84 41 39 9 118 21 111 116 29 26 68 97 100 48 16 11 86 110 61 98 79 58 88 117 6 16 110 91 108 97 62 115 90 82 109 58 107 9 17 25 50 109 99 2 89 44 34 32 
46 55 9 73 99 3 30 20 65 114 113 60 9 72 66 64 92 55 97 43 95 48 92 43 60 64 38 40 90 22 66 113 65 18 6 69 33 98 76 35 29 43 105 50 85 110 101 48 45 73 119 22 112 85 30 69 103 33 6 82 19 28 54 66 
56 44 74 41 40 34 31 36 33 99 111 97 82 110 72 10 95 91 52 94 117 60 44 42 54 80 80 104 76 33 56 119 35 60 5 40 19 100 110 78 76 88 2 96 95 107 16 1 62 84 11 8 64 109 50 46 96 62 112 33 114 102 25 64 
115 98 72 20 108 112 92 63 114 62 57 89 85 108 72 115 72 73 59 68 105 4 117 35 28 22 12 90 2 88 96 98 90 61 58 88 42 68 64 70 84 71 19 37 31 113 107 82 66 70 22 115 81 120 53 34 96 97 106 92 68 78 80 102 
102 54 24 18 31 78 53 31 20 45 65 27 61 42 101 30 46 13 23 71 81 74 54 79 73 47 11 45 85 118 64 72 56 105 107 40 62 118 43 63 67 70 91 98 110 23 100 47 101 93 120 69 44 13 55 116 33 53 100 110 72 10 22 99 
97 99 19 107 83 73 92 63 120 79 3 65 23 28 49 67 24 69 83 103 20 69 36 67 3 119 103 117 80 88 33 119 56 16 31 88 84 27 69 57 15 80 108 111 107 55 25 77 15 24 102 47 54 3 92 54 1 60 108 45 58 82 77 10 
6 104 12 63 93 67 35 17 58 44 11 41 78 46 32 48 120 60 44 27 8 97 101 100 60 90 38 105 74 81 80 106 57 36 66 12 41 36 25 9 80 28 87 79 85 107 71 93 65 12 86 10 68 28 14 74 106 98 5 90 104 69 60 10 
46 113 32 14 73 82 98 17 39 28 59 29 85 12 17 47 120 79 33 83 58 103 1 38 4 25 7 77 30 76 79 62 41 102 65 89 60 30 8 1 50 62 120 114 81 83 29 51 42 34 79 37 101 50 91 75 23 84 95 105 65 32 39 4 
1 19 39 80 47 89 59 86 75 69 109 47 115 110 69 74 5 13 17 68 84 51 97 21 113 41 61 107 12 115 117 85 118 109 68 66 64 93 72 85 63 16 24 65 75 120 56 34 44 96 66 114 67 6 17 117 53 115 64 40 40 37 43 40 
40 2 101 28 87 26 74 116 105 60 22 35 73 24 23 79 97 54 67 37 45 96 57 59 105 37 105 82 39 100 4 47 64 98 60 76 92 29 103 45 68 103 70 97 27 36 53 34 119 6 102 13 84 85 63 97 63 71 116 48 18 2 51 17 
35 25 58 77 97 1 81 104 83 30 91 77 96 89 95 20 46 36 70 78 25 95 79 30 21 16 26 10 115 104 5 37 83 2 31 77 13 2 22 42 98 1 37 17 113 49 47 39 10 20 45 76 61 119 1 6 91 68 113 23 9 107 4 64 
85 56 66 42 74 88 9 59 51 91 56 85 106 10 4 106 32 39 111 13 6 3 36 119 99 26 91 95 5 75 45 7 78 46 39 120 37 56 71 114 46 7 86 106 116 94 59 82 64 105 69 101 97 106 81 103 51 12 14 110 70 21 34 79 
101 78 67 52 97 101 24 14 89 114 8 71 1 15 85 112 14 38 25 107 112 18 22 80 47 62 54 108 87 112 108 12 32 118 8 115 120 27 71 74 19 31 86 108 62 48 5 7 51 84 15 77 52 13 47 7 81 59 77 59 66 71 87 80 
39 85 3 30 116 95 17 24 25 43 10 103 84 75 116 119 116 35 63 60 107 62 110 103 63 75 75 2 83 15 118 63 102 8 76 66 64 97 49 105 40 27 68 29 95 8 108 67 44 88 53 72 4 64 11 118 50 105 34 103 58 40 31 70 
97 11 33 23 13 68 87 113 22 9 40 114 112 10 46 17 107 80 87 71 70 66 61 7 5 61 67 12 90 93 24 40 111 114 90 62 39 95 91 43 12 82 14 62 75 46 68 53 43 63 103 104 89 62 93 47 97 81 43 109 81 45 66 54 
93 97 37 101 54 86 98 27 35 82 67 74 73 71 79 42 14 32 92 58 2 82 33 27 86 109 41 88 73 47 75 69 57 107 104 53 97 46 63 108 120 111 32 63 63 67 43 4 96 20 5 35 2 51 104 109 17 7 12 88 70 85 8 40 
118 39 19 87 44 115 108 5 67 82 33 101 28 39 29 24 55 82 66 68 9 103 96 105 3 10 2 18 92 3 109 4 61 110 104 93 47 37 94 106 25 29 80 14 66 20 64 64 50 33 27 16 18 33 46 11 79 103 37 114 102 3 71 1 
9 96 62 22 52 7 60 31 99 48 1 115 24 34 77 33 42 67 75 67 40 38 51 111 60 93 46 106 52 49 38 112 85 7 25 117 5 8 114 33 72 62 50 113 107 40 79 32 112 50 68 4 62 46 5 59 109 57 51 120 70 83 7 32 
86 56 6 92 12 116 53 16 85 58 112 44 65 95 14 68 25 34 107 32 24 65 61 81 96 56 26 14 18 64 7 76 84 107 8 19 84 117 84 83 120 68 103 67 78 1 2 75 34 81 81 48 55 5 36 21 37 116 63 53 107 58 28 104 
77 89 42 75 19 105 33 105 61 97 37 17 78 47 4 74 80 97 54 25 32 33 10 5 67 84 93 47 111 90 35 6 6 50 11 78 101 37 101 43 36 65 40 56 73 3 54 40 29 81 100 75 18 101 23 31 69 65 34 80 114 92 35 87 
89 108 99 26 106 76 95 28 32 108 95 62 63 118 96 63 49 9 27 64 65 88 79 61 49 30 104 100 104 66 88 2 66 68 22 102 42 84 9 63 110 47 38 116 99 49 118 82 23 37 96 93 42 82 118 25 79 56 70 64 6 1 9 46 
115 65 101 113 75 107 94 13 24 92 69 108 107 7 109 15 77 33 39 60 14 77 71 69 30 1 119 8 91 96 13 70 93 94 88 42 15 79 31 27 104 39 48 82 68 105 39 73 82 75 16 87 46 115 101 117 119 44 6 87 84 87 58 22 
61 115 22 55 16 91 1 113 109 85 45 59 5 60 47 10 55 12 43 34 81 119 45 81 54 42 8 47 47 36 9 109 89 11 14 23 49 77 106 92 59 53 81 51 1 18 60 25 87 38 75 91 119 3 96 95 12 119 38 50 29 37 32 117 
54 77 50 4 22 71 100 15 87 39 24 70 79 15 74 108 44 49 4 46 9 74 108 96 21 58 78 51 33 56 50 48 44 94 52 34 3 97 31 25 104 33 6 48 82 14 8 39 106 86 112 20 106 109 60 107 84 68 42 62 30 67 94 75 
27 25 45 37 77 17 25 84 2 8 106 64 28 66 22 78 85 63 32 37 7 68 67 95 29 17 106 28 42 71 35 3 9 59 73 27 66 41 87 2 97 54 112 32 51 61 111 46 21 96 62 24 70 24 14 29 63 24 77 10 2 21 26 24 
115 116 37 39 58 10 18 66 1 76 68 50 7 67 15 57 62 12 75 44 47 99 75 117 68 29 120 71 72 64 113 1 16 16 18 110 84 116 73 87 39 102 102 100 44 26 3 66 74 68 47 4 22 7 104 6 6 99 32 49 106 46 50 69 
84 73 41 86 114 82 71 118 1 54 53 102 53 37 108 23 49 43 78 95 52 76 69 76 37 90 61 84 50 41 116 69 116 90 51 109 52 65 105 13 4 88 111 79 69 87 14 106 17 101 86 113 31 85 72 93 64 47 4 5 114 1 12 87 
61 91 39 99 11 115 74 47 46 51 2 28 60 30 98 78 47 33 36 46 39 21 8 31 108 103 99 8 45 61 108 83 10 78 29 115 102 59 2 17 87 118 62 1 4 47 9 59 43 70 75 64 37 87 68 87 99 77 11 100 94 3 38 89 
55 88 110 98 53 57 90 118 79 15 97 63 20 45 97 31 120 109 84 67 10 2 11 82 115 106 116 13 104 110 79 38 8 83 79 38 3 37 89 96 42 97 33 46 111 19 100 41 46 92 53 107 20 65 114 37 105 80 24 15 42 10 57 57 
81 32 27 120 42 82 109 82 8 77 21 112 13 17 73 85 77 71 118 4 101 75 37 42 11 12 109 78 56 97 5 22 67 25 17 93 31 87 92 21 34 12 101 4 67 102 120 68 111 60 19 106 68 85 115 81 39 94 112 79 18 39 4 14 
6 10 20 73 9 16 12 87 80 17 63 45 60 19 79 91 11 85 36 45 18 5 82 79 25 67 113 64 117 2 64 2 53 100 44 106 17 104 111 114 26 59 54 73 119 63 51 13 65 60 95 105 43 54 87 110 37 86 91 97 10 75 42 62 
117 98 110 13 47 3 116 108 55 117 25 31 32 13 102 44 94 14 12 47 13 113 107 20 27 64 74 77 105 10 68 29 4 102 19 3 38 46 84 90 115 11 78 8 31 44 54 67 82 3 67 70 118 107 46 5 50 52 75 7 119 26 82 71 
7 31 72 55 92 11 102 120 21 17 119 9 61 76 117 46 12 101 95 118 105 93 30 24 19 85 17 94 19 50 44 47 13 82 32 50 24 118 98 89 68 99 33 111 29 45 10 30 13 10 76 92 24 103 46 79 5 54 42 68 60 29 55 22 
82 37 80 24 117 117 104 66 31 2 24 37 19 53 39 74 109 75 41 87 101 49 109 46 36 62 96 120 43 23 86 99 58 86 85 37 120 35 6 51 115 108 76 35 46 8 6 59 71 18 84 14 79 39 112 59 65 66 36 14 59 12 88 54 
38 55 86 22 12 24 101 40 93 112 107 28 51 11 14 13 92 46 57 44 29 120 118 71 116 32 111 73 69 73 44 73 57 90 53 25 4 30 85 7 105 54 42 66 91 48 24 101 110 111 8 12 37 15 26 2 100 108 99 99 72 43 12 18 
117 12 67 108 34 106 39 8 117 24 89 45 96 113 80 87 11 33 18 51 24 51 8 118 94 112 25 119 94 99 49 27 93 92 67 119 82 29 47 76 69 103 5 90 107 78 88 82 102 57 88 68 83 34 57 22 41 15 106 3 51 44 10 29 
