67
55 80 47 15 91 7 8 44 66 91 61 83 114 102 74 119 14 49 94 61 107 89 96 12 16 103 70 117 58 87 117 62 35 95 74 18 113 76 69 45 99 6 58 87 42 87 111 87 107 10 100 112 1 104 42 42 98 83 50 55 84 78 83 29 75 52 20 
71 106 63 40 27 47 27 89 62 4 111 86 7 43 56 69 112 30 88 119 97 23 59 18 60 4 6 108 102 20 27 53 12 59 83 35 118 25 45 66 61 118 54 120 39 31 47 10 68 29 10 23 70 57 83 57 41 55 58 1 115 57 84 104 75 57 90 
117 88 41 40 3 45 65 111 11 110 17 60 81 44 97 47 9 120 40 26 11 9 118 61 99 107 10 72 47 47 76 31 97 113 64 102 19 99 100 15 35 17 114 39 83 18 30 51 81 114 106 34 105 72 80 74 97 45 58 6 5 44 69 5 55 91 110 
8 16 41 32 46 10 96 69 29 18 15 53 27 62 19 105 12 94 64 34 63 27 22 75 80 34 63 80 41 60 95 21 3 5 112 59 95 109 8 69 71 114 107 118 120 119 42 107 53 87 68 60 14 58 104 76 28 113 24 93 53 84 15 13 82 63 90 
45 42 45 53 77 41 40 62 100 77 48 76 105 90 5 102 43 54 60 13 10 106 94 64 61 75 35 113 18 20 13 84 45 27 78 51 106 110 63 30 113 77 39 92 50 56 55 22 57 21 101 47 2 47 20 75 6 106 62 34 51 18 75 4 105 89 34 
17 53 68 79 39 58 36 45 39 43 69 80 10 14 65 60 110 113 118 88 18 48 110 48 40 75 49 4 119 2 94 34 67 33 90 116 1 106 13 109 96 90 66 17 21 16 20 98 49 29 47 39 97 69 119 51 20 117 7 96 109 43 109 88 47 86 53 
25 37 87 71 7 52 51 99 4 27 99 117 113 5 120 61 61 100 60 116 61 4 4 117 76 38 81 12 83 40 52 46 42 24 58 99 96 43 102 60 42 88 17 33 27 72 108 86 43 115 63 42 79 82 27 75 52 111 37 79 108 105 22 115 58 56 60 
40 94 90 11 86 54 22 104 90 28 111 118 1 1 104 65 49 112 63 80 2 32 60 24 75 22 6 97 50 41 61 115 7 97 72 6 119 86 25 19 59 16 108 92 51 83 29 8 114 107 74 112 26 97 117 107 97 77 4 25 61 22 112 103 46 46 94 
102 90 59 57 5 104 23 25 114 20 112 22 6 95 20 103 89 120 107 4 32 29 61 68 6 60 67 60 81 9 15 50 72 64 84 56 6 28 64 113 73 14 36 13 40 76 43 101 81 114 116 81 104 85 61 35 84 85 45 7 62 44 109 111 79 50 10 
26 90 36 90 49 46 51 33 26 94 104 117 54 116 20 60 86 98 110 66 47 100 100 47 12 77 74 13 76 26 120 93 60 64 117 108 120 63 80 17 43 3 40 66 68 107 16 36 12 83 71 92 86 81 40 53 54 97 55 37 34 45 24 82 5 77 62 
25 7 41 17 51 82 83 40 119 55 116 76 33 29 36 36 73 23 77 23 68 101 45 19 90 45 31 47 29 89 36 50 71 99 95 31 105 82 64 16 53 47 95 42 4 67 17 81 23 79 78 1 17 26 68 42 61 84 76 117 18 77 15 70 28 101 11 
42 33 85 21 53 99 49 55 28 74 69 114 45 110 79 33 118 98 109 82 33 94 6 108 102 70 30 80 109 25 15 84 18 9 33 70 34 65 36 78 81 53 60 14 107 82 14 80 62 28 46 71 94 116 83 22 73 75 116 66 38 66 16 50 47 89 99 
48 46 105 55 49 46 94 87 7 29 17 112 45 52 30 21 25 63 97 40 2 67 24 41 43 28 83 113 52 83 54 48 21 7 54 6 57 67 13 31 33 26 120 106 94 93 36 53 32 22 118 119 62 74 112 51 95 41 87 4 26 42 40 33 7 28 15 
90 39 79 2 84 91 106 19 25 58 29 105 49 36 64 69 119 51 47 15 40 79 83 68 44 13 62 73 72 89 58 109 85 91 103 5 83 114 51 59 34 115 64 81 86 61 94 113 74 93 52 23 2 58 87 118 16 49 101 55 95 70 23 9 47 89 81 
31 53 81 48 49 95 87 73 35 110 120 108 66 112 7 84 32 62 99 7 14 91 77 65 38 43 112 65 83 41 19 64 103 15 59 34 99 98 20 9 58 49 120 50 84 14 105 110 19 25 36 97 32 34 16 108 42 100 32 93 113 95 118 36 13 45 117 
38 98 46 97 7 19 25 34 37 42 76 57 87 16 61 99 2 61 63 43 35 22 29 72 37 107 36 43 26 56 59 86 69 17 98 23 30 33 6 101 110 118 35 12 109 63 120 62 15 3 26 52 4 41 32 103 76 7 12 37 48 55 67 78 78 40 112 
31 37 70 103 47 60 57 107 106 103 95 67 77 90 107 1 110 23 27 25 89 24 72 81 48 33 15 19 41 78 98 76 40 91 73 100 1 31 14 69 11 80 44 33 73 25 44 76 7 40 101 33 47 60 37 28 100 92 51 118 73 31 98 30 66 43 106 
82 84 3 77 54 107 3 113 97 58 72 62 99 111 27 106 30 30 99 99 109 75 83 64 90 18 93 108 95 60 115 40 53 113 10 74 75 51 117 111 39 112 100 94 104 39 60 24 40 115 50 1 108 47 63 73 111 34 42 84 3 24 101 51 88 10 97 
34 36 48 89 112 19 45 99 17 33 44 118 64 100 62 53 70 8 40 54 87 111 24 72 94 28 78 13 102 12 93 33 76 113 37 99 99 58 48 82 79 83 12 115 99 38 109 102 120 20 103 66 48 5 22 116 108 82 68 105 114 44 97 8 9 50 42 
46 13 57 41 79 48 90 54 50 15 91 36 35 25 20 16 85 35 69 115 85 16 8 2 31 79 1 103 15 70 90 65 30 79 98 31 9 89 38 30 67 32 98 5 49 107 104 102 80 63 11 40 41 34 21 101 23 94 63 98 8 12 110 109 79 117 113 
3 38 39 92 98 58 85 28 12 51 90 113 59 39 77 39 16 96 59 110 42 60 89 58 41 53 100 67 87 97 24 13 102 43 78 79 66 103 47 31 51 58 74 83 20 22 85 75 102 119 38 72 38 103 101 61 98 48 45 64 31 14 104 6 98 21 90 
113 47 40 79 4 53 51 70 120 28 44 62 94 112 91 94 34 113 109 15 48 20 25 45 16 40 116 14 6 40 32 19 115 28 99 78 52 87 99 19 111 25 65 5 34 2 1 94 120 24 37 77 64 22 22 92 92 40 118 5 69 108 83 101 62 79 59 
101 101 18 116 19 118 106 38 112 82 2 116 21 49 49 57 106 72 60 56 24 114 42 115 29 1 23 108 32 77 85 107 11 23 61 113 73 70 76 108 40 45 34 53 8 83 74 84 73 106 52 51 32 111 78 79 12 14 35 116 112 38 22 20 39 2 119 
62 7 25 116 92 12 13 4 117 16 5 88 49 40 7 10 50 62 23 110 24 86 51 16 99 50 64 6 46 56 30 86 33 45 47 23 119 52 58 114 9 48 82 57 104 2 79 67 85 7 19 33 48 73 14 19 65 46 55 40 83 83 39 72 14 28 95 
107 33 66 31 7 98 102 88 113 112 12 117 37 71 91 7 98 12 77 72 93 120 77 62 25 79 75 62 2 75 90 15 89 101 106 40 86 90 112 40 104 74 98 12 30 9 17 18 99 27 98 38 84 87 3 67 16 47 91 93 102 49 48 14 17 64 5 
51 71 36 84 120 57 111 46 67 63 58 8 76 85 92 59 37 88 97 23 21 117 57 103 37 44 28 105 45 100 84 74 112 57 118 3 62 100 44 19 95 7 108 117 113 1 44 51 39 75 57 64 100 120 109 59 93 55 25 103 67 63 13 77 33 70 107 
23 56 6 117 75 24 104 66 18 54 41 25 51 38 58 5 116 110 98 68 115 64 12 18 75 15 22 99 94 16 80 34 81 45 71 59 102 40 50 101 33 108 31 25 6 72 80 116 49 28 84 76 82 31 15 49 95 45 43 119 77 36 66 88 52 4 66 
41 72 118 32 46 107 114 70 105 15 75 102 7 66 47 3 34 52 37 106 82 74 50 35 81 85 36 116 11 81 94 3 106 108 115 63 22 119 27 76 21 9 120 69 26 109 100 44 96 54 84 100 92 18 83 18 89 65 74 37 70 18 58 7 20 64 10 
99 36 29 39 31 94 48 45 107 89 60 100 66 62 107 53 4 93 73 68 114 28 104 3 85 80 95 6 4 71 72 107 75 19 58 83 85 106 89 62 15 59 105 88 44 71 68 6 86 63 82 101 12 57 19 114 83 47 83 91 81 91 92 19 29 65 54 
7 116 70 84 114 117 47 12 51 21 83 24 100 43 19 105 33 105 105 117 86 65 103 48 26 119 37 65 100 51 20 117 5 115 64 38 90 24 80 23 27 118 99 112 71 31 107 82 47 45 112 106 85 21 49 69 35 44 99 76 75 89 16 72 43 15 16 
25 7 29 80 109 54 50 90 28 74 7 99 114 119 48 108 60 65 54 112 105 6 25 10 64 45 91 73 44 100 89 106 3 28 87 38 31 104 50 63 20 65 31 5 6 73 44 38 87 67 30 88 68 105 12 29 71 47 71 66 3 47 120 33 24 82 31 
102 89 74 29 117 85 83 19 96 43 25 116 113 71 40 61 83 40 14 98 66 69 64 83 62 25 87 85 24 73 119 108 47 114 116 119 31 10 31 86 60 20 45 119 68 58 34 97 81 18 40 110 112 6 21 40 8 105 3 62 41 69 32 48 94 115 43 
24 97 58 81 41 55 102 47 58 54 57 36 102 91 61 24 24 10 93 79 30 111 25 45 4 91 66 55 23 68 31 33 83 99 93 27 98 20 104 112 80 41 30 17 3 80 87 116 116 69 80 7 114 113 111 12 23 29 100 110 59 23 34 66 98 86 73 
32 88 56 7 81 64 90 77 104 78 115 79 81 71 17 72 31 70 41 119 72 30 3 34 23 119 29 26 80 58 52 20 33 14 12 120 116 58 81 84 62 111 91 119 24 43 22 117 95 23 102 32 55 53 45 61 102 3 34 100 76 45 71 42 39 44 109 
38 92 10 29 44 21 105 59 37 51 72 32 109 20 29 98 24 116 63 95 35 27 91 82 110 56 48 74 97 13 59 99 31 89 68 101 5 6 118 116 33 29 83 10 109 89 38 19 4 118 6 91 68 43 70 68 7 75 29 117 45 82 50 37 59 117 33 
117 96 41 108 17 111 10 101 80 14 110 31 96 108 54 78 80 26 97 7 95 53 30 113 101 115 118 116 17 6 66 114 74 59 26 70 71 53 100 41 9 103 119 100 27 68 26 86 90 55 39 76 109 94 64 115 25 5 118 94 23 64 78 38 58 4 101 
81 115 20 76 37 76 66 114 25 107 102 9 6 58 38 98 30 59 64 109 49 58 9 81 23 51 76 15 107 80 107 20 28 18 40 4 46 94 45 11 56 74 66 63 21 108 90 85 111 107 42 109 37 28 20 47 79 2 109 115 111 85 23 96 57 6 103 
91 109 76 16 43 90 102 5 36 55 106 3 80 82 6 111 49 95 42 103 74 63 95 77 2 22 54 118 71 95 69 37 4 23 118 51 46 83 108 88 57 21 67 22 109 90 88 87 1 102 62 80 2 88 76 3 37 44 18 38 35 44 6 99 109 56 115 
20 84 75 103 85 55 56 7 14 38 8 48 12 41 50 80 12 57 52 4 5 3 99 47 33 77 88 80 110 15 48 55 96 22 96 99 14 53 82 75 78 55 12 63 50 31 6 98 12 83 105 93 52 35 54 109 111 120 18 80 30 65 89 47 116 91 59 
41 79 91 57 63 53 8 41 38 29 113 120 31 28 81 44 21 35 29 68 88 32 26 102 25 69 94 101 99 25 19 42 48 45 13 52 108 51 75 88 36 66 89 113 28 109 53 13 52 104 116 102 20 7 19 9 29 90 3 32 119 43 115 116 34 38 49 
42 51 19 94 25 78 50 27 36 39 69 106 4 21 86 5 79 26 24 75 58 95 95 51 119 86 64 34 43 115 102 21 77 59 75 29 23 4 41 64 78 32 113 20 114 74 68 1 33 33 4 33 103 11 72 94 60 41 85 96 21 52 86 7 84 103 77 
112 8 32 5 115 43 12 60 114 40 86 20 119 27 17 35 116 65 92 103 71 48 57 38 96 100 91 120 85 46 73 31 28 74 92 15 52 113 66 63 36 72 101 33 24 7 78 9 98 15 6 117 62 117 88 30 98 61 71 90 25 65 112 33 89 114 35 
96 6 87 13 107 41 79 101 1 87 49 63 104 87 100 20 28 18 117 100 95 101 120 26 69 20 25 69 85 104 54 108 109 64 47 52 69 40 46 48 47 50 118 98 55 107 98 9 37 17 115 109 120 56 100 115 14 113 45 22 75 32 87 95 26 28 48 
110 76 87 35 105 18 71 46 46 41 89 103 108 116 37 91 120 71 104 70 111 79 56 38 57 83 23 94 23 59 104 111 51 60 46 108 75 102 107 71 102 82 74 32 28 113 30 84 107 118 45 2 48 18 23 9 75 115 62 87 36 105 83 53 12 43 54 
115 30 43 75 19 84 67 23 85 108 108 109 29 31 47 35 54 7 48 112 58 6 89 26 32 89 69 18 109 108 53 30 15 83 97 72 118 36 92 3 15 46 57 108 19 40 45 14 6 80 1 12 29 56 9 59 19 45 62 120 4 78 75 96 26 53 89 
99 72 36 78 86 103 85 106 25 22 84 68 95 100 77 63 40 80 36 75 110 25 105 70 35 14 94 72 29 119 118 39 23 96 33 110 109 6 52 21 75 59 7 50 105 38 95 106 75 26 87 27 73 30 14 105 25 73 73 57 36 41 31 12 101 76 116 
116 89 59 36 23 81 2 33 38 7 32 93 29 114 73 4 106 39 108 56 25 20 2 69 69 42 84 8 99 108 25 120 32 73 44 58 47 89 82 83 54 43 89 12 54 16 13 53 73 57 9 56 85 109 58 45 111 51 17 14 55 45 11 46 96 29 61 
64 13 99 100 71 24 101 118 43 41 15 104 113 63 104 12 95 64 29 16 102 102 30 48 119 102 105 55 48 111 40 80 70 31 108 119 117 110 19 61 29 57 99 77 97 53 15 114 108 13 47 98 86 96 96 3 74 65 42 113 36 120 114 36 108 48 29 
48 9 47 11 95 12 85 50 76 47 69 2 1 35 76 97 119 35 18 76 98 35 36 42 27 74 55 9 96 87 114 16 68 48 5 107 58 83 62 24 91 69 61 106 39 19 83 119 58 49 55 19 96 17 66 49 18 104 44 57 110 66 61 74 22 23 44 
32 98 113 68 13 65 69 2 14 26 61 43 46 47 2 54 116 61 98 4 41 116 28 63 92 5 106 25 24 14 91 104 45 82 37 90 3 73 113 2 64 78 84 38 93 50 17 14 23 67 81 28 50 2 49 44 110 69 69 97 17 54 120 57 118 83 40 
1 77 52 49 98 107 4 27 97 92 108 55 47 2 87 12 29 68 62 37 37 32 115 22 117 15 116 42 120 64 78 36 79 14 22 79 29 62 67 103 82 106 74 36 92 93 55 28 49 4 60 90 97 93 93 64 105 39 68 87 85 57 36 108 114 55 60 
18 54 110 86 107 5 14 74 21 77 94 31 68 38 52 70 61 77 103 89 76 120 110 50 115 78 110 9 65 51 83 49 28 98 66 72 54 75 90 93 48 65 95 13 1 40 102 28 37 59 75 120 74 16 76 30 119 74 92 26 30 64 65 93 63 2 69 
2 2 19 105 108 82 103 20 1 45 103 2 96 111 112 44 35 45 52 68 76 72 113 81 44 25 51 116 105 5 88 29 80 91 119 20 94 100 53 40 76 48 12 20 28 93 61 9 71 57 92 32 21 22 4 72 88 15 9 7 118 113 19 16 57 108 92 
17 19 21 60 93 32 14 110 9 59 89 42 9 30 89 119 78 78 61 26 12 78 11 5 81 17 71 69 60 6 14 42 50 69 58 67 37 48 47 26 24 50 119 66 109 86 96 52 114 78 69 4 112 72 119 82 17 28 114 68 96 51 2 100 24 1 101 
75 66 95 113 64 90 34 55 108 35 64 35 35 108 90 35 99 4 72 27 2 3 76 108 5 71 49 72 85 44 35 36 25 78 24 64 89 53 18 103 47 40 92 23 19 10 24 48 93 49 87 60 46 57 108 117 56 21 54 9 63 87 32 97 11 42 40 
11 95 75 100 52 4 26 110 48 97 66 11 72 59 117 21 90 19 43 72 40 10 57 115 2 46 22 59 114 4 78 35 94 5 78 64 4 81 21 40 106 2 111 104 100 40 67 18 18 10 111 62 46 116 12 73 62 80 10 117 107 44 5 74 47 27 81 
56 56 113 13 65 59 10 119 1 15 16 100 92 76 98 88 14 52 4 51 96 35 39 10 48 3 23 23 50 37 51 65 86 92 113 20 105 15 41 19 69 72 55 115 46 105 29 120 33 37 105 41 102 99 59 116 52 13 62 80 105 104 80 104 69 4 97 
52 74 50 84 118 102 23 117 15 87 8 75 96 86 46 119 97 29 94 12 38 77 11 42 55 14 4 112 83 52 116 91 9 50 45 108 85 109 80 81 28 1 113 47 43 112 116 82 25 53 113 68 24 65 42 63 95 22 54 22 117 108 116 33 41 106 64 
103 23 65 90 35 29 36 95 27 117 69 74 41 65 4 16 81 77 89 14 118 14 98 106 57 20 99 60 109 42 58 107 35 92 99 84 98 109 113 57 86 92 63 10 45 41 32 37 17 48 47 89 97 101 72 41 73 57 43 10 97 69 64 67 83 40 91 
75 18 2 24 64 21 107 104 38 33 29 60 24 68 53 75 97 82 116 102 3 93 114 93 119 102 3 31 48 83 93 119 107 107 96 60 112 86 3 109 62 89 110 96 16 34 116 40 28 59 4 70 104 22 70 85 79 54 76 61 91 1 92 37 17 114 29 
84 24 41 37 45 20 32 26 96 7 58 69 41 32 94 20 36 43 61 35 96 8 47 41 47 73 74 54 101 46 40 56 110 79 79 56 26 6 83 17 80 86 94 99 59 9 12 110 119 8 110 47 76 19 9 8 9 70 6 111 56 112 2 23 19 115 29 
80 11 54 50 101 107 75 81 63 37 108 96 109 77 23 5 75 69 5 109 74 10 42 105 86 91 111 66 63 85 85 72 57 94 45 53 43 33 117 64 34 27 2 20 74 90 62 109 84 65 23 35 44 76 113 14 70 62 90 113 7 33 62 111 68 86 113 
57 33 44 103 71 62 62 9 30 103 8 9 68 19 30 119 114 83 60 46 51 2 25 93 101 25 82 1 85 19 9 42 105 52 87 103 89 4 94 76 89 43 116 106 80 106 49 40 29 97 17 2 75 73 112 82 31 21 15 24 37 61 14 43 94 5 45 
53 95 76 78 57 101 75 3 23 72 44 58 101 64 73 89 45 28 61 51 65 7 39 79 32 120 91 92 2 22 64 42 16 104 12 26 71 94 80 82 4 105 7 43 7 75 63 7 38 64 43 56 63 103 49 19 26 76 101 52 76 22 76 86 13 86 6 
12 111 117 6 100 41 41 17 26 43 90 71 31 3 95 24 58 113 52 91 38 42 29 55 108 42 67 91 79 6 10 91 14 28 84 54 49 116 16 10 101 69 90 57 36 67 87 60 76 109 100 120 18 10 67 79 76 22 88 41 116 27 80 94 76 113 116 
34 113 95 46 120 59 111 109 45 5 119 93 47 21 64 80 42 23 39 114 35 61 114 15 11 1 90 56 87 118 21 95 71 42 83 108 77 95 78 9 75 24 99 90 27 105 111 10 46 24 68 22 91 110 69 95 92 14 47 63 81 56 100 114 45 61 14 
33 37 54 102 93 94 50 86 14 84 104 76 8 44 43 47 6 65 4 6 70 103 5 51 93 8 30 113 57 75 107 117 68 50 89 92 86 93 13 5 71 14 11 79 107 40 24 25 16 71 74 50 19 43 3 68 32 111 80 79 69 101 23 79 23 107 39 
