67
19 45 74 48 102 59 118 93 64 12 73 110 81 72 72 83 62 97 44 49 16 118 3 71 72 57 75 19 51 85 80 45 29 52 71 18 40 42 94 74 8 62 80 20 89 109 117 22 93 28 36 108 106 104 58 51 38 85 48 4 44 108 60 83 18 110 46 
79 117 92 47 88 35 16 8 61 113 115 112 61 25 82 60 64 15 96 118 21 65 110 70 41 120 96 43 27 74 32 52 53 99 27 79 58 53 97 119 64 8 96 71 12 27 42 57 70 16 28 79 109 30 19 73 71 104 86 39 83 19 26 87 70 71 40 
107 102 81 70 115 68 27 39 52 120 49 20 6 32 98 21 61 5 118 16 39 55 83 63 76 80 29 88 32 51 13 68 86 23 73 34 77 106 93 51 114 54 42 35 78 7 56 93 90 59 37 55 85 85 56 72 83 8 90 17 12 15 86 16 30 57 67 
59 21 120 51 52 75 90 24 8 77 12 109 91 2 48 50 41 102 105 49 25 92 44 35 104 119 20 42 14 108 73 12 100 100 3 15 37 87 47 41 82 90 73 101 30 21 72 13 92 35 83 64 119 20 76 104 4 110 89 78 23 120 10 21 66 61 4 
109 47 81 87 47 110 79 78 101 97 9 86 97 101 111 78 92 93 88 89 116 118 28 106 16 101 5 14 108 101 80 26 62 42 78 3 21 98 75 46 7 27 115 102 104 59 71 93 82 108 38 119 29 110 49 33 38 39 23 53 43 120 109 30 65 8 7 
43 85 1 112 19 110 72 38 113 102 94 111 90 104 103 13 35 89 15 95 57 99 14 22 114 39 59 30 100 27 16 38 73 106 74 4 65 28 95 5 88 24 101 59 10 54 22 35 110 25 110 111 106 47 116 106 43 66 6 120 59 110 85 23 87 60 104 
74 69 110 6 88 56 92 118 57 31 46 86 79 3 69 12 42 100 21 25 22 17 44 13 33 29 1 88 83 97 35 66 58 80 72 17 18 45 60 101 64 10 104 8 91 22 91 21 22 29 25 2 53 119 35 16 73 51 90 75 24 23 63 57 73 20 13 
44 55 52 73 64 30 100 48 117 61 86 98 17 109 5 22 101 87 75 29 22 44 54 8 84 16 79 66 44 83 118 78 82 12 2 41 23 84 119 32 32 45 36 70 14 41 41 117 70 13 116 77 90 26 13 42 19 110 41 88 17 115 90 109 74 82 16 
10 19 11 45 37 28 76 25 114 91 44 99 86 28 81 47 8 75 40 23 63 57 46 93 65 57 116 88 51 1 82 84 45 97 49 102 23 9 72 57 14 12 59 21 109 8 7 91 98 60 91 108 85 50 105 70 99 31 99 17 10 94 90 12 40 48 58 
96 80 94 12 10 23 58 36 3 12 73 89 66 68 69 81 92 110 111 10 106 116 41 108 15 84 26 39 19 46 68 92 19 116 46 77 66 18 99 56 46 53 47 13 106 109 74 119 23 46 51 77 80 2 56 87 43 69 34 42 89 66 95 64 60 64 3 
30 58 120 58 80 101 96 19 16 6 5 25 102 87 33 24 63 86 38 95 60 84 4 109 26 120 45 14 32 76 70 25 69 77 90 23 49 75 13 37 109 67 6 34 60 5 37 72 8 10 94 54 41 57 42 115 16 115 80 115 112 71 94 48 118 89 82 
17 66 31 100 105 34 62 84 73 19 61 7 27 6 7 2 49 80 18 53 32 53 84 27 12 17 27 92 69 120 26 66 99 50 36 74 74 42 69 61 55 105 28 2 112 92 65 83 100 5 103 27 8 114 5 56 114 55 95 103 49 109 15 5 38 62 103 
86 34 15 83 93 92 64 103 69 46 56 56 18 32 11 21 17 38 3 56 66 14 40 106 96 115 51 58 103 65 44 112 105 101 27 33 98 109 84 64 45 41 109 114 27 87 96 115 38 5 79 5 53 116 3 97 103 55 111 20 49 21 98 75 88 66 115 
84 93 102 19 27 106 38 44 20 108 31 101 98 63 83 2 61 118 38 38 89 10 119 85 71 84 28 32 21 53 56 95 42 13 52 27 56 34 119 76 48 31 102 53 82 26 57 101 117 57 68 56 22 71 18 71 108 16 8 99 109 66 44 90 86 102 18 
108 34 4 55 102 85 82 114 59 33 62 35 16 83 56 78 54 106 62 61 77 93 42 97 57 66 93 23 64 95 45 43 76 86 49 17 66 34 100 99 113 108 83 87 28 67 105 63 36 73 1 72 117 103 61 78 93 40 35 114 116 86 15 109 25 70 27 
29 5 40 103 39 42 18 53 68 117 36 116 57 99 99 40 13 31 52 118 38 113 57 108 38 75 39 51 100 30 21 110 59 82 97 118 89 61 93 15 104 11 60 22 90 30 84 104 53 63 109 106 78 80 37 33 116 35 108 110 112 22 79 24 112 77 62 
32 78 15 57 20 29 28 40 87 59 39 32 20 11 21 73 28 6 90 12 36 90 82 78 120 41 1 64 102 35 12 80 104 68 94 115 5 48 118 26 55 7 36 38 81 59 48 93 71 99 35 119 3 118 33 9 39 106 47 24 46 70 53 59 53 98 63 
73 89 111 41 69 60 67 112 117 37 76 18 109 65 57 1 76 47 110 91 66 90 78 9 24 66 24 35 110 30 65 53 60 19 114 59 31 86 40 18 89 108 90 111 108 115 117 112 58 118 71 87 18 91 107 49 83 80 27 21 99 46 54 74 66 45 88 
12 13 39 102 38 9 102 38 74 118 44 8 68 3 76 57 16 66 41 100 8 42 6 24 87 17 77 47 115 45 14 86 13 79 12 44 1 38 58 59 73 42 49 44 15 12 64 75 83 14 118 92 21 60 110 5 36 83 83 49 52 84 38 45 79 74 63 
51 105 77 73 50 23 44 75 43 97 46 49 119 39 50 82 115 96 9 90 71 16 19 82 4 30 58 61 56 108 40 66 9 39 79 85 113 89 25 35 103 67 19 45 36 103 84 102 88 74 116 70 50 17 63 110 88 46 7 51 51 22 60 35 55 57 100 
70 25 19 110 114 105 56 11 104 26 57 109 83 100 98 56 3 80 54 32 90 8 98 108 61 102 50 109 3 50 33 35 67 76 73 111 43 60 41 49 8 71 40 98 95 44 112 29 41 19 104 20 110 22 85 11 90 107 61 118 60 13 80 17 115 94 17 
55 24 73 47 7 65 93 66 96 107 7 111 5 99 74 78 11 47 56 3 117 70 75 83 13 74 6 73 2 103 102 43 115 103 78 48 61 68 2 35 71 40 52 51 11 18 21 117 65 28 38 85 69 44 14 13 33 86 10 35 90 32 20 24 13 120 93 
17 57 76 119 85 101 117 112 87 103 85 113 30 43 102 116 106 37 120 99 1 1 84 57 24 105 22 22 37 28 119 41 51 106 45 2 71 13 106 21 87 48 3 16 88 119 42 84 92 29 104 45 112 117 109 103 107 50 24 40 4 99 95 1 2 32 96 
87 73 46 55 120 100 78 103 24 38 3 58 18 16 28 100 99 41 17 1 19 35 30 43 10 16 49 39 60 109 68 52 32 24 97 48 43 101 99 70 78 76 39 119 61 38 19 47 91 48 54 27 19 87 70 112 39 115 78 73 69 106 59 106 97 116 71 
120 70 25 3 118 62 16 52 16 69 17 81 32 14 98 73 2 14 13 97 80 19 16 80 34 69 84 75 10 118 88 78 19 60 109 28 93 104 18 26 66 86 93 30 110 104 9 43 85 57 62 118 57 114 105 13 113 27 69 79 42 86 115 44 8 65 63 
65 33 27 67 64 41 2 68 85 113 80 58 75 56 60 18 40 57 118 52 85 73 97 14 72 53 114 35 26 105 9 63 58 66 93 120 6 60 55 98 63 120 103 96 89 54 96 89 75 54 40 116 23 89 49 57 23 67 48 50 29 43 84 94 72 89 73 
98 89 15 113 2 40 69 60 102 102 76 65 118 96 40 33 61 85 106 69 76 2 101 92 73 118 12 7 106 110 91 66 81 118 40 83 4 94 69 47 56 109 72 18 25 86 43 47 78 4 95 16 97 25 92 52 82 84 35 31 32 86 87 79 5 33 89 
47 25 33 56 91 22 63 1 83 75 33 52 38 72 96 3 92 73 61 79 10 38 46 89 18 63 75 87 74 35 12 45 120 113 101 6 115 88 4 3 18 34 29 98 65 103 92 35 83 13 25 15 80 40 84 107 85 7 69 113 37 99 88 114 7 1 46 
32 63 81 2 33 102 112 49 84 2 11 60 33 80 90 86 76 82 105 114 82 49 35 60 50 14 56 51 24 89 16 111 40 69 2 60 41 42 76 59 71 70 48 70 63 64 23 83 52 119 95 21 2 85 37 113 102 64 45 87 113 85 15 14 113 113 31 
63 74 44 81 21 86 61 93 86 84 116 113 79 57 42 63 64 10 19 62 49 34 78 94 104 39 77 103 5 114 29 51 9 102 75 119 115 101 105 1 45 38 65 94 18 62 52 30 99 13 83 79 116 27 69 2 99 68 50 42 58 37 68 81 2 48 6 
120 5 93 55 56 110 43 35 7 78 105 16 95 64 58 1 48 42 42 47 4 78 7 44 110 111 36 113 14 83 57 2 79 69 90 69 74 113 20 31 52 1 106 14 21 102 10 34 86 89 37 89 62 5 76 110 68 102 32 69 92 114 29 94 1 82 9 
85 108 60 119 48 108 38 43 85 16 91 20 88 93 17 39 24 78 99 81 76 90 37 15 113 12 70 36 86 40 62 103 35 40 78 97 47 34 96 94 7 8 44 99 105 74 35 105 51 93 22 24 84 20 45 106 13 107 57 8 16 42 103 89 78 103 74 
30 39 96 105 49 7 103 104 117 69 86 37 8 95 60 117 46 64 92 23 26 23 41 23 112 20 42 25 40 105 42 1 104 84 79 3 60 92 28 100 117 114 48 65 67 56 17 15 65 89 89 53 48 110 45 23 56 9 76 45 48 73 22 88 58 37 106 
40 89 77 110 25 79 11 96 79 68 43 65 96 79 99 10 46 105 67 31 94 37 69 116 23 57 18 76 103 52 75 60 112 117 85 59 32 47 70 4 103 45 24 37 106 112 49 104 39 71 65 85 29 101 38 55 42 60 52 32 24 12 18 105 42 47 47 
96 76 79 64 5 56 115 89 10 112 60 54 56 78 62 108 79 22 70 37 76 50 20 50 94 55 110 51 107 100 18 63 31 83 112 90 99 68 110 113 59 81 87 86 43 65 111 20 26 46 84 102 75 42 115 64 116 108 29 95 37 45 4 114 34 98 103 
103 83 92 74 48 28 44 120 67 9 39 74 1 50 47 102 8 38 44 18 26 4 98 18 99 93 108 27 8 52 62 31 3 21 100 89 76 112 62 6 96 108 69 111 91 113 11 116 86 112 114 23 49 60 78 13 87 88 111 74 96 104 102 50 33 107 120 
103 23 33 50 23 2 90 116 48 89 45 103 65 118 63 44 55 118 40 110 93 83 24 93 19 16 26 95 54 93 38 65 120 84 84 77 79 84 106 117 63 103 46 15 86 48 57 102 12 93 23 17 13 103 8 1 13 100 83 62 16 60 19 22 80 10 14 
111 89 84 12 48 104 75 42 67 33 48 64 87 6 54 83 63 31 70 71 87 1 82 115 103 67 29 19 30 5 85 118 93 117 44 49 24 49 58 109 59 78 70 75 26 25 7 1 63 65 115 10 31 104 83 111 75 60 74 90 53 19 115 92 76 89 24 
119 31 69 105 30 100 117 65 108 96 39 78 61 116 116 67 106 77 97 46 1 60 68 88 114 102 56 112 26 3 100 100 81 40 99 23 86 49 4 116 82 52 90 85 51 29 38 37 75 10 92 96 19 105 71 75 17 103 46 36 82 65 26 102 40 106 49 
112 78 82 106 52 54 64 80 93 25 62 32 63 42 77 17 88 112 40 79 83 84 87 56 111 61 88 57 79 6 4 107 21 8 52 116 61 117 107 106 71 98 119 91 54 82 96 63 31 95 118 1 1 39 49 52 117 47 120 94 83 51 16 92 102 39 73 
59 48 104 103 82 75 85 9 67 108 102 46 37 95 65 13 112 57 87 53 50 37 75 108 55 98 25 42 32 84 61 23 28 103 93 112 105 52 57 98 114 71 17 61 13 68 38 61 100 119 33 61 92 59 43 17 113 58 118 81 23 28 12 21 111 4 111 
81 27 9 69 3 102 52 82 62 27 21 30 88 45 91 15 5 63 80 106 53 92 120 71 8 48 18 110 103 12 106 70 111 60 28 23 33 63 19 56 15 6 111 84 71 39 15 8 26 98 31 111 46 10 79 101 59 75 39 57 52 31 57 102 115 1 5 
85 57 14 97 115 35 55 1 118 33 103 84 114 64 55 54 2 73 35 64 33 79 26 23 19 112 118 88 70 8 72 39 46 26 48 111 111 76 33 53 48 53 18 40 2 67 53 111 61 29 18 77 10 14 28 4 30 99 65 103 116 104 87 102 80 91 113 
97 8 103 9 36 15 74 61 27 17 24 13 9 49 119 106 80 16 41 100 75 118 58 109 10 39 60 14 102 112 47 3 71 16 42 106 45 109 81 115 57 40 73 111 42 113 6 118 23 1 115 17 106 41 86 9 113 76 8 55 65 85 59 49 41 109 76 
119 70 18 47 70 75 76 22 111 3 120 87 115 88 46 113 111 42 41 44 58 72 8 81 13 30 75 50 68 9 41 68 66 51 17 41 40 81 6 116 34 83 24 94 46 17 31 95 22 73 82 103 46 39 98 35 119 114 76 111 26 11 19 9 119 15 87 
99 89 89 15 40 64 75 81 42 93 43 52 104 118 10 70 6 48 65 99 102 83 87 98 64 21 77 80 36 51 22 3 74 85 14 8 33 30 65 80 58 71 83 83 18 56 73 108 52 27 32 30 46 37 51 43 78 35 17 53 29 23 114 24 16 108 111 
11 89 94 40 28 11 35 101 4 29 53 29 28 33 28 96 104 61 95 96 32 11 36 15 35 81 53 23 38 32 42 55 25 93 105 105 100 65 75 38 23 64 45 15 23 97 11 40 1 97 102 117 82 109 92 34 90 80 96 50 74 92 72 101 56 87 48 
30 33 79 88 38 96 87 67 42 92 73 47 20 101 10 34 53 8 54 69 23 94 63 94 25 118 104 3 95 13 18 95 51 64 98 66 67 42 38 80 83 86 10 102 57 15 20 45 68 4 118 110 14 49 12 60 52 92 19 7 66 108 105 8 47 70 30 
19 8 81 4 107 3 26 113 98 119 47 119 19 20 8 106 84 61 96 95 22 28 117 53 36 28 30 89 20 8 2 66 100 118 37 82 93 54 115 92 86 54 75 112 46 18 47 57 109 18 59 97 101 41 77 62 77 118 63 118 81 91 107 50 118 82 75 
45 55 20 94 37 72 32 108 49 81 103 118 62 20 110 45 39 11 44 88 106 63 75 15 38 77 104 74 76 31 21 26 69 1 71 109 95 26 5 24 55 19 70 2 47 90 7 29 68 78 35 68 44 29 98 97 46 96 113 50 73 33 118 54 71 86 34 
90 72 29 73 53 84 73 13 13 96 110 33 101 115 48 101 21 74 95 48 107 100 7 42 118 34 36 35 1 110 70 5 97 74 60 44 51 28 15 108 50 116 117 112 3 23 87 72 105 69 22 41 28 94 61 35 5 64 11 67 15 50 83 63 71 71 21 
95 68 61 76 16 79 30 25 76 11 8 31 10 45 14 111 23 58 18 52 112 54 70 112 16 54 39 11 54 89 16 30 45 66 26 12 74 78 66 84 69 8 95 68 22 116 18 51 80 6 40 90 93 95 69 96 71 57 106 37 19 33 87 68 92 104 6 
98 105 120 3 25 88 28 66 67 119 117 17 18 19 35 72 120 51 113 37 15 37 36 16 1 20 36 63 99 92 26 57 43 40 112 101 16 120 41 11 69 97 1 20 81 67 120 77 19 94 16 4 103 10 25 50 32 55 23 70 106 33 12 7 109 69 25 
112 101 53 69 100 56 115 88 95 77 24 77 30 106 79 39 13 22 86 31 3 86 24 45 110 54 70 111 87 58 58 18 118 111 52 107 89 46 37 43 87 53 88 21 79 114 32 6 38 59 23 85 95 77 28 93 39 99 35 110 33 71 4 11 78 106 53 
108 36 89 120 83 32 109 70 21 35 97 66 104 32 99 88 25 109 118 84 4 35 65 72 76 26 66 24 93 64 35 80 15 37 68 61 55 16 45 8 6 59 50 64 5 95 61 119 95 15 22 6 41 1 72 33 98 23 30 1 30 118 74 61 9 118 79 
30 74 51 26 39 40 64 97 100 12 77 110 85 49 25 25 12 25 17 22 26 99 29 67 12 89 25 23 37 30 48 98 7 69 67 120 97 41 53 70 59 86 9 50 115 17 53 110 101 83 76 92 66 93 70 35 38 33 39 7 77 92 41 80 47 72 85 
37 24 3 89 106 63 40 112 53 101 15 118 109 78 30 49 7 9 22 23 104 20 65 117 62 97 37 64 4 57 108 74 89 70 107 11 33 5 67 115 12 35 17 73 56 82 9 3 16 59 73 71 99 55 83 101 69 58 119 56 66 100 61 25 78 92 52 
15 94 12 10 112 102 83 44 33 67 54 100 51 39 65 16 103 7 113 39 115 29 51 114 111 105 92 29 112 15 102 40 3 111 20 3 81 97 90 11 52 106 83 112 50 3 76 115 21 114 23 84 100 84 40 30 101 56 53 3 79 92 50 76 107 24 83 
1 118 32 68 47 68 58 114 43 26 103 72 1 57 77 58 88 42 3 65 107 23 42 79 98 2 90 23 72 77 41 24 100 32 47 62 45 18 66 4 95 67 89 120 59 86 26 94 54 22 66 67 109 27 30 61 84 17 57 8 83 69 68 50 15 115 111 
21 110 88 13 44 40 45 85 6 105 104 16 1 110 104 59 7 27 92 55 74 65 47 11 114 49 120 99 75 26 62 14 2 26 80 93 107 26 2 74 3 47 63 103 113 46 16 61 65 114 35 59 25 1 104 9 70 4 22 12 53 103 12 88 20 18 101 
92 31 19 15 106 77 71 69 97 89 41 8 29 108 49 120 105 19 27 83 69 82 117 37 46 13 111 111 32 9 21 91 96 104 58 66 1 113 84 64 105 112 1 68 90 88 53 34 92 20 119 106 59 27 54 54 48 14 94 45 107 105 28 62 87 28 88 
51 47 39 116 36 103 34 48 80 81 100 117 37 118 97 25 81 31 13 103 114 87 114 25 96 46 1 117 80 77 5 72 102 66 99 36 112 40 50 32 18 84 109 12 80 108 34 25 80 91 80 68 71 27 46 8 56 115 62 108 8 52 44 36 82 22 18 
29 23 70 99 77 33 42 72 34 97 115 38 90 12 62 100 3 42 8 52 103 4 82 80 12 42 81 71 53 65 19 47 1 19 113 36 119 30 118 94 13 67 101 21 23 15 88 54 20 13 18 30 116 59 19 71 15 90 34 119 24 89 109 49 81 78 7 
55 73 1 70 82 71 85 38 117 113 106 51 5 84 60 22 82 9 8 94 15 104 93 17 50 74 72 119 63 85 116 51 52 87 102 12 48 98 81 91 100 7 47 6 88 88 24 93 110 119 84 119 1 119 113 99 106 48 33 70 53 52 47 79 101 36 32 
100 40 68 38 95 13 43 30 77 62 6 29 76 78 38 9 53 101 62 42 79 3 64 75 58 6 55 34 25 56 20 65 88 79 25 27 32 79 65 21 120 118 88 10 113 45 11 27 21 61 104 10 22 99 85 53 98 27 112 110 109 74 54 80 100 53 40 
95 25 26 12 58 78 21 24 49 3 52 78 18 103 21 31 105 52 46 116 61 69 46 39 14 60 102 74 95 115 25 50 51 83 61 104 56 2 19 57 61 14 37 116 111 119 13 64 37 106 93 51 10 83 101 3 31 53 79 21 75 86 33 120 80 46 109 
51 5 112 115 51 68 120 36 87 96 53 93 88 93 63 59 109 20 6 41 111 75 99 19 7 62 92 36 87 89 85 19 101 35 108 113 51 11 69 118 112 43 101 89 37 75 39 62 73 85 34 50 78 88 4 94 51 67 62 93 33 105 66 108 54 31 42 
