70
66 8 39 118 3 70 69 55 65 55 56 68 97 11 98 49 2 73 103 120 49 93 67 24 58 108 55 95 12 112 61 28 59 120 110 35 69 15 74 81 87 74 53 104 56 37 113 77 55 63 23 102 96 117 99 116 7 6 70 46 6 108 70 104 26 65 68 105 21 28 
6 97 65 110 62 67 19 109 117 22 118 69 51 4 78 21 105 41 119 106 57 46 75 88 95 93 48 19 73 113 115 40 120 30 7 39 12 27 55 116 39 76 75 19 100 94 56 46 108 18 116 14 1 109 96 98 41 48 79 98 111 84 55 11 86 48 25 11 85 95 
72 99 114 9 96 17 89 74 9 71 29 8 56 35 100 78 112 110 26 7 65 79 91 25 114 18 49 113 50 99 101 35 33 42 91 87 58 92 47 84 43 11 90 69 8 29 88 15 34 66 49 65 35 26 65 37 90 16 16 87 31 34 10 42 57 15 48 96 5 68 
116 114 108 67 87 55 98 56 81 56 4 22 111 50 73 37 80 85 117 110 19 42 66 90 111 60 2 98 56 76 56 48 120 7 45 19 31 35 35 75 9 89 69 105 102 31 10 58 89 115 48 114 38 39 82 25 38 114 87 92 12 26 114 38 102 83 50 88 86 35 
49 6 93 56 110 92 17 100 51 26 111 79 92 58 29 69 83 10 37 41 104 115 81 52 12 54 16 51 47 96 83 39 40 112 79 6 8 64 37 15 99 69 5 112 20 39 8 71 114 40 97 2 6 99 63 79 68 61 21 106 29 117 36 70 26 120 23 6 118 63 
91 42 24 43 49 63 45 4 71 95 68 81 90 14 90 31 49 98 47 74 27 33 117 25 20 65 23 40 18 25 99 25 37 9 13 56 46 67 93 90 46 18 105 43 107 60 106 5 55 34 43 95 93 90 13 119 111 60 15 111 6 51 101 71 85 84 67 52 66 24 
4 61 70 66 90 85 53 33 49 118 8 62 65 88 14 52 69 53 112 1 107 105 45 30 6 63 96 91 21 83 48 114 68 1 72 46 66 3 81 16 43 9 67 14 111 30 104 46 50 12 120 120 11 30 60 114 54 89 70 44 90 56 47 113 101 22 106 107 43 95 
10 64 38 73 92 2 28 103 42 60 107 39 88 101 62 114 54 54 101 115 94 52 71 62 103 5 105 11 35 23 27 30 117 71 11 108 53 11 81 89 9 14 109 38 4 12 85 18 112 25 101 8 20 99 12 31 3 38 33 27 32 120 74 16 33 20 73 21 14 14 
69 9 75 32 63 90 14 103 21 92 64 70 90 42 6 46 51 88 60 34 75 112 72 66 118 113 13 28 25 56 25 25 35 76 79 34 50 10 104 50 24 31 113 74 46 20 71 103 72 51 119 90 33 103 95 36 22 50 13 78 95 6 8 51 67 2 61 120 90 57 
111 93 105 109 6 14 2 7 50 94 82 54 76 93 100 14 38 59 29 35 85 115 117 93 102 74 84 36 96 120 39 21 29 88 51 61 67 13 101 59 71 54 4 14 43 110 58 83 18 100 46 20 21 20 80 101 56 17 119 110 102 21 40 22 107 99 14 85 24 38 
110 68 21 71 35 47 5 34 76 23 108 45 102 104 94 32 94 105 112 16 78 51 57 36 91 56 83 84 18 115 74 40 51 34 54 42 120 103 19 55 118 44 29 17 111 110 114 118 116 16 89 112 21 59 71 7 76 112 83 113 27 49 58 35 21 22 44 72 59 99 
54 79 111 26 34 40 71 53 8 86 93 23 104 54 56 80 77 50 113 11 99 29 7 74 6 50 1 25 78 104 60 60 73 42 82 72 14 7 37 98 38 60 11 30 68 62 58 61 2 10 66 56 30 106 37 75 35 62 78 45 43 104 45 100 103 104 48 10 63 12 
60 32 23 80 93 1 18 32 86 113 25 61 56 5 113 68 72 53 11 86 2 69 60 15 96 37 30 82 91 120 61 40 4 6 115 25 67 98 58 26 37 92 89 31 109 95 2 107 10 105 9 56 116 111 95 98 94 110 17 23 61 58 12 39 46 67 56 67 76 45 
86 72 76 119 107 8 86 107 36 1 21 66 45 112 69 36 43 47 26 16 98 78 115 100 72 17 64 1 21 120 47 99 26 40 33 18 108 14 24 4 86 88 12 92 55 72 86 78 23 1 106 45 109 26 77 12 114 61 113 120 42 74 90 114 31 90 93 34 28 79 
3 27 61 60 49 61 14 57 61 77 46 53 69 82 62 46 96 56 76 73 7 61 68 94 99 90 8 36 45 93 57 71 74 99 40 11 48 61 107 7 96 78 3 31 29 120 78 82 87 73 117 29 54 5 102 107 20 19 24 53 58 86 3 48 73 18 12 112 92 85 
43 118 49 15 106 55 52 73 87 109 105 116 42 23 18 18 20 15 86 23 99 15 104 49 87 46 29 13 78 13 12 44 93 26 3 90 118 64 11 79 69 31 24 74 119 76 100 44 41 22 38 58 100 82 63 83 77 45 100 11 34 73 38 1 38 25 21 83 10 34 
95 119 90 80 30 38 75 19 106 12 9 19 96 115 15 103 90 76 26 81 86 73 75 72 102 68 104 8 17 17 97 33 9 90 106 63 118 72 107 80 77 45 71 37 81 33 56 56 95 21 119 83 8 42 30 78 85 37 4 78 11 50 9 5 57 102 18 86 56 12 
51 43 97 38 70 13 46 36 98 59 32 47 70 60 86 8 112 46 39 33 46 87 95 85 83 1 72 22 27 116 59 79 26 49 85 29 63 57 11 29 44 71 112 100 92 36 41 43 30 76 1 95 10 37 105 97 48 69 17 106 120 25 11 117 3 99 50 43 8 57 
83 96 14 113 80 9 29 114 76 85 51 34 35 6 111 109 75 3 47 106 20 104 82 120 7 69 8 4 110 91 10 51 46 6 16 104 106 55 39 22 41 34 92 112 109 84 94 110 55 49 71 94 32 25 13 25 86 19 43 59 104 30 93 9 9 72 63 73 62 2 
56 116 4 7 27 112 12 72 90 50 70 11 4 28 109 59 93 38 64 17 70 64 49 42 110 24 97 57 76 109 74 115 80 117 108 49 108 73 13 13 85 95 77 53 102 88 38 2 87 103 11 15 6 41 120 27 31 24 105 83 57 57 115 57 14 68 118 92 92 2 
115 37 72 25 92 86 81 115 107 15 102 82 116 70 68 106 49 72 51 99 12 55 35 100 3 23 1 36 41 117 119 111 38 31 19 1 68 51 82 34 58 54 70 91 100 63 18 112 37 21 102 12 114 25 75 41 97 30 42 17 26 98 62 108 37 83 11 77 11 55 
18 75 101 46 39 113 75 39 28 54 44 16 4 4 16 92 6 12 86 103 59 112 80 11 88 75 35 98 101 96 106 39 115 61 29 95 54 73 44 116 71 6 71 41 6 18 13 82 29 119 91 6 74 5 77 30 11 67 58 29 15 76 39 4 33 7 3 9 102 44 
116 17 16 88 33 32 55 82 41 1 83 98 12 14 31 52 32 117 29 86 110 119 73 43 62 26 103 77 115 83 47 75 72 35 7 118 77 81 15 33 43 9 81 38 69 35 7 81 75 66 57 92 55 30 23 20 37 4 87 11 98 88 47 29 110 91 64 100 104 68 
31 39 3 14 108 10 43 40 14 112 28 59 55 60 17 116 115 64 26 8 118 7 27 119 4 39 73 115 109 2 89 9 71 26 6 27 94 120 118 49 71 38 24 117 29 29 69 111 8 116 63 89 15 9 77 116 32 8 102 7 82 59 10 8 76 44 43 88 9 78 
70 30 120 56 80 6 76 98 48 3 78 32 15 82 102 57 89 45 82 19 84 110 96 50 65 11 7 97 73 73 78 94 84 12 35 35 79 108 25 81 108 23 91 112 49 103 55 89 52 46 88 104 64 6 21 82 21 37 112 115 42 120 90 116 70 34 117 73 102 24 
117 48 64 69 78 36 84 49 80 14 49 3 21 120 22 47 91 26 70 111 86 10 95 71 65 73 118 31 47 61 99 8 107 73 27 61 35 102 71 31 101 23 73 5 31 19 85 65 80 23 30 100 61 17 40 11 69 77 98 105 100 45 36 75 49 42 20 49 109 14 
46 92 99 32 15 35 75 37 6 80 57 2 50 50 44 105 20 109 16 90 70 1 39 84 8 36 111 16 81 24 81 26 38 92 48 87 108 49 78 120 6 38 103 24 47 104 22 78 82 67 105 10 39 8 74 113 35 39 20 63 105 85 70 88 95 2 71 88 102 74 
26 1 78 34 47 29 14 104 60 41 45 12 69 34 70 6 112 66 10 13 104 76 98 11 105 40 94 74 105 26 107 67 91 76 33 97 77 108 105 78 116 5 7 60 28 41 78 17 18 50 27 5 110 87 7 19 96 110 12 87 106 95 15 62 81 21 37 107 99 7 
45 4 46 112 41 43 92 70 40 34 101 1 25 62 37 61 41 119 106 67 19 75 86 33 113 95 24 101 87 55 11 17 77 81 116 119 2 1 43 16 32 103 86 15 51 76 53 8 104 33 117 98 94 19 84 105 65 65 60 90 116 17 16 50 102 55 29 18 73 44 
113 101 101 69 21 30 35 16 108 99 12 13 4 17 23 79 56 89 114 115 15 12 44 21 88 75 116 40 31 34 58 105 75 102 69 100 16 14 103 32 49 79 67 88 40 62 118 13 120 23 36 43 33 66 38 75 11 106 72 54 58 31 11 108 17 21 77 3 84 45 
33 116 19 80 12 51 63 35 31 114 24 91 74 73 90 10 53 104 31 36 89 83 12 70 43 54 11 106 72 23 117 2 31 5 120 66 68 100 1 77 35 68 45 98 22 15 102 17 84 116 39 2 19 37 55 68 7 99 46 117 111 73 21 87 27 44 88 47 66 12 
8 94 107 68 59 114 50 112 89 90 105 111 77 103 74 55 87 88 69 14 9 76 92 33 36 49 98 19 109 72 99 14 64 53 72 29 18 8 108 101 43 13 53 29 117 46 1 98 112 99 14 50 66 43 80 63 75 101 98 41 80 8 83 87 110 36 7 114 77 65 
106 69 91 72 12 18 102 117 1 19 88 60 88 7 32 37 9 67 2 85 27 92 53 88 3 60 118 22 92 21 105 5 66 116 31 10 71 71 13 32 97 55 36 41 72 90 58 70 24 115 80 65 66 62 23 14 104 104 85 54 74 20 46 25 99 56 45 34 40 117 
118 117 34 79 73 11 79 20 63 92 36 75 65 9 119 11 71 61 2 63 91 88 75 72 27 109 104 22 34 55 103 120 62 27 110 44 39 86 82 36 112 96 14 118 5 107 94 32 27 8 113 68 78 99 21 15 16 112 22 27 102 83 5 6 55 101 36 68 46 45 
119 27 14 22 111 67 46 30 91 109 112 17 39 84 63 86 102 51 16 89 100 70 16 108 50 51 14 89 61 104 110 10 111 13 78 99 105 111 12 18 22 2 19 50 23 53 86 57 26 86 65 17 116 100 73 89 1 85 5 97 41 6 24 110 5 14 22 68 63 95 
11 99 14 46 18 103 51 100 72 44 58 4 9 94 75 75 104 3 18 118 9 29 17 104 41 17 28 66 89 19 75 99 81 18 12 37 58 17 37 109 8 16 110 109 34 28 14 74 2 42 58 37 105 34 115 4 43 12 8 17 63 104 43 115 39 103 28 62 114 63 
62 5 95 26 7 7 44 106 57 55 118 95 44 15 67 61 62 19 27 72 51 65 85 105 49 47 80 93 86 14 12 95 46 15 91 52 9 57 107 65 111 59 73 38 94 85 109 3 49 46 117 24 7 109 98 87 112 61 95 78 93 59 12 48 57 9 119 69 89 75 
6 40 30 23 76 113 31 97 88 48 32 44 11 56 98 10 10 25 19 11 48 55 20 57 30 66 28 29 64 32 118 108 32 112 72 55 55 38 45 44 44 114 52 58 2 5 116 36 90 89 116 65 34 45 72 51 46 91 96 94 24 74 86 32 119 104 64 89 71 94 
15 15 48 32 111 43 97 103 73 45 61 26 115 116 15 51 118 21 96 117 2 29 55 57 94 106 58 27 31 113 68 86 82 84 120 104 11 55 19 19 18 38 97 117 87 94 9 79 36 13 15 120 4 111 120 78 30 45 42 93 41 105 58 110 22 20 14 47 106 1 
9 4 36 33 24 16 5 61 55 60 82 95 82 18 16 9 41 6 113 81 94 114 80 105 77 73 57 120 87 18 63 6 21 36 111 32 9 98 22 45 86 96 74 28 115 72 45 98 11 111 20 49 18 8 32 33 114 101 73 21 47 37 84 20 49 18 8 9 56 86 
32 100 87 70 76 34 52 73 31 7 80 118 22 76 19 40 72 64 88 111 107 75 46 89 61 45 91 117 49 102 91 59 95 107 95 110 61 66 41 31 30 102 5 91 118 97 87 18 60 35 83 3 34 16 35 101 30 9 49 17 58 57 49 37 57 56 99 101 23 91 
31 31 55 43 26 73 80 68 110 7 106 42 46 73 90 33 10 55 59 59 83 11 35 93 16 84 86 9 19 4 27 84 41 78 87 95 107 49 48 107 64 5 101 119 67 49 3 77 104 62 33 51 92 70 79 14 108 93 120 100 90 53 5 114 111 56 23 44 17 32 
1 76 1 87 80 32 21 36 2 1 100 42 51 50 112 31 105 75 36 115 114 40 81 51 63 38 83 34 21 110 26 118 98 28 33 66 20 24 102 31 15 52 107 56 83 21 35 67 94 110 51 106 13 17 58 71 21 8 30 10 70 117 2 29 40 10 99 99 32 1 
47 45 31 37 41 67 98 36 92 5 90 9 77 99 51 49 111 47 14 76 114 20 97 83 93 43 50 52 109 57 41 38 40 94 28 15 9 38 27 47 65 116 111 108 22 96 55 50 58 86 93 26 30 35 79 92 120 24 47 85 34 102 110 8 116 91 42 71 89 71 
4 26 2 88 39 40 8 117 15 75 110 4 81 39 52 69 2 86 38 1 84 63 7 102 69 31 99 50 73 96 113 118 108 1 68 94 69 25 50 99 109 4 91 39 21 59 76 35 72 35 7 98 101 43 9 103 118 94 57 110 40 67 57 24 17 82 41 112 44 93 
17 26 44 66 57 76 38 53 8 89 44 44 87 51 69 105 40 82 104 9 16 43 76 48 28 55 106 109 83 104 44 119 36 113 67 51 97 66 8 98 96 104 96 88 94 81 76 4 39 78 74 115 57 117 27 80 20 72 68 13 52 101 62 68 57 52 109 60 105 118 
72 113 2 46 89 8 13 62 107 97 61 55 65 46 21 66 27 40 89 100 100 85 13 109 102 87 27 85 68 114 17 51 60 41 29 85 115 27 16 16 95 61 37 119 100 119 6 45 101 106 85 26 63 94 43 2 82 101 105 31 118 66 78 95 36 49 67 114 94 9 
69 35 92 88 67 3 119 71 56 21 18 65 19 102 7 77 74 10 5 22 81 118 79 53 66 2 17 67 75 34 55 80 27 88 36 94 103 16 39 61 120 93 109 66 103 22 118 69 18 37 96 82 3 4 13 58 70 115 44 24 13 94 82 16 36 120 95 42 4 92 
75 32 58 88 1 26 63 58 99 13 12 58 33 24 110 3 3 4 115 104 58 117 80 18 42 3 9 73 7 67 60 47 22 35 82 68 102 101 61 6 52 98 70 66 78 37 11 95 56 104 72 54 2 53 81 105 96 56 47 2 26 84 18 111 64 90 33 45 48 88 
105 46 73 118 6 65 9 77 112 50 48 51 3 111 23 86 95 102 94 12 71 93 66 120 70 32 28 53 100 52 52 84 17 53 69 24 79 73 12 101 33 86 1 9 8 19 86 18 91 45 105 59 79 25 73 63 110 112 45 8 77 49 4 100 69 58 16 80 28 46 
28 37 7 115 2 46 62 22 118 35 44 61 40 17 100 116 63 15 79 25 117 83 58 95 6 95 6 18 107 41 91 31 81 110 89 10 117 114 112 108 5 36 114 106 71 46 67 97 38 8 99 29 9 25 54 20 32 73 18 48 72 111 2 30 106 71 6 63 94 79 
4 28 113 59 75 91 103 115 21 78 55 81 97 77 120 58 110 44 47 87 74 9 9 14 118 42 106 22 71 15 46 96 74 47 47 56 28 117 41 2 32 72 101 31 19 75 115 77 64 110 74 63 76 56 88 53 71 68 66 76 29 83 69 49 47 105 2 98 67 57 
11 12 5 46 97 114 10 83 96 119 12 94 117 68 17 107 16 101 6 35 106 24 61 28 2 12 80 34 83 83 93 22 79 6 48 34 112 19 86 29 113 56 52 89 115 62 70 104 77 47 8 8 118 35 53 21 62 81 35 19 34 22 89 48 72 55 94 93 2 8 
47 28 103 56 86 49 115 92 53 35 112 70 51 82 13 58 76 104 28 28 69 107 108 34 66 6 85 93 53 25 116 99 113 46 50 102 76 19 22 17 90 9 101 68 115 92 10 35 21 54 24 10 18 100 43 55 7 19 22 59 90 79 34 20 98 43 3 101 82 63 
95 34 45 48 98 67 101 12 109 52 11 38 90 20 38 39 33 6 17 105 26 91 22 69 58 32 21 46 94 78 42 44 26 55 48 104 93 4 18 92 11 101 44 64 108 36 81 71 45 57 36 43 63 102 5 23 86 97 110 40 112 19 85 47 28 6 109 38 6 21 
116 88 107 103 63 47 90 81 68 59 55 43 32 52 38 10 57 95 82 64 84 89 79 51 73 2 118 39 82 92 79 56 63 115 113 5 117 86 42 81 45 28 118 15 5 20 14 68 119 62 1 76 73 24 71 68 66 106 5 46 88 98 27 44 89 39 4 96 68 107 
41 98 10 38 81 54 35 78 101 98 29 60 89 95 66 105 27 73 93 53 1 57 69 93 10 62 10 4 24 9 63 25 105 75 97 42 39 24 29 41 25 91 27 105 119 6 114 39 76 46 101 88 74 78 102 20 56 30 1 83 32 3 7 14 46 119 74 70 6 101 
3 101 108 57 61 78 83 73 17 105 101 5 78 30 88 104 61 105 25 87 79 113 12 108 93 73 15 70 42 3 77 9 34 64 10 71 9 60 40 1 42 12 3 15 27 13 105 84 73 17 62 38 110 84 82 89 79 107 23 29 59 61 2 85 14 74 13 55 105 81 
115 84 56 46 53 29 13 102 42 81 36 28 62 114 8 54 45 53 78 47 26 83 99 91 118 90 21 45 22 83 34 14 37 64 113 19 70 47 68 91 27 82 31 54 18 32 53 14 103 26 82 27 4 44 103 89 37 46 56 77 65 117 84 86 5 97 76 39 90 24 
56 88 70 79 103 73 96 79 108 64 33 101 116 58 90 47 59 30 57 14 83 53 50 65 14 51 55 29 13 39 104 16 45 55 113 46 69 115 90 54 38 11 85 101 102 12 11 21 27 43 2 36 57 6 77 107 98 32 28 49 99 11 53 34 21 28 52 68 74 15 
61 49 96 69 51 117 114 119 11 50 82 22 43 118 115 96 56 5 43 23 19 7 120 1 6 69 92 81 1 5 10 113 28 58 102 43 27 100 27 31 119 4 52 86 83 21 47 8 117 74 67 76 17 103 37 59 98 88 46 111 19 56 41 103 34 120 95 79 8 97 
72 69 116 15 96 94 94 85 23 86 49 54 96 72 66 66 113 107 11 42 89 83 63 35 26 16 81 54 47 1 100 92 4 28 62 44 18 1 15 109 87 64 56 32 99 37 53 98 76 68 74 58 28 60 61 10 34 114 55 38 91 48 81 59 15 21 85 104 58 26 
59 29 87 117 98 120 70 105 98 81 8 78 8 20 80 112 88 64 101 79 119 87 113 22 119 1 89 61 81 6 8 110 100 28 93 47 50 43 50 84 37 56 48 5 64 57 42 5 47 32 44 74 67 109 81 28 11 29 64 69 86 29 106 92 1 86 114 98 15 112 
9 1 43 109 77 89 57 5 17 12 91 43 82 51 58 4 32 8 120 115 109 40 55 12 98 68 78 7 14 45 51 77 22 12 74 79 109 105 37 20 48 42 77 79 11 36 104 55 29 61 24 91 98 48 8 47 50 17 109 71 86 42 32 108 109 65 105 96 19 65 
44 5 78 66 108 24 95 68 31 35 106 92 88 112 120 116 120 111 1 112 46 84 88 2 79 74 34 76 32 14 82 89 115 112 111 45 87 65 103 77 120 16 110 21 16 57 1 19 54 67 22 84 76 111 110 71 67 2 64 22 80 97 106 21 36 27 6 113 105 60 
38 9 23 96 10 81 114 115 48 80 40 106 114 24 23 112 60 37 100 81 106 24 70 92 82 70 38 58 97 50 51 72 115 59 78 89 98 68 97 96 16 72 119 18 1 81 39 82 10 117 113 113 70 69 37 75 107 31 36 120 19 8 50 55 29 29 83 80 37 111 
109 11 109 75 54 30 107 58 46 112 104 93 113 79 60 9 112 59 99 114 100 14 87 59 43 77 52 19 4 13 3 82 114 44 73 34 37 109 43 98 104 46 82 36 115 114 105 39 104 60 88 50 20 37 45 47 116 66 105 115 77 116 89 35 86 96 117 52 112 26 
7 69 73 3 57 39 75 55 43 33 92 72 31 5 91 40 86 47 52 6 61 63 116 112 72 2 72 7 113 24 46 17 65 65 66 14 30 56 104 120 58 109 29 114 32 20 87 99 76 84 83 33 74 101 65 50 101 88 53 79 68 63 36 47 29 4 112 52 97 102 
118 15 41 107 70 25 111 38 33 44 32 94 99 94 85 57 87 40 53 58 92 85 13 80 119 13 118 2 55 105 68 88 78 46 25 117 118 95 87 9 93 81 117 74 18 77 92 14 108 40 39 38 19 24 5 79 9 92 60 45 78 82 114 31 17 65 68 5 25 82 
36 15 117 27 116 78 9 80 2 83 42 22 84 38 34 61 58 91 26 41 23 112 66 120 108 115 5 10 27 36 3 98 42 106 113 64 105 102 117 111 49 84 35 59 15 92 19 7 71 24 83 33 24 40 12 33 94 117 5 10 50 82 8 85 5 113 59 107 35 21 
