70
40 91 66 16 21 92 45 31 111 17 22 7 91 8 20 46 30 56 24 107 25 76 18 83 3 68 80 69 113 54 108 97 85 9 96 119 25 10 117 54 10 21 10 53 92 76 45 62 109 117 98 8 35 4 79 47 62 69 107 41 16 103 115 116 42 116 112 43 22 14 
11 25 96 77 83 58 31 49 37 61 79 55 19 110 39 22 62 53 75 82 107 58 16 3 63 5 101 57 8 61 47 115 110 95 102 115 18 113 51 92 35 58 12 14 11 38 26 8 25 107 92 11 6 30 18 3 20 39 70 20 23 67 114 49 82 1 68 15 57 66 
100 18 5 84 71 30 70 30 15 60 104 24 56 45 62 48 108 101 49 112 70 93 33 102 49 36 104 15 1 112 14 69 82 3 94 64 115 67 47 104 70 77 46 45 91 7 115 22 67 41 91 18 41 106 80 50 102 24 70 8 68 61 113 73 93 90 64 63 113 105 
93 56 97 16 21 2 6 42 108 59 70 63 61 19 29 116 9 18 86 98 2 105 55 51 105 20 63 89 54 106 4 88 103 78 66 4 72 21 44 96 37 36 33 82 45 12 16 77 118 33 110 101 19 39 28 31 28 105 115 94 8 90 111 46 101 55 63 51 106 99 
100 24 112 107 95 58 112 40 111 32 27 30 26 54 89 40 54 94 99 114 27 53 50 83 99 97 118 41 106 58 49 28 80 88 109 68 81 95 43 85 57 6 35 113 78 53 11 16 3 74 43 48 88 104 21 99 68 15 88 114 25 42 92 63 86 104 116 70 118 47 
13 1 11 32 57 11 114 3 8 17 49 115 110 117 12 32 45 84 101 89 56 97 59 40 64 53 45 19 115 63 35 107 119 38 64 82 90 3 59 49 54 22 15 82 99 119 85 109 86 78 65 85 115 17 105 117 74 50 97 26 96 93 91 85 10 52 117 31 83 93 
9 118 71 59 3 114 50 60 71 24 107 94 72 95 52 89 42 51 94 53 42 10 89 82 4 84 24 3 58 56 9 3 107 60 84 120 36 14 75 64 53 104 100 10 100 59 113 5 18 40 69 25 17 45 97 50 31 58 104 49 55 13 44 57 76 10 3 118 15 63 
23 93 45 85 110 17 79 102 31 59 23 65 34 64 31 72 84 32 67 95 41 30 45 68 84 80 110 81 116 89 90 21 54 57 41 104 25 22 88 21 14 102 18 63 85 89 20 78 63 10 11 87 106 112 5 94 44 67 5 95 31 105 35 39 93 80 65 110 41 81 
1 1 78 22 66 26 105 73 55 62 117 31 65 78 32 23 63 43 91 61 15 110 81 51 11 28 101 35 55 57 11 1 65 116 88 94 74 46 19 67 53 25 112 84 93 8 120 46 99 38 92 100 81 6 56 84 95 116 43 71 100 46 25 100 32 6 76 59 65 36 
37 115 107 23 85 97 109 111 17 102 108 72 36 74 72 58 9 53 41 42 29 117 70 6 114 7 14 83 39 32 6 51 82 31 87 115 33 8 99 92 6 44 47 110 91 108 48 93 10 61 57 3 90 75 21 35 93 115 27 23 78 66 53 5 11 59 111 15 55 26 
37 80 17 1 28 31 44 16 74 51 93 72 71 9 54 66 46 29 25 14 38 26 29 52 97 96 10 70 6 52 22 117 104 70 5 60 64 76 60 55 27 63 19 49 84 29 70 77 64 99 8 16 7 50 68 48 22 107 54 17 11 3 70 69 111 44 100 51 51 112 
80 58 5 37 63 106 69 26 110 19 79 69 70 87 67 117 46 55 92 28 114 23 71 19 107 107 28 16 95 118 2 7 2 53 38 7 44 117 106 30 94 21 54 99 10 12 111 60 22 71 47 59 13 24 29 95 29 60 115 38 83 15 15 95 83 18 56 56 57 58 
75 64 104 50 21 37 87 29 65 22 52 89 108 1 115 56 2 13 11 51 34 104 92 16 39 114 16 39 59 58 7 109 22 25 81 44 5 63 94 71 94 25 39 53 19 87 20 44 10 52 28 9 2 18 19 74 45 65 79 34 101 19 110 94 117 18 31 97 82 102 
60 49 115 51 11 36 40 55 34 50 49 86 49 17 87 37 33 91 17 86 96 10 46 47 95 94 4 20 83 69 58 78 94 110 119 74 101 33 80 53 63 50 119 59 15 64 111 108 116 119 2 107 15 45 52 116 35 2 55 65 49 85 63 10 89 2 16 75 101 80 
97 22 62 5 38 28 56 91 79 97 5 46 94 97 36 74 7 11 93 76 31 75 25 84 79 94 46 103 91 97 13 109 61 114 11 89 54 115 60 61 69 104 21 55 93 58 63 84 31 100 104 118 6 92 18 19 116 109 112 108 37 82 8 107 90 21 6 65 64 91 
91 20 56 77 95 82 19 13 3 44 73 44 90 11 70 68 56 88 46 45 111 61 81 2 51 72 95 118 4 40 2 51 76 52 1 58 118 79 74 29 4 24 44 109 16 12 42 114 36 56 83 20 81 82 6 97 10 56 9 76 47 117 6 33 36 114 1 97 76 15 
73 98 93 94 61 2 82 82 53 21 74 42 41 86 49 108 76 103 2 22 97 113 72 21 24 118 7 57 108 60 62 27 60 78 24 73 117 40 3 15 32 53 19 100 55 83 7 119 31 30 120 68 26 76 24 2 15 22 78 27 120 54 80 1 119 98 53 3 5 98 
83 110 64 108 109 74 91 116 66 27 2 79 57 116 90 12 70 46 77 107 28 50 33 33 45 84 51 82 23 104 73 100 92 112 67 30 27 20 30 81 51 18 29 108 34 64 90 34 17 117 51 71 88 48 57 31 83 106 79 113 29 102 3 45 7 62 96 119 105 55 
84 2 6 29 47 70 37 26 8 43 88 61 1 28 60 110 101 109 101 26 105 6 26 49 109 91 27 11 46 1 85 108 100 80 93 55 102 114 117 63 112 120 94 114 62 101 64 35 102 109 117 13 119 101 32 6 33 84 48 50 49 23 80 66 77 57 40 63 97 93 
99 57 97 120 7 32 105 117 35 8 61 27 49 86 6 41 98 66 81 47 50 17 29 110 69 64 6 115 56 80 58 50 42 67 48 58 97 106 83 11 63 70 57 106 97 74 66 91 51 98 116 58 57 40 55 95 93 37 36 44 4 73 63 47 59 94 69 110 78 36 
4 61 109 118 50 29 53 23 46 86 14 100 108 69 91 81 28 90 24 67 100 113 64 87 96 101 14 36 112 33 12 38 29 13 5 28 23 23 86 119 21 104 52 73 85 27 52 62 95 94 39 44 35 46 78 65 30 78 7 57 48 9 36 73 74 92 84 74 83 103 
87 31 4 76 41 94 8 74 57 78 16 2 61 16 84 112 105 104 82 22 1 111 102 119 119 77 57 87 36 108 118 33 8 24 93 52 51 87 57 32 97 24 93 77 6 66 100 75 89 90 117 94 115 110 109 40 60 49 4 42 109 85 98 33 36 23 81 6 43 63 
48 90 32 23 112 117 108 10 97 31 7 4 57 46 10 44 15 72 113 50 68 32 105 41 113 69 61 96 21 7 32 22 62 48 18 62 66 15 100 101 67 34 104 5 27 26 19 37 43 113 68 57 35 105 53 22 78 64 42 103 76 107 35 115 34 101 102 44 109 87 
80 66 23 61 99 101 13 50 37 65 95 118 48 34 19 10 70 13 15 43 59 21 87 46 113 40 64 102 3 44 17 36 114 10 60 94 111 65 54 76 108 33 40 41 78 110 105 15 72 95 45 41 24 23 61 10 95 50 20 10 116 108 14 50 2 20 88 119 111 118 
107 8 5 91 10 4 82 33 57 40 24 48 44 74 12 7 23 23 30 63 84 27 21 91 61 83 85 55 105 36 24 12 67 73 116 23 56 81 14 68 109 106 57 12 95 53 34 110 21 102 75 17 59 78 42 44 61 43 23 12 89 55 63 14 90 95 101 20 84 95 
22 42 117 56 85 44 42 106 55 36 102 5 22 14 64 4 95 10 45 88 1 81 14 15 83 73 37 14 13 49 56 75 46 43 98 63 14 56 54 61 54 76 101 89 33 54 81 67 14 36 48 80 46 87 96 36 70 107 17 13 48 1 79 89 104 59 5 118 17 47 
92 102 37 100 51 75 67 39 103 84 99 43 75 52 31 60 103 45 17 49 11 52 107 108 113 90 89 67 80 111 115 48 9 89 81 112 78 85 55 51 32 51 41 30 92 12 115 23 101 9 101 74 24 58 49 2 58 109 22 74 10 44 85 78 95 50 101 96 33 69 
59 47 48 106 64 8 115 25 5 30 106 68 62 94 38 17 77 39 113 105 71 51 109 88 41 21 57 81 49 49 41 64 54 41 12 37 13 87 111 72 12 44 102 96 24 1 115 105 95 14 72 114 94 115 109 8 103 112 73 19 81 48 84 72 27 15 91 19 80 42 
87 22 96 33 83 101 2 66 116 76 97 21 61 108 71 45 85 13 62 27 117 47 47 80 81 62 19 105 8 25 57 72 46 85 8 7 47 110 77 46 78 65 51 94 74 104 9 40 14 101 28 49 8 80 79 8 46 45 12 58 61 37 77 101 26 26 32 30 2 77 
89 116 59 91 51 49 18 17 119 108 24 72 72 92 2 34 102 101 95 6 60 33 32 108 7 71 31 96 30 69 87 112 8 103 38 19 18 67 62 66 24 27 101 6 113 51 116 43 82 64 57 99 99 18 21 27 78 10 108 62 93 79 21 4 49 21 31 14 81 33 
71 89 36 71 111 66 87 62 68 29 110 7 75 74 113 116 54 50 47 79 32 111 104 59 74 11 109 92 33 26 24 7 10 118 105 80 95 11 33 99 59 63 27 3 43 36 113 67 43 41 115 1 23 54 94 12 32 45 118 38 50 60 52 113 72 57 72 70 96 34 
101 71 79 37 108 10 45 79 98 41 45 118 11 37 36 23 67 74 2 41 7 95 21 97 105 70 47 29 44 89 36 74 17 65 75 37 107 48 25 70 74 21 33 69 105 93 85 71 60 28 38 48 29 34 2 29 96 100 48 28 119 112 100 94 70 59 45 31 2 88 
87 20 63 87 70 116 58 37 55 16 99 61 15 71 62 48 36 116 72 91 90 78 104 107 69 15 120 56 49 7 77 13 33 10 49 113 69 97 74 28 100 8 67 23 27 70 104 14 96 65 39 48 70 99 37 99 32 111 74 50 71 14 40 79 47 45 73 119 120 90 
10 4 80 107 98 67 3 115 30 12 104 13 30 59 119 14 68 56 92 99 26 109 5 57 65 119 61 8 62 115 36 55 77 19 73 90 113 116 9 39 119 66 72 93 100 117 54 30 100 95 47 81 17 2 51 91 37 69 41 78 17 57 103 22 68 118 17 46 50 48 
31 105 43 27 112 101 40 9 52 64 16 78 66 119 37 59 47 62 85 58 39 3 28 50 73 25 76 50 84 3 79 5 100 55 28 44 59 7 41 100 9 68 26 16 85 68 107 38 30 36 78 40 23 52 47 103 83 91 31 78 64 57 79 73 36 90 71 69 34 99 
35 27 93 79 113 41 34 42 114 23 52 107 29 93 38 5 50 108 100 34 51 12 60 23 12 19 31 76 105 89 92 91 6 4 109 60 20 51 2 47 34 117 37 28 2 105 105 97 68 7 77 75 64 52 12 110 11 101 100 93 37 60 25 85 40 49 99 116 83 105 
65 41 25 76 33 10 119 104 1 118 33 60 91 109 45 44 105 2 75 84 88 61 94 115 56 32 18 38 69 88 36 21 20 20 55 7 35 107 35 67 10 62 91 51 115 59 98 66 82 35 14 39 35 17 29 59 34 9 27 115 104 94 52 27 13 54 11 34 104 11 
111 33 110 42 58 38 102 116 115 118 70 34 62 25 118 10 46 75 17 106 32 1 72 51 79 70 38 62 120 102 15 96 24 60 96 111 46 54 17 119 40 26 32 84 70 93 117 86 77 28 29 24 57 11 96 46 27 92 63 73 104 60 86 92 69 120 63 103 39 87 
25 70 106 43 42 69 82 109 105 77 68 54 60 86 118 10 103 116 86 94 26 70 105 92 81 2 108 58 44 83 2 68 114 33 107 115 105 61 60 93 75 57 92 100 61 91 85 65 63 29 106 83 37 46 90 14 98 70 55 94 60 31 23 91 52 11 35 78 26 55 
113 73 53 34 1 19 4 83 92 81 13 22 65 47 69 88 75 93 49 100 21 45 88 101 75 10 80 37 102 44 46 91 21 57 3 113 81 79 73 38 106 109 28 25 96 16 100 23 72 7 11 34 13 44 40 115 8 24 68 58 28 90 82 23 85 29 21 93 87 3 
99 59 51 78 81 16 44 103 60 10 49 88 20 84 45 59 2 48 42 89 41 74 59 28 46 23 37 91 90 111 63 83 89 84 34 111 9 26 78 113 78 42 98 90 110 71 110 98 107 100 79 103 13 118 6 89 98 92 109 25 117 38 93 82 1 82 62 68 38 33 
108 70 29 7 34 68 109 91 87 105 37 105 105 60 54 8 32 114 3 44 73 13 64 27 49 85 16 20 32 80 3 71 111 117 44 40 23 80 83 107 45 112 108 1 120 91 116 52 7 11 110 48 101 93 112 73 99 39 69 28 94 81 9 6 15 107 120 92 4 95 
86 77 35 8 31 32 45 32 40 7 18 95 19 55 102 63 17 109 32 86 81 32 90 81 113 11 13 60 81 77 17 12 116 11 53 87 66 47 70 98 114 22 5 106 1 58 7 41 25 107 25 102 101 50 110 86 66 66 25 85 107 86 103 120 113 57 118 30 18 39 
103 62 80 35 91 109 34 65 107 49 110 5 29 20 6 84 42 59 64 61 36 69 109 9 18 86 111 89 53 44 84 105 94 60 67 84 88 32 108 29 28 27 60 43 86 2 120 5 16 85 32 76 111 71 80 114 88 26 26 18 13 88 99 9 64 28 74 27 75 52 
59 77 89 66 71 120 91 78 9 104 113 94 15 80 65 104 31 105 118 108 98 99 85 104 102 25 30 83 31 116 17 88 78 55 115 55 2 50 87 59 35 80 10 92 29 29 42 91 88 118 26 22 16 81 1 66 20 93 70 55 90 21 15 26 48 112 113 23 84 55 
17 51 62 86 35 92 57 46 86 10 22 51 18 102 67 84 68 55 29 61 22 95 3 23 56 115 2 58 70 117 110 17 19 111 109 101 116 8 1 93 25 113 41 26 16 37 83 83 53 43 55 85 10 13 61 56 96 52 31 15 36 99 10 95 59 9 27 55 48 44 
60 12 75 97 57 74 113 66 37 31 53 11 90 64 69 15 65 120 98 106 38 107 39 52 38 96 62 57 64 64 60 69 78 97 109 78 117 116 72 31 100 9 49 76 71 112 19 107 22 18 44 76 77 113 83 84 91 95 35 79 91 24 104 5 21 112 87 44 105 5 
61 14 81 16 18 55 61 85 71 66 116 95 1 90 53 33 103 46 98 77 110 11 97 52 50 25 22 11 100 16 46 32 36 49 76 25 59 50 17 101 59 49 60 29 74 27 70 76 88 110 17 80 84 90 26 5 17 38 40 110 26 76 36 24 90 91 117 68 119 3 
65 17 25 104 72 7 21 102 55 117 108 103 103 14 81 83 19 35 94 61 18 2 89 17 87 31 90 35 13 22 34 50 43 47 77 57 25 78 45 77 90 51 99 52 39 45 35 10 19 63 71 91 82 49 57 41 17 92 6 73 5 56 3 9 86 114 102 88 114 110 
54 90 44 84 5 31 42 47 58 2 14 108 66 88 85 52 115 99 90 34 106 111 89 16 102 75 89 51 81 38 80 29 5 57 38 113 116 25 60 94 40 4 90 117 5 57 89 21 65 37 53 62 75 25 22 120 26 2 104 18 112 83 51 48 9 49 28 44 97 34 
65 73 96 89 20 60 116 98 43 61 61 120 17 59 21 91 106 113 87 95 78 106 84 82 58 19 90 29 84 19 110 81 76 14 83 42 107 70 94 12 34 27 105 21 6 52 81 96 46 25 36 61 78 9 4 48 105 3 67 12 47 79 42 15 65 45 35 75 65 120 
51 69 59 53 103 60 114 32 14 36 38 57 119 60 23 102 70 108 56 9 6 103 110 3 9 15 11 23 36 65 104 30 38 36 89 47 106 80 65 93 78 64 29 80 8 70 42 112 35 6 17 111 79 90 112 31 86 45 20 39 84 50 104 38 99 100 11 85 88 10 
118 42 72 72 12 118 119 76 85 106 55 24 110 23 86 58 14 8 113 117 116 86 39 117 23 70 45 93 82 34 35 103 81 119 101 100 66 105 20 84 65 24 45 116 59 14 11 31 70 99 19 10 29 10 76 61 70 49 75 91 32 24 45 20 28 10 39 119 52 93 
76 117 18 28 26 108 97 71 70 77 1 90 24 96 55 64 23 11 87 61 63 49 92 48 11 10 6 63 45 28 63 56 120 31 106 118 68 68 7 50 89 27 37 115 89 24 38 24 38 64 15 72 99 7 26 69 96 30 15 25 107 43 62 117 39 60 8 59 106 72 
36 11 55 108 18 94 27 27 80 80 88 63 101 24 53 14 61 87 114 120 118 2 18 29 20 102 7 13 14 37 75 67 97 43 100 113 92 27 14 120 2 51 101 52 45 51 88 113 63 80 52 74 25 10 115 24 89 103 40 98 81 20 39 96 46 43 83 7 41 108 
21 27 26 56 69 22 81 62 57 43 95 102 2 55 7 61 58 105 86 55 60 120 48 113 101 114 21 42 62 29 18 26 62 12 105 43 69 98 23 92 31 74 17 71 97 17 93 88 60 113 111 46 29 37 18 104 1 52 17 61 41 98 99 59 5 103 82 62 69 53 
118 47 10 20 97 71 4 98 37 81 54 62 100 100 59 33 93 78 19 117 78 116 60 49 70 9 100 40 23 13 21 37 10 119 56 60 99 47 91 104 44 34 107 98 17 88 64 68 33 33 91 97 51 54 7 27 48 88 73 98 91 81 37 112 43 118 16 84 115 2 
41 21 18 112 115 95 64 114 1 74 1 74 37 53 113 84 85 49 95 52 66 26 26 43 95 80 17 3 89 71 46 85 62 28 63 97 99 89 80 103 20 52 33 117 93 5 9 15 26 44 90 85 66 110 61 95 86 3 95 99 11 36 39 91 3 115 107 110 16 92 
66 57 109 26 5 40 64 45 108 16 27 88 72 32 71 53 27 86 60 50 5 48 62 61 105 71 39 49 16 32 12 101 40 35 80 9 68 89 36 4 65 46 95 44 90 65 53 43 23 47 36 119 21 35 11 101 97 83 97 28 36 70 7 113 87 28 113 4 17 5 
87 103 114 21 33 49 40 118 12 75 51 114 100 97 5 68 25 62 4 106 54 53 82 58 23 35 89 37 44 44 71 22 51 88 29 105 35 102 58 29 71 98 100 90 95 32 41 67 65 57 94 118 83 15 27 92 94 76 112 58 15 73 28 95 35 36 48 88 12 26 
8 67 95 5 1 114 38 102 89 54 56 70 80 48 112 63 107 72 92 12 86 4 40 105 84 109 4 9 15 81 63 90 107 14 109 27 58 116 105 33 94 103 96 41 1 65 43 119 81 106 52 99 69 23 28 77 58 111 12 67 51 67 46 36 63 81 46 112 48 35 
106 65 43 61 98 3 29 76 27 21 70 39 75 67 18 20 63 85 35 22 98 28 23 89 35 10 71 102 111 51 19 9 47 109 75 60 103 62 11 32 20 53 28 74 96 80 108 96 8 68 50 42 19 91 71 72 78 68 118 109 112 6 4 84 41 52 44 89 45 41 
76 94 67 62 48 77 11 105 73 87 50 12 22 5 28 7 96 113 15 65 83 24 57 25 93 29 87 71 98 30 61 36 70 78 27 74 56 85 20 104 25 111 105 69 43 63 11 48 20 117 80 56 49 96 48 30 89 89 113 16 6 95 62 50 108 95 85 56 46 80 
4 66 105 92 91 110 13 8 85 66 40 53 25 81 15 78 49 51 72 35 61 93 97 60 70 114 54 25 78 97 44 25 109 6 55 20 23 119 107 84 109 112 86 111 10 38 32 36 108 96 21 102 111 94 112 39 30 48 51 85 103 92 100 110 94 59 23 99 26 31 
54 21 53 87 24 5 103 105 93 81 91 106 49 92 7 63 29 116 90 107 55 56 59 84 17 113 46 106 91 76 76 10 69 100 109 102 76 29 46 31 66 83 26 76 43 67 34 78 59 75 73 31 98 90 77 60 108 17 68 69 69 43 18 2 63 83 48 14 71 120 
9 84 71 21 24 94 41 22 11 96 18 28 93 77 88 83 27 100 81 110 52 49 71 119 95 41 89 12 79 3 99 12 7 57 85 104 86 104 32 39 107 18 106 30 30 13 52 54 22 120 89 79 45 52 107 18 38 93 13 102 55 53 6 21 48 50 79 39 62 120 
59 46 81 93 71 31 76 18 18 94 11 95 69 9 23 96 99 88 88 19 26 41 28 69 48 116 107 85 23 13 84 64 2 109 105 62 73 18 35 114 34 95 53 120 40 81 30 3 105 86 24 84 47 96 6 90 94 66 42 15 1 31 29 75 63 86 111 94 17 22 
71 65 41 49 38 103 21 46 119 38 101 101 16 9 108 60 42 43 3 59 71 83 115 65 98 52 5 62 46 85 80 17 53 2 96 102 110 120 75 42 8 110 99 44 56 116 41 15 99 43 44 30 27 81 110 3 20 66 116 97 61 23 11 23 41 12 11 34 17 39 
51 24 20 85 111 49 47 82 81 113 9 96 33 13 25 34 118 7 18 53 74 46 75 61 35 51 60 44 94 35 73 94 89 98 46 117 63 63 85 114 31 101 62 49 52 100 71 74 44 118 67 117 65 58 68 90 77 20 85 55 42 119 32 55 114 21 46 93 8 52 
2 106 18 23 3 94 105 111 80 60 2 106 51 35 34 30 23 5 48 8 39 6 3 119 66 105 115 57 71 80 50 110 6 63 44 34 9 16 65 79 24 94 97 35 73 42 31 21 38 80 59 85 6 43 92 120 12 65 101 19 39 87 25 29 120 70 92 22 79 100 
