73
109 24 64 119 84 83 26 33 39 91 10 22 108 32 102 25 70 54 12 70 73 117 69 28 36 117 62 72 29 4 107 78 118 61 11 82 100 78 112 47 54 93 45 115 103 85 119 9 31 103 113 91 77 12 82 46 106 103 73 1 53 92 84 90 44 28 102 82 2 120 32 87 81 
29 45 31 20 111 24 66 50 36 64 40 104 79 120 79 103 90 106 114 105 4 104 52 65 107 110 70 25 34 99 61 112 118 92 82 60 42 115 117 23 10 68 79 77 42 70 34 79 79 31 60 69 98 29 77 102 85 66 37 60 71 55 54 39 25 33 85 118 6 111 107 72 120 
31 16 107 45 50 40 54 80 35 12 65 102 76 71 63 3 53 3 44 117 49 49 57 67 18 67 50 87 51 102 115 40 99 73 30 94 106 49 19 10 42 63 33 9 1 4 56 6 67 55 118 55 48 96 105 102 15 100 48 57 31 113 119 25 102 120 105 63 13 68 115 36 38 
7 12 98 88 3 61 98 83 72 113 109 112 72 82 55 76 109 34 42 48 7 77 93 65 80 7 12 107 15 21 32 61 31 66 59 67 18 33 99 24 8 119 26 115 52 102 45 82 96 36 67 72 113 57 23 9 104 60 70 49 38 14 77 51 105 33 28 3 25 21 9 52 84 
101 77 110 110 2 92 42 75 100 15 43 58 32 11 36 109 29 15 2 82 19 95 22 15 89 100 17 30 39 82 120 5 20 98 96 25 56 22 78 48 32 42 66 105 69 78 76 33 19 10 82 47 20 34 44 53 103 28 79 41 96 12 2 120 6 88 12 119 119 13 84 59 28 
59 8 60 115 26 3 21 68 1 112 21 45 43 60 100 116 61 118 30 113 32 100 71 62 82 26 38 64 14 67 76 69 103 39 109 13 118 40 95 2 120 27 95 107 12 118 42 91 18 28 67 115 100 45 25 70 78 39 119 29 97 79 22 31 54 61 114 39 111 6 85 72 16 
17 34 105 85 58 12 55 81 59 38 111 32 87 54 41 24 63 63 13 51 34 120 36 1 21 27 74 101 31 87 99 20 74 93 23 40 92 40 13 53 89 13 43 94 77 114 114 55 20 95 80 18 100 37 70 31 85 42 27 16 9 28 9 6 18 99 108 88 70 60 100 97 83 
56 41 107 15 117 50 63 20 51 100 96 67 97 115 116 104 28 103 50 11 90 103 15 27 110 56 112 75 99 68 32 57 89 92 70 73 43 90 99 31 97 103 60 58 60 106 56 106 91 34 94 80 16 96 56 91 17 2 33 35 84 39 65 78 110 62 56 99 72 80 56 94 29 
84 7 3 49 53 118 97 119 54 2 102 93 49 11 22 52 44 80 5 25 11 16 85 102 53 35 22 81 36 80 56 13 51 48 116 86 86 101 73 83 93 107 120 70 12 113 57 50 70 108 25 74 55 57 86 82 84 20 3 55 70 29 105 44 59 18 86 71 78 56 12 111 16 
59 113 73 86 14 22 28 49 33 75 76 78 66 72 86 118 4 75 45 29 58 20 95 88 38 47 33 92 17 72 35 62 105 112 4 102 58 81 66 21 99 33 7 24 92 97 41 108 111 102 84 96 66 6 76 31 93 93 38 18 50 117 117 79 43 79 5 49 99 19 51 83 109 
45 39 28 38 117 105 109 75 33 90 93 31 22 100 31 56 23 94 119 76 40 112 22 17 61 45 90 114 53 93 78 119 93 36 61 109 23 36 34 118 34 84 49 71 4 108 66 76 102 40 95 61 71 88 31 56 114 103 85 45 23 25 39 30 62 80 2 70 52 48 119 7 12 
69 85 9 65 14 82 58 48 55 72 64 38 39 28 102 66 7 42 8 1 79 74 113 86 74 78 22 61 34 79 106 106 96 51 59 44 118 5 7 120 47 118 99 111 101 4 116 7 67 33 102 99 120 112 113 102 27 47 8 23 89 22 111 44 2 27 36 99 84 14 35 26 119 
41 116 120 117 109 1 88 8 39 72 110 119 99 95 108 6 33 36 102 95 17 30 70 65 35 42 14 58 20 29 28 101 114 67 118 102 87 96 112 63 69 64 46 47 62 103 29 34 117 20 5 112 114 89 117 2 8 35 66 102 88 11 102 52 70 10 79 54 110 93 98 88 112 
117 44 43 13 14 63 53 31 1 90 47 77 13 31 72 30 62 118 4 34 8 97 114 4 52 26 69 38 118 109 96 11 5 117 74 2 4 3 33 109 79 28 27 49 81 110 120 51 35 60 112 105 34 96 93 5 84 109 33 50 71 56 99 58 6 74 3 81 2 102 5 7 73 
19 30 101 34 60 92 9 80 95 95 113 39 5 58 10 23 8 19 73 52 114 31 56 92 40 92 51 31 117 17 117 40 117 18 58 14 71 19 119 34 42 36 32 111 30 88 100 48 1 49 65 50 1 19 68 45 7 90 85 34 92 93 102 58 110 54 39 52 85 65 28 9 102 
10 114 81 74 48 55 86 64 17 104 71 104 38 3 30 84 83 48 66 57 68 72 11 112 43 44 87 48 81 72 33 7 89 6 25 78 38 100 48 79 18 112 96 45 29 59 52 28 52 29 32 117 120 82 72 54 97 100 74 105 108 19 92 58 40 76 2 9 102 99 107 114 84 
33 87 17 13 118 95 64 76 119 1 62 101 18 41 16 83 33 51 114 106 49 29 79 90 89 30 105 70 108 28 2 113 94 88 94 18 104 47 104 22 95 61 16 91 73 92 2 93 113 19 61 77 60 43 1 60 78 42 14 35 41 104 69 2 29 99 116 114 3 69 101 12 6 
74 55 78 22 59 91 114 95 81 71 7 29 24 24 76 15 35 80 66 42 43 103 54 23 6 47 25 86 117 99 14 41 6 57 38 111 80 10 111 103 80 54 51 80 98 10 59 2 31 22 25 37 24 103 56 87 108 85 21 99 64 81 88 100 64 90 104 2 42 6 49 102 53 
120 36 91 67 51 33 120 65 22 61 2 73 13 80 57 38 40 10 10 4 82 68 48 27 66 39 4 88 95 32 102 18 22 109 22 20 75 10 33 117 49 70 83 117 63 63 42 75 45 78 97 8 83 102 103 94 30 38 69 68 99 13 24 98 28 50 108 113 66 88 106 35 66 
16 23 109 11 57 45 8 11 100 116 99 100 63 94 43 95 41 57 102 83 52 52 13 110 30 12 30 32 15 76 117 50 69 52 1 39 65 71 53 30 53 82 74 89 47 93 54 23 57 47 77 20 46 89 19 67 116 59 6 75 52 87 61 105 58 113 101 81 6 39 18 76 62 
107 108 73 69 14 103 29 19 27 55 105 34 56 23 4 33 74 18 89 44 14 47 113 27 76 98 5 116 3 43 88 44 116 28 87 16 85 64 85 103 25 77 45 8 19 36 22 81 33 48 59 104 89 61 101 38 37 11 46 98 21 34 18 104 2 70 63 102 103 112 7 84 9 
38 65 29 44 106 112 79 60 8 70 77 119 1 8 109 73 96 86 11 55 37 100 55 72 19 57 120 43 59 61 11 73 117 41 116 26 86 34 74 118 21 28 109 41 117 109 63 64 100 106 85 16 56 105 74 96 94 20 30 48 114 52 103 92 112 62 12 55 27 81 68 52 23 
72 8 89 20 104 98 15 54 109 2 78 87 76 42 87 120 67 110 53 13 54 106 91 77 64 46 55 58 120 76 103 120 30 75 86 38 9 79 96 42 71 94 82 65 15 61 43 76 37 1 59 25 32 64 102 56 70 98 33 91 35 119 91 69 44 22 11 64 86 24 79 73 62 
110 60 17 94 36 61 92 73 62 11 53 116 16 58 80 117 79 34 45 92 4 9 40 30 35 91 48 119 59 53 92 115 83 45 86 19 68 45 6 8 58 90 56 108 74 92 68 64 48 116 117 61 80 94 93 77 23 54 24 2 63 85 49 9 45 111 25 49 27 95 65 30 63 
105 25 35 57 70 86 91 110 65 17 109 118 29 51 95 69 103 29 120 16 53 31 72 45 55 79 80 89 15 100 42 75 11 110 115 119 108 41 49 48 21 32 4 67 7 119 26 88 31 91 116 85 107 77 67 113 12 16 23 68 42 84 97 87 28 107 43 4 52 69 101 108 98 
9 58 47 120 32 104 60 106 51 27 50 105 27 68 65 114 107 116 116 68 50 98 21 34 48 100 64 11 114 31 28 119 118 21 12 49 91 60 82 88 120 90 91 90 13 10 43 106 117 70 27 40 93 30 85 31 60 79 61 43 69 32 1 91 65 17 27 83 98 25 81 78 23 
20 61 27 54 35 31 67 50 82 74 39 118 9 45 37 25 20 1 92 47 34 84 110 57 101 23 4 73 13 84 106 27 43 96 68 64 69 103 101 58 118 90 51 18 42 54 107 25 55 57 43 72 105 61 91 23 42 26 57 46 114 39 31 66 86 68 24 89 108 118 61 41 91 
120 74 75 61 58 82 70 112 105 57 21 5 9 113 59 16 63 68 76 43 15 115 30 36 62 8 114 59 104 48 2 57 41 18 72 86 55 27 94 79 2 92 70 33 50 30 13 76 64 24 99 18 119 8 20 61 87 54 119 70 44 96 100 8 110 20 71 58 6 15 35 94 117 
13 23 24 79 103 31 97 115 6 3 76 2 33 21 49 24 8 70 80 46 43 48 90 16 44 104 82 40 100 41 33 56 8 33 43 39 24 57 79 92 55 32 111 8 1 87 19 97 54 16 85 120 96 117 113 28 112 97 80 93 64 12 39 80 111 96 1 98 10 66 90 45 96 
10 95 109 98 21 84 110 114 62 39 7 23 111 64 71 28 19 1 56 100 92 87 65 5 102 87 39 83 33 102 109 6 80 104 57 41 113 99 105 6 36 16 102 69 22 99 53 92 104 102 62 115 86 5 98 57 35 62 103 113 62 4 35 13 7 19 119 74 113 99 55 114 47 
11 50 20 95 85 73 107 25 84 13 120 34 111 60 84 107 6 42 76 7 35 111 118 102 24 36 21 102 91 84 49 26 89 48 48 75 25 76 93 106 52 24 54 10 8 30 12 74 7 25 52 53 37 15 81 72 48 12 91 102 117 118 3 41 13 34 110 46 73 81 7 3 46 
43 112 84 114 34 36 10 48 62 98 17 118 15 70 18 28 64 68 43 54 7 21 55 79 93 82 25 82 35 91 97 50 60 34 29 68 91 81 113 103 61 68 19 100 66 73 4 98 60 99 90 8 58 103 81 108 20 33 11 99 18 67 33 39 82 68 69 21 82 72 49 48 103 
78 53 51 13 61 52 42 31 97 75 59 60 86 47 106 55 4 99 6 69 83 5 17 85 109 104 12 56 84 49 114 107 86 81 42 41 106 11 86 24 62 19 77 59 99 53 14 112 29 98 18 116 76 70 115 1 86 5 60 46 60 39 91 88 13 52 79 45 45 61 18 101 39 
58 79 96 57 43 77 20 95 102 65 66 80 36 81 101 104 115 9 97 28 113 53 11 44 115 44 37 98 45 4 30 111 117 4 35 55 35 19 35 71 84 63 104 40 99 59 83 63 55 24 89 55 119 22 105 37 64 118 46 10 41 34 41 69 8 12 82 74 26 41 39 105 99 
118 103 53 32 3 44 1 23 62 92 39 52 33 118 94 99 112 54 116 47 12 4 46 88 90 116 23 118 25 104 107 76 95 57 78 107 56 117 96 110 80 6 109 118 60 4 2 32 104 14 7 49 78 53 25 2 23 2 68 119 24 47 51 24 41 74 117 58 75 78 79 120 99 
97 100 5 55 70 56 32 47 80 58 79 95 30 10 37 3 104 103 55 13 109 79 67 52 41 90 96 90 9 40 63 30 1 81 41 70 4 118 79 21 94 39 99 16 31 18 93 63 115 33 9 47 114 98 25 32 108 15 7 111 62 26 4 34 39 31 103 102 71 61 46 116 96 
104 85 80 58 50 52 18 109 93 24 32 46 94 55 94 81 119 103 57 54 113 50 17 10 20 99 114 93 49 96 77 42 84 33 39 61 83 29 68 28 16 62 11 36 34 10 58 26 33 10 71 4 67 27 73 81 46 91 24 90 116 2 105 51 37 39 85 2 37 102 67 41 83 
89 8 26 14 13 2 96 92 41 95 21 5 1 74 62 36 77 75 93 87 24 74 65 27 95 73 42 40 18 77 19 45 60 66 20 1 20 53 91 104 113 17 43 22 26 42 30 23 20 75 53 51 58 66 111 45 26 100 75 68 72 45 12 93 104 106 72 72 13 109 54 107 77 
109 41 13 45 51 16 97 107 43 21 57 104 89 90 16 81 12 48 90 10 77 74 6 88 64 48 29 51 99 117 6 119 31 18 36 65 71 17 83 113 103 1 42 101 89 104 50 109 115 31 63 37 28 41 72 12 82 101 10 104 50 47 115 21 116 7 91 28 60 67 79 20 117 
27 11 21 91 111 99 68 99 102 18 52 45 42 97 41 3 61 46 97 106 34 80 51 91 37 95 93 83 55 79 78 79 16 66 21 53 67 25 119 34 67 84 90 49 117 76 92 106 5 75 47 91 61 93 30 6 2 53 116 22 120 115 58 109 60 15 80 47 38 14 79 8 66 
118 81 41 78 120 117 32 55 74 110 20 13 72 106 76 98 43 10 15 116 58 49 102 104 80 43 53 47 93 99 3 46 118 85 103 60 117 1 118 117 63 5 95 98 65 65 65 94 58 47 1 40 93 1 100 3 111 113 106 91 106 63 38 52 49 110 62 65 119 112 114 52 67 
111 57 96 67 120 34 105 76 50 93 40 28 75 73 37 45 56 7 40 25 113 96 110 104 62 6 2 71 25 28 51 80 108 21 76 12 3 42 91 76 77 40 12 71 55 111 14 14 31 30 92 32 115 6 110 33 89 1 27 70 108 110 70 63 9 103 70 87 2 78 23 15 119 
73 20 95 5 61 26 28 113 119 68 31 8 112 26 119 31 5 86 70 103 107 36 57 100 117 55 27 76 49 77 14 70 97 21 81 72 103 105 14 116 7 71 8 76 47 78 45 116 119 119 120 48 56 91 57 37 51 114 79 97 81 119 105 23 84 104 23 70 23 118 17 82 41 
66 87 24 107 79 62 21 106 66 68 106 80 48 84 47 73 89 37 2 32 41 39 57 91 83 49 101 19 72 40 110 53 12 3 39 19 71 62 35 38 9 1 117 45 98 28 60 55 40 118 67 3 49 28 90 52 80 55 85 97 72 7 59 78 11 66 52 99 27 31 97 88 2 
83 1 107 46 67 60 9 88 110 36 63 90 42 112 116 49 39 67 70 47 100 71 67 78 5 48 54 43 80 83 5 102 117 29 94 6 1 96 3 24 92 98 104 7 11 53 47 116 116 50 32 16 50 97 70 19 57 67 90 56 74 37 101 91 80 94 23 83 88 76 11 105 38 
54 25 115 16 45 71 11 31 99 67 31 42 16 110 25 36 65 62 78 57 77 111 85 114 82 46 105 93 54 111 6 59 72 46 54 46 98 65 80 64 52 34 31 40 7 21 27 28 13 13 31 74 39 109 109 67 50 21 34 50 104 94 119 85 116 10 75 75 19 68 49 11 21 
23 106 117 7 91 14 113 107 15 55 108 110 82 23 64 61 90 68 57 90 20 107 86 91 70 102 2 87 91 83 55 111 52 108 116 80 85 24 82 19 39 96 116 59 19 118 54 57 117 14 100 29 64 56 47 48 74 30 119 108 79 9 49 60 55 112 71 10 65 34 2 106 98 
58 114 94 27 9 31 42 91 120 56 27 20 69 92 66 8 37 13 106 73 94 8 9 18 92 10 68 99 46 75 27 117 16 109 26 89 117 14 39 110 63 50 56 119 45 37 4 108 114 13 25 53 119 67 62 15 58 111 84 113 63 56 96 26 32 24 58 63 116 50 84 113 7 
54 3 37 110 63 104 112 110 35 64 31 5 105 40 93 102 76 78 111 79 8 83 105 38 111 107 92 35 117 52 20 87 108 59 16 84 93 33 109 88 79 36 57 9 116 79 97 105 91 9 53 44 25 19 77 30 86 59 60 36 11 99 40 12 61 45 5 24 116 6 43 40 68 
10 100 107 115 116 56 101 64 61 59 105 6 45 3 9 71 93 27 46 48 56 1 24 102 29 120 4 22 72 110 65 62 27 24 59 67 62 109 80 14 78 45 35 27 47 4 92 94 72 38 69 77 74 69 1 14 58 55 51 47 43 53 16 48 51 25 82 119 8 119 52 47 115 
8 95 92 55 96 43 83 62 32 2 28 53 102 12 59 47 77 75 65 34 83 50 13 94 27 15 63 23 73 28 23 113 75 62 100 115 112 56 10 70 81 1 31 63 71 89 61 12 35 113 52 3 62 74 43 38 24 26 100 16 4 14 32 108 71 8 12 116 119 19 2 60 57 
15 18 24 67 54 108 1 90 79 118 26 113 9 41 46 94 89 44 108 86 27 29 61 73 21 94 16 104 98 85 80 117 28 50 84 12 20 4 30 105 63 20 86 94 62 51 41 53 29 79 48 60 71 80 99 111 86 82 53 1 90 65 68 32 29 120 78 14 101 99 79 19 74 
66 83 12 113 65 1 105 4 46 2 27 75 64 102 7 91 41 86 38 88 115 33 52 34 54 25 25 102 112 112 85 66 28 83 100 53 89 8 71 4 68 6 45 11 96 21 1 97 66 115 39 43 111 74 115 106 109 4 18 12 55 93 57 33 44 91 75 68 71 86 38 46 28 
75 33 93 44 35 32 25 43 20 103 47 59 43 7 110 99 86 2 37 110 13 62 80 41 19 95 38 66 56 33 3 60 29 3 58 15 6 81 60 30 82 23 65 45 52 78 40 26 114 102 91 21 103 94 109 52 43 85 75 74 115 75 29 86 62 29 75 37 55 45 46 112 35 
67 80 80 62 49 80 108 40 92 76 58 20 17 9 38 61 86 65 100 27 117 28 74 49 7 55 62 20 31 14 77 38 77 70 65 35 30 76 18 100 42 1 22 57 54 76 115 68 95 91 29 80 14 117 63 118 80 88 7 107 27 95 4 98 80 89 6 108 43 57 79 33 38 
47 5 79 118 79 30 82 70 57 65 18 81 39 19 109 82 88 5 11 15 109 66 87 120 64 73 11 3 93 62 98 62 95 41 79 24 42 84 96 14 47 61 8 112 117 94 93 104 87 44 114 108 75 58 56 42 48 109 113 24 117 113 60 92 93 53 51 49 115 36 100 120 103 
99 25 42 39 21 80 13 54 42 106 27 108 101 88 50 21 67 120 12 1 37 114 92 56 18 71 107 38 7 41 49 92 101 84 95 120 45 35 103 3 15 55 12 109 58 32 46 41 10 91 110 93 38 68 16 61 15 85 91 97 118 105 92 64 76 22 119 11 105 15 91 54 11 
44 58 14 77 23 33 106 19 76 28 72 90 16 34 53 46 104 33 106 9 75 13 66 61 115 66 35 33 4 39 54 94 52 112 75 29 98 69 40 84 17 108 83 79 20 84 3 11 108 118 120 84 111 108 100 65 48 45 55 45 1 29 33 94 91 19 94 41 76 89 92 106 94 
70 101 25 97 76 20 64 82 24 11 58 75 18 86 7 53 98 88 66 39 55 119 112 42 103 92 1 62 47 118 1 28 117 33 4 117 88 108 84 112 85 81 115 48 102 84 85 100 109 22 94 36 117 93 113 66 51 112 110 71 88 46 36 55 75 70 18 50 76 22 97 14 62 
88 1 104 94 79 40 116 117 48 11 116 62 120 86 102 7 74 90 115 1 20 101 45 77 96 46 20 14 61 118 37 97 98 58 24 16 85 18 110 105 23 66 31 111 12 41 37 32 25 38 106 82 98 13 76 14 21 40 55 89 45 15 19 3 114 38 93 73 79 83 5 43 66 
89 12 78 55 114 67 73 9 9 31 75 7 53 1 54 19 8 50 112 88 57 58 96 99 113 51 110 89 20 116 113 120 26 84 52 109 107 26 49 103 46 2 106 27 96 78 83 35 7 52 68 42 86 68 110 14 35 102 92 39 120 73 17 115 34 82 8 1 86 91 50 78 17 
36 2 24 20 73 27 67 117 30 91 75 24 39 115 77 94 19 95 108 109 80 58 55 74 8 57 35 92 116 15 25 101 3 59 61 97 34 1 107 72 26 35 61 43 66 75 28 68 77 111 72 50 60 78 103 19 53 62 101 18 53 4 81 90 115 26 6 27 119 38 25 13 90 
110 25 18 13 93 102 109 51 43 81 103 4 106 45 72 24 49 18 46 74 4 116 47 78 29 11 119 67 67 41 9 28 102 8 51 4 56 106 117 97 31 85 118 115 5 98 77 22 3 22 86 116 77 79 32 12 19 115 37 65 40 68 21 90 14 17 92 20 81 38 28 74 78 
11 2 108 16 110 70 71 50 50 81 82 14 54 74 7 5 104 34 61 105 57 35 107 6 88 69 4 42 87 116 90 68 70 120 40 111 59 48 37 67 106 66 84 98 73 73 50 89 102 17 6 45 87 9 117 3 50 108 82 98 115 90 76 92 85 86 70 22 25 1 93 42 57 
80 60 97 79 24 51 76 70 29 114 68 40 68 60 83 58 64 29 67 82 24 43 81 46 99 98 100 110 101 89 117 103 8 73 108 59 116 32 105 79 40 13 67 60 48 81 100 110 54 14 5 32 25 112 102 63 5 36 74 116 64 74 118 78 73 6 25 60 88 88 36 66 32 
95 36 80 41 116 106 70 94 23 72 10 69 115 14 59 82 88 10 102 103 87 113 27 36 16 85 109 60 98 2 92 97 79 33 25 27 76 65 49 34 50 92 82 97 63 112 33 115 64 115 35 107 57 89 1 10 81 16 85 44 25 84 101 120 55 38 45 8 83 30 49 48 19 
79 103 7 112 12 65 37 55 18 67 116 101 81 116 46 19 106 35 51 103 80 46 56 49 25 47 105 67 19 81 90 58 75 57 3 8 88 50 66 94 100 14 57 70 21 67 20 96 2 88 69 75 66 117 79 51 49 79 68 87 16 83 118 28 37 44 8 6 17 36 104 36 71 
4 15 66 92 119 104 98 30 41 59 24 7 80 19 107 1 9 78 83 43 10 2 46 6 57 85 28 3 39 73 97 115 69 93 4 1 88 65 64 40 23 73 106 78 24 3 8 78 76 79 12 111 67 59 71 101 68 59 61 32 62 115 31 94 87 66 47 38 50 6 25 118 11 
14 86 28 25 69 68 55 105 24 59 101 15 56 44 112 34 115 80 75 112 6 117 101 22 111 9 20 82 10 36 36 93 76 61 27 96 16 95 32 20 96 96 72 73 63 23 5 27 53 65 50 109 63 35 3 10 101 83 68 34 33 87 53 24 61 101 46 71 43 15 80 65 40 
85 30 94 68 117 63 2 71 99 119 64 80 40 95 9 85 49 67 91 112 112 70 1 46 53 116 22 19 86 66 80 19 94 26 64 68 44 85 55 28 109 18 13 108 112 58 49 39 35 8 90 94 38 54 49 23 74 7 64 114 67 27 53 108 57 114 54 98 93 76 40 42 21 
90 100 20 117 25 86 29 2 34 26 94 68 113 30 7 105 115 77 99 50 114 69 38 120 115 76 46 56 33 11 35 58 46 70 88 19 39 72 40 113 66 117 117 20 38 87 1 112 27 3 41 55 16 39 103 106 95 60 39 60 77 86 18 117 1 67 27 50 23 114 85 37 69 
16 10 6 48 6 111 65 26 79 6 71 43 68 85 39 81 24 104 103 92 17 102 89 38 45 12 120 81 110 3 77 58 63 98 38 80 66 63 87 52 109 84 40 62 19 61 109 119 74 31 81 53 36 30 105 49 116 41 29 116 81 50 61 71 7 7 113 54 33 9 57 18 84 
25 106 29 28 89 115 63 2 97 6 81 48 26 23 84 24 97 103 79 34 54 113 87 44 15 34 15 42 49 28 19 5 44 97 67 52 58 23 78 63 72 45 34 78 120 32 47 17 31 36 35 118 74 48 90 39 69 45 81 116 117 92 39 54 2 87 8 79 10 83 105 114 10 
