73
38 62 57 38 32 31 15 39 55 10 51 93 19 26 8 7 6 107 66 9 99 6 61 56 103 71 42 102 21 72 38 32 44 29 116 22 64 81 50 58 29 51 6 95 1 38 40 84 85 80 87 91 48 111 28 74 17 29 90 1 65 105 77 36 47 119 57 45 96 63 105 83 83 
79 87 107 83 42 71 92 82 15 48 21 14 7 110 19 114 65 32 64 3 91 55 104 80 68 76 60 67 15 71 13 33 97 11 97 25 100 78 13 84 93 50 78 48 14 111 75 42 54 10 48 10 25 100 98 79 10 26 81 3 1 100 58 17 69 26 23 93 68 7 16 95 84 
40 69 80 45 88 43 78 109 5 83 35 10 27 45 59 9 11 80 53 60 96 117 57 13 17 45 41 106 87 74 66 77 1 3 36 9 81 26 80 3 81 109 28 92 18 83 55 90 62 22 87 88 37 108 111 92 41 118 86 54 31 27 55 79 38 31 12 84 6 24 69 112 105 
119 35 61 77 74 59 12 12 11 25 46 19 86 5 33 52 24 54 48 57 91 71 41 13 28 66 51 55 66 39 24 74 46 32 41 34 118 1 96 56 103 26 101 69 2 117 30 47 62 56 96 2 86 83 113 27 27 111 13 11 27 44 57 22 28 13 11 29 73 85 17 84 78 
34 9 84 119 86 11 118 92 110 92 82 60 107 5 110 32 120 18 69 55 29 31 97 10 79 83 25 102 22 36 22 74 102 103 117 45 4 37 46 19 97 96 97 104 102 68 91 54 90 90 29 103 105 3 100 111 5 62 52 4 91 56 106 18 7 47 23 88 65 107 109 20 49 
97 100 68 45 111 95 111 87 52 15 94 32 60 77 19 31 80 66 76 55 35 41 31 80 40 4 107 67 29 111 118 117 71 110 21 94 48 1 18 92 18 27 25 89 9 71 87 11 112 107 66 43 72 43 111 26 12 100 41 12 3 91 93 92 17 46 6 101 31 5 4 44 4 
47 50 6 9 110 1 23 2 98 22 81 51 88 15 80 18 61 71 35 22 3 49 15 24 76 4 12 82 104 59 110 21 53 42 7 21 49 30 76 33 64 17 56 87 45 9 6 75 117 12 111 83 32 21 112 54 59 10 109 103 15 54 83 15 100 3 17 110 85 92 6 59 56 
78 93 78 9 43 42 3 92 89 39 28 104 113 113 43 54 98 79 42 109 97 86 55 23 86 97 107 24 120 17 82 72 77 26 7 12 21 51 116 69 119 80 34 31 57 7 60 19 94 101 39 95 75 13 12 95 4 73 44 93 105 55 70 115 40 33 59 70 50 62 63 85 110 
41 82 34 90 50 8 120 49 52 13 82 20 114 29 114 112 1 24 87 108 71 20 33 64 77 106 51 13 10 14 103 14 8 30 47 120 25 17 2 14 79 80 8 105 6 31 46 20 56 16 59 92 90 104 77 105 56 23 59 53 94 3 86 113 9 4 105 34 34 69 65 40 98 
101 62 112 108 115 106 105 51 85 84 7 65 4 92 47 50 52 33 83 96 100 44 117 60 11 55 4 13 28 90 2 63 108 110 46 41 9 59 6 13 44 14 58 57 18 15 99 66 92 55 47 31 25 28 23 60 98 16 114 33 61 3 49 42 59 56 29 46 28 2 108 51 15 
63 120 42 69 95 19 80 30 25 68 59 26 24 9 32 35 87 95 30 24 49 84 18 89 100 49 111 72 24 54 63 1 92 26 10 63 54 9 32 54 5 117 14 120 70 14 67 29 109 107 106 114 48 93 45 15 31 91 25 38 23 77 7 59 79 36 15 13 55 95 71 32 17 
8 83 14 77 75 38 56 71 17 66 9 26 17 111 85 112 91 96 32 19 3 51 98 114 23 1 2 58 81 7 117 10 72 118 101 28 64 93 88 37 99 8 39 86 117 35 17 72 100 54 48 119 3 51 55 95 100 57 19 5 90 95 31 120 95 47 49 118 41 103 51 21 11 
17 21 91 100 40 23 115 61 84 106 74 98 48 98 110 53 29 77 62 81 30 48 43 72 80 13 104 94 89 109 34 43 56 38 9 22 119 14 39 53 66 87 37 81 19 35 61 83 120 52 97 35 76 53 40 62 108 99 31 96 4 115 119 44 98 99 101 44 112 78 74 115 26 
52 68 73 12 60 88 71 71 21 33 34 103 71 116 90 115 60 33 113 25 18 20 101 19 34 47 45 96 116 71 7 91 54 58 30 118 21 23 93 9 80 47 32 92 67 53 6 115 3 32 38 89 9 44 49 117 45 104 6 117 38 10 40 50 67 90 24 48 111 33 54 120 51 
98 49 32 69 115 77 42 7 95 104 119 20 20 49 64 10 85 61 18 24 7 103 5 8 15 68 2 43 78 111 68 110 91 49 35 111 55 7 99 25 20 67 56 96 95 16 13 114 63 35 7 59 76 40 22 84 112 47 83 48 45 89 98 51 103 27 32 101 15 109 48 71 78 
111 22 113 26 39 66 49 63 116 72 79 87 5 57 15 91 117 52 55 32 96 52 113 25 53 103 46 114 66 69 4 84 15 49 118 98 50 31 119 92 66 59 9 82 36 87 110 106 42 57 60 76 99 95 103 66 120 65 52 99 102 3 7 72 37 44 32 20 74 16 89 80 113 
25 92 75 102 19 83 12 99 29 52 32 77 75 85 73 108 27 67 110 1 110 24 73 94 116 98 81 44 95 53 68 17 33 100 33 82 61 75 32 21 89 52 35 63 109 113 80 64 35 102 38 2 116 6 86 55 93 76 97 117 104 38 32 6 16 29 106 86 62 95 103 43 42 
51 18 69 76 76 31 13 70 2 118 22 13 16 74 51 63 82 110 72 57 21 8 119 81 74 32 60 86 107 95 68 5 44 16 46 98 79 2 85 20 64 75 1 100 42 2 68 99 35 36 14 18 35 71 21 74 92 39 94 77 90 90 118 66 94 35 48 42 82 85 2 101 91 
117 19 66 35 50 43 74 96 115 76 4 116 70 82 66 58 82 70 42 79 117 77 82 20 90 39 99 91 59 1 94 58 118 111 33 28 95 71 82 72 14 27 4 39 16 94 62 84 69 56 60 32 36 19 3 71 73 104 50 103 28 90 90 91 33 25 4 56 82 38 76 16 91 
57 11 65 101 97 86 107 19 103 54 45 37 1 50 16 104 94 32 81 23 54 71 64 3 14 113 42 83 49 52 101 19 62 18 18 7 16 35 87 104 65 97 16 80 106 4 32 8 63 111 69 51 84 27 68 52 48 38 35 65 80 37 35 33 76 98 100 30 52 69 57 76 15 
48 74 83 50 39 65 51 120 57 106 70 76 6 47 66 102 102 93 24 96 12 106 12 92 116 102 45 95 118 4 62 35 90 62 43 76 100 25 8 89 105 74 55 22 99 2 110 47 37 7 86 77 60 44 12 72 20 72 96 80 89 68 68 11 95 50 108 93 98 51 9 56 33 
4 43 14 84 120 26 95 47 52 23 64 32 71 51 72 42 70 81 119 40 37 90 20 15 116 37 22 73 69 32 67 91 9 75 77 53 20 116 27 115 80 69 116 50 111 56 79 119 6 101 27 119 96 68 120 27 106 1 92 83 60 17 100 82 106 106 97 110 101 3 109 89 7 
85 4 30 66 26 105 76 14 58 46 118 12 88 62 38 88 27 64 87 106 2 26 109 62 54 63 55 76 69 38 90 83 35 43 69 39 106 26 106 41 77 24 38 93 49 57 116 27 96 19 86 39 24 60 38 13 63 19 25 83 37 80 34 73 92 102 6 79 103 55 88 92 106 
20 62 118 1 14 98 32 14 31 86 73 45 83 97 73 74 47 112 88 72 102 39 20 112 43 101 79 38 79 50 16 79 56 74 47 78 41 49 18 2 48 99 12 119 1 115 86 17 25 1 76 55 47 100 38 25 48 61 118 38 9 34 37 84 115 80 31 4 24 12 52 2 4 
71 26 89 106 13 4 63 34 97 57 9 43 36 16 58 4 79 62 98 47 94 28 109 51 12 7 14 112 116 64 11 91 58 60 8 107 119 66 19 74 98 77 107 102 104 67 68 22 56 114 43 58 40 114 49 68 116 47 92 24 53 22 25 4 7 35 31 31 110 64 64 59 96 
119 21 93 94 101 37 8 39 9 93 41 27 65 1 115 98 75 42 111 47 59 29 5 91 64 66 55 21 118 3 69 29 40 62 50 62 44 72 53 107 19 58 29 117 13 54 90 66 45 24 108 36 47 63 31 16 75 40 42 70 10 29 30 99 77 100 86 96 21 52 6 70 35 
71 15 20 92 23 5 80 23 75 45 40 78 43 57 9 94 96 119 114 99 107 117 92 26 3 20 10 22 93 44 109 26 81 25 81 99 35 72 58 54 17 11 81 114 67 94 66 45 6 115 46 24 5 33 97 118 22 6 76 119 38 17 29 76 23 87 10 49 76 7 66 62 91 
72 68 50 26 46 72 87 63 24 6 82 10 62 23 60 48 13 20 73 6 36 113 64 50 19 29 8 14 59 109 100 15 3 6 43 16 74 62 52 97 71 17 95 47 41 107 102 100 73 76 34 75 71 10 60 64 34 2 100 46 7 82 110 23 68 66 11 26 112 66 1 98 54 
56 56 15 62 82 40 77 55 73 64 54 100 75 32 53 62 105 55 111 90 47 2 32 15 116 61 40 17 3 18 96 60 60 44 2 68 79 111 13 53 92 76 87 13 97 7 6 8 90 24 8 32 101 16 29 25 66 75 70 109 62 120 42 96 52 105 68 36 117 25 63 99 93 
17 50 91 96 4 49 114 60 58 4 109 81 65 69 49 65 24 106 78 67 45 95 71 43 117 119 66 54 8 59 98 32 3 72 80 7 37 37 79 9 36 9 46 51 92 42 49 27 95 15 84 57 26 112 28 28 32 31 86 36 21 21 36 6 84 9 61 116 20 102 84 42 22 
102 30 34 72 59 23 52 76 68 30 44 92 93 104 114 99 68 6 1 46 3 61 74 66 87 74 62 79 9 36 21 77 32 9 87 29 15 73 119 76 61 91 57 6 55 66 20 78 34 5 18 63 14 6 34 8 99 64 107 31 53 64 60 1 50 103 41 21 7 92 116 5 12 
77 51 48 79 47 12 56 55 21 97 58 94 18 31 13 43 1 50 28 5 89 26 100 103 112 76 73 18 114 54 56 4 16 100 2 100 76 22 109 73 110 111 98 81 13 29 26 79 36 2 15 48 46 32 114 56 119 120 28 67 89 54 78 30 53 72 109 10 7 54 45 90 27 
84 97 16 67 9 43 67 89 7 37 115 89 54 63 10 94 72 75 26 3 9 53 11 34 93 55 83 112 57 94 114 36 64 64 1 74 19 41 54 107 6 60 44 37 2 69 38 23 20 70 24 17 57 58 83 28 51 87 21 72 39 3 93 50 106 39 51 57 102 63 91 63 6 
41 33 2 77 89 26 69 26 43 1 7 107 11 77 57 38 22 52 26 6 46 37 4 19 103 53 38 59 104 100 25 27 61 60 44 115 91 7 43 27 103 53 48 18 116 47 65 70 28 21 25 20 98 72 33 40 49 14 66 24 47 38 69 47 46 39 37 58 18 11 40 106 80 
23 58 60 90 7 117 14 76 27 47 93 58 78 78 45 107 14 59 119 55 61 46 80 9 89 22 12 68 1 104 74 51 40 78 2 45 81 10 5 108 98 96 116 71 31 49 108 12 88 58 37 108 20 59 111 54 86 84 90 6 82 85 13 18 34 31 11 24 19 49 39 1 16 
82 81 10 25 92 83 39 60 31 56 65 73 5 93 59 45 97 104 117 12 101 110 59 50 9 109 43 65 23 48 68 48 33 21 51 117 44 42 68 110 114 26 94 17 78 44 104 29 57 120 96 59 69 14 95 69 85 95 119 87 43 83 54 85 22 17 105 8 107 112 74 84 47 
73 97 68 49 6 91 116 94 91 82 20 42 69 74 55 75 8 50 110 74 5 109 84 63 54 26 110 102 43 69 120 82 19 77 9 102 80 13 41 17 42 11 16 60 25 29 45 19 85 16 70 8 63 11 73 83 26 111 47 39 13 72 79 33 80 111 106 35 112 99 59 120 87 
72 2 29 68 101 109 82 118 112 86 72 32 12 1 97 29 21 67 64 40 100 87 13 6 19 41 26 78 103 34 12 75 61 17 54 75 9 37 44 67 74 99 86 67 120 40 96 39 22 22 83 115 64 51 22 59 15 43 31 94 18 29 77 35 77 36 17 3 95 59 39 88 75 
97 10 114 17 53 101 62 80 59 63 84 20 42 107 29 88 44 110 55 103 17 41 21 41 87 91 94 73 47 62 91 57 5 1 12 41 73 104 43 95 70 50 113 9 63 83 31 91 117 46 86 67 26 85 55 32 90 88 91 25 55 78 120 58 12 93 73 101 9 53 75 13 61 
120 75 95 67 67 55 72 112 40 34 113 45 38 77 11 27 17 111 90 74 97 7 39 74 3 35 46 79 27 53 90 2 104 71 112 64 85 113 25 102 96 9 40 10 42 21 109 14 18 77 79 67 77 74 115 64 53 104 59 45 77 115 98 77 82 52 14 89 43 89 60 59 16 
22 59 59 119 56 94 109 112 53 98 37 70 87 60 93 91 43 76 52 56 42 18 98 101 74 61 85 6 42 49 56 120 40 93 91 4 86 27 52 10 29 60 62 98 64 78 32 76 65 77 23 65 34 62 99 55 106 31 47 67 97 87 68 33 70 117 65 14 24 20 98 83 114 
2 31 37 19 3 56 41 17 81 54 65 78 60 44 6 34 93 10 41 12 87 41 28 105 86 55 28 92 1 37 109 88 93 91 70 56 28 9 113 77 105 15 90 45 93 66 50 38 114 27 98 37 2 37 77 25 107 40 97 99 94 47 117 96 75 61 46 38 4 27 19 89 31 
15 60 120 117 95 64 4 9 42 73 28 105 38 10 115 109 54 40 109 41 109 84 98 41 57 14 63 111 30 100 36 44 95 5 62 117 15 15 115 29 82 38 34 87 72 97 109 71 84 9 9 73 20 85 116 75 3 48 91 21 63 34 28 58 35 91 5 18 32 1 32 65 72 
62 17 21 115 49 76 7 4 72 85 30 10 32 65 26 13 101 2 10 2 86 29 115 61 30 68 5 46 104 49 18 32 101 72 47 40 39 107 98 69 60 56 19 23 119 61 58 22 53 95 62 34 3 113 99 8 21 6 106 37 59 71 114 23 68 99 68 48 91 118 79 45 116 
58 36 110 29 62 97 110 75 21 30 40 51 66 101 79 98 68 86 106 23 36 95 88 24 88 15 27 100 117 62 50 93 87 7 19 69 80 85 12 11 76 74 30 1 9 8 77 11 82 16 92 16 4 79 114 73 120 109 84 40 66 66 43 99 89 81 109 111 109 81 74 12 107 
105 90 38 35 82 81 88 22 56 68 46 94 47 18 83 90 77 100 118 24 38 60 50 80 85 112 58 91 75 99 92 115 29 88 53 35 4 44 88 72 41 117 52 15 68 97 96 81 94 106 115 28 91 114 42 18 9 49 39 30 102 106 87 107 97 34 78 30 25 62 35 72 80 
83 28 110 67 91 12 23 51 107 102 10 56 56 62 7 87 48 16 13 52 64 66 48 100 109 61 42 68 53 15 90 67 109 34 88 49 109 108 15 111 84 39 120 18 92 111 77 26 106 48 70 46 78 23 48 103 20 53 105 87 84 22 25 21 66 90 29 58 93 44 28 67 53 
49 96 88 117 19 58 44 116 30 31 82 41 31 55 115 85 24 53 94 94 34 8 29 112 112 73 38 53 53 109 58 110 101 47 18 21 119 114 63 106 117 85 120 64 18 24 70 78 55 102 104 4 85 112 86 20 22 46 96 105 26 117 92 105 64 50 95 80 107 18 34 101 33 
19 63 8 33 52 36 55 45 60 67 22 100 30 80 45 40 5 112 37 99 18 33 23 1 33 43 27 36 42 7 98 52 23 11 77 63 39 18 32 10 34 88 80 34 26 84 117 71 43 56 26 55 116 118 37 8 57 102 91 59 58 35 107 1 56 99 29 34 13 23 15 57 85 
60 64 110 118 42 45 79 65 115 79 79 56 108 116 90 95 56 17 12 10 6 96 100 6 9 11 64 103 118 101 105 42 28 83 56 22 27 60 2 109 64 59 83 95 1 48 74 48 70 98 9 20 112 117 44 118 58 117 3 92 20 9 60 53 75 15 90 15 116 86 72 26 66 
38 30 19 97 71 77 17 58 14 36 119 45 107 49 10 104 51 1 17 116 31 103 53 102 94 100 102 67 13 27 36 18 84 100 104 26 117 57 92 78 41 68 40 83 87 3 45 64 30 5 51 65 50 10 103 117 110 110 20 73 97 117 100 89 65 6 91 13 31 6 68 71 75 
79 99 50 30 96 91 57 10 71 17 45 101 5 82 74 82 28 20 66 11 57 67 77 17 81 13 79 101 43 102 62 20 53 100 109 57 62 19 101 66 22 118 109 37 12 12 1 116 109 28 79 61 118 13 59 48 112 109 94 57 24 95 6 64 42 99 23 21 40 15 17 115 108 
70 53 111 44 13 4 35 52 98 53 62 101 100 97 74 90 116 111 105 8 13 109 20 58 16 120 73 56 86 54 82 52 23 91 1 89 2 38 40 63 40 101 20 45 36 24 104 39 102 10 46 61 51 36 70 9 100 39 109 31 107 39 62 24 52 109 66 43 65 36 95 83 103 
95 40 54 35 41 78 60 9 3 26 29 81 88 16 95 20 46 105 27 100 25 34 19 106 90 23 111 60 88 51 119 98 12 51 102 119 16 96 7 95 17 71 69 99 10 79 119 55 9 18 80 38 39 112 71 98 2 57 7 118 88 55 62 64 72 42 112 55 83 115 67 111 99 
29 65 38 89 97 71 49 91 92 40 76 83 37 80 104 17 88 12 55 45 99 48 22 105 9 19 4 53 24 10 60 3 32 81 109 74 56 49 66 78 48 84 17 69 50 102 55 49 53 97 60 113 105 96 29 109 43 10 48 108 101 33 32 48 94 17 120 52 87 54 104 6 89 
100 77 81 67 99 117 16 8 80 47 7 86 25 112 68 44 36 25 67 61 45 72 67 40 64 79 97 19 83 51 9 80 5 56 114 79 53 66 56 117 65 37 92 10 46 69 95 104 40 85 19 119 71 20 67 39 52 38 113 58 27 26 85 117 74 53 120 75 109 3 26 70 65 
108 42 16 62 51 29 92 67 77 11 94 21 89 9 116 52 70 7 90 31 92 58 59 26 119 116 83 100 40 27 36 4 50 83 95 90 111 117 10 68 98 73 70 66 95 67 64 49 72 30 46 21 12 112 85 35 64 103 15 18 62 95 42 62 62 111 100 31 40 11 1 87 31 
79 72 67 31 26 84 28 91 55 48 92 68 14 70 119 63 57 45 106 14 56 37 84 15 91 87 45 34 100 112 14 99 48 83 32 49 16 97 37 97 68 30 57 21 34 68 15 112 104 15 51 26 28 41 33 90 18 61 98 64 1 65 73 18 50 105 90 95 40 19 6 8 71 
39 69 76 61 110 9 61 88 73 81 65 116 50 44 53 40 115 1 111 17 71 56 54 6 64 11 7 14 40 75 16 27 14 52 38 13 4 16 29 92 21 1 114 43 83 108 70 12 51 51 58 24 113 25 8 68 17 16 55 47 17 35 75 101 31 6 54 77 14 42 59 112 7 
97 95 39 83 76 8 90 2 47 21 57 7 42 18 119 12 28 80 105 88 44 74 25 118 24 6 54 67 87 120 120 42 6 70 11 96 4 85 59 11 38 69 77 95 28 39 30 34 110 80 23 89 84 119 70 9 55 23 41 116 8 61 37 92 48 89 76 74 103 105 3 56 65 
56 4 97 119 110 12 107 114 14 108 85 27 44 31 106 96 27 74 112 72 71 83 20 102 55 89 104 106 24 111 111 38 115 79 68 43 53 12 29 89 85 57 75 67 68 79 68 56 110 93 9 63 115 77 11 39 45 86 54 115 17 68 63 111 69 101 113 84 24 37 94 32 97 
76 22 40 38 66 18 69 44 20 86 62 101 36 98 107 77 57 37 114 8 23 31 55 35 22 101 22 100 102 43 38 105 67 104 117 95 7 12 40 43 92 62 21 3 69 64 113 93 7 75 77 103 41 37 4 100 28 59 66 72 18 62 1 88 89 21 18 50 117 89 12 15 2 
113 95 84 6 61 49 8 88 70 4 85 59 12 2 30 6 118 25 67 113 3 48 94 24 4 70 59 72 89 4 5 29 80 94 119 74 29 88 45 48 21 14 24 54 116 49 89 21 100 21 5 56 53 51 52 96 71 27 35 38 110 60 15 43 3 107 8 76 63 120 46 29 33 
59 80 65 31 21 76 13 90 56 62 75 119 109 47 13 15 45 60 120 102 81 32 24 23 119 107 25 92 4 60 107 64 18 112 50 30 17 27 41 63 23 40 4 26 32 78 9 102 77 104 114 37 69 58 27 44 89 27 10 76 44 87 39 53 5 13 64 79 38 24 85 74 21 
22 24 47 82 26 54 90 57 21 8 32 103 73 120 61 111 42 25 55 107 17 78 80 12 7 24 78 83 8 41 66 17 32 18 1 3 80 4 16 39 24 7 53 22 44 96 92 76 42 3 61 60 4 70 82 13 56 61 120 8 51 104 83 9 86 65 41 114 43 100 15 103 110 
96 74 76 3 36 84 88 45 48 118 87 109 79 77 70 96 90 43 44 68 28 94 120 34 68 21 18 17 16 98 106 35 88 26 46 111 45 79 51 25 101 57 118 110 101 18 114 13 54 62 113 47 88 41 16 39 60 59 72 65 32 62 81 2 46 19 55 75 25 2 35 58 21 
77 90 113 103 118 117 62 24 57 22 103 53 98 103 78 91 27 113 101 99 42 61 97 99 43 15 49 59 25 57 73 3 31 41 101 62 49 49 117 48 81 49 14 19 40 21 66 44 113 42 10 42 35 64 88 119 18 20 80 89 34 88 56 11 69 118 54 99 56 10 82 9 55 
37 44 103 37 47 23 70 46 90 112 98 80 102 12 87 108 93 63 93 24 81 5 48 84 40 28 21 51 45 69 33 30 8 100 5 41 43 10 68 98 18 10 89 22 107 94 115 102 5 97 101 114 58 15 21 3 50 108 20 78 29 88 78 106 78 80 14 72 96 60 2 33 23 
53 106 2 96 95 29 83 12 31 50 53 117 5 32 41 60 112 117 60 21 104 47 93 80 59 22 23 22 21 34 119 2 19 62 32 56 41 22 56 20 97 84 96 25 69 24 116 17 26 120 60 71 118 4 12 13 30 63 23 48 87 50 110 113 82 79 13 77 82 62 115 39 14 
83 50 75 80 24 69 14 9 19 48 96 49 80 73 95 98 118 80 113 31 28 14 52 104 50 7 29 71 68 10 106 16 11 17 103 13 31 106 71 70 37 53 18 9 45 78 49 59 14 74 29 49 103 115 115 106 98 119 14 113 33 68 47 77 35 39 96 60 39 91 61 5 83 
80 89 2 10 115 23 117 82 47 82 77 110 99 105 50 7 24 56 58 96 116 12 81 94 30 118 44 24 113 63 14 49 16 116 6 86 60 110 49 26 73 36 105 81 79 93 116 104 28 48 22 86 14 19 43 113 114 113 97 10 13 116 23 96 102 56 66 33 4 35 21 3 29 
52 2 60 9 73 49 97 34 63 44 74 8 59 13 109 110 90 68 96 27 58 102 97 72 88 62 20 77 119 106 56 17 30 38 27 69 96 89 27 51 115 99 103 56 74 50 75 93 10 102 29 86 42 64 110 1 26 46 21 108 10 17 69 77 91 3 70 46 112 63 75 90 106 
66 79 36 82 90 44 34 100 21 23 40 113 84 99 53 99 76 57 86 64 15 53 120 8 5 38 110 43 58 32 101 33 39 82 118 12 11 23 64 50 76 13 99 95 31 49 100 96 107 21 106 25 13 10 41 91 71 81 104 64 8 96 47 83 60 56 79 33 21 59 18 48 55 
