76
101 5 56 28 9 89 39 100 104 10 37 58 53 9 72 17 72 66 72 79 18 10 89 15 91 117 11 51 88 108 60 32 109 20 46 18 7 32 108 75 83 39 106 57 64 77 81 73 116 52 51 79 50 54 79 63 59 34 10 39 37 89 36 97 92 99 51 54 8 22 29 110 15 97 4 111 
112 25 44 115 73 34 47 47 87 98 3 17 29 80 79 101 32 31 33 91 75 116 110 39 32 118 99 33 111 14 84 3 21 7 89 112 112 29 52 14 94 93 44 72 50 48 66 107 59 107 71 22 80 22 14 25 106 60 85 68 112 20 16 29 86 7 38 67 38 114 38 27 14 103 99 51 
45 43 48 104 65 54 92 71 94 49 41 45 70 114 43 99 71 12 110 73 35 20 101 23 116 100 58 88 94 35 11 118 25 73 1 91 3 62 81 93 95 45 95 20 83 53 12 69 82 38 48 100 36 85 87 34 57 91 110 1 53 37 45 53 42 88 39 82 74 8 40 22 110 44 50 97 
82 11 56 88 109 108 70 100 58 17 113 107 25 70 53 5 9 8 36 63 65 7 95 102 19 9 115 17 50 75 119 119 84 41 53 74 75 106 82 97 70 107 7 43 34 40 22 56 82 118 113 96 94 44 120 9 106 80 28 64 79 99 81 107 91 108 78 104 68 56 15 53 65 58 113 108 
48 101 92 8 28 14 79 36 64 27 23 13 3 5 60 89 78 4 1 54 35 113 90 40 9 43 8 117 99 24 96 17 54 66 40 5 116 17 37 15 23 116 1 34 102 24 35 114 111 12 83 106 115 49 85 10 46 31 40 13 23 60 16 114 89 98 4 42 7 18 61 3 74 4 34 102 
79 115 6 13 40 52 109 104 118 12 117 30 72 60 33 51 19 71 38 61 83 13 120 55 34 86 10 33 101 34 18 95 23 103 36 68 67 22 47 79 74 63 44 28 93 107 80 17 114 6 82 25 26 64 22 107 117 86 44 1 41 33 89 80 85 62 18 4 111 29 19 41 102 27 13 64 
85 31 99 30 75 65 53 65 64 15 66 114 58 91 22 109 116 41 62 102 31 18 30 57 34 53 49 83 111 63 79 95 21 14 8 33 21 56 52 66 41 30 47 32 95 82 62 111 22 60 100 93 67 28 113 107 51 61 76 35 5 23 23 55 61 9 60 6 7 106 23 97 5 61 108 78 
20 64 114 32 43 99 79 19 61 37 29 51 77 118 73 97 118 99 23 22 103 11 54 54 18 115 15 60 48 19 27 40 94 18 32 30 42 58 106 16 35 82 70 15 36 36 25 28 63 105 97 22 29 48 34 65 75 67 53 112 17 51 35 63 44 67 3 56 76 101 91 81 55 101 36 80 
100 26 86 106 98 79 112 120 98 29 46 9 32 35 8 18 63 103 37 44 2 58 41 54 34 31 119 106 72 82 14 105 109 91 5 48 75 2 10 49 27 49 39 74 65 106 39 85 109 79 85 22 116 25 52 29 15 41 29 67 21 84 56 39 82 35 90 31 119 3 42 3 112 4 11 4 
61 57 14 32 4 90 70 45 96 9 26 31 54 2 63 31 107 119 111 14 35 82 94 96 9 9 116 96 77 88 94 39 105 43 8 105 76 31 32 9 116 30 28 34 116 33 90 86 75 94 80 85 70 116 111 81 7 65 3 61 106 52 77 103 117 24 65 58 22 48 3 66 40 11 55 86 
100 90 37 8 30 7 111 61 49 45 45 60 24 41 22 52 115 31 38 47 24 56 69 20 54 9 94 19 14 28 12 32 100 9 24 50 48 111 34 42 20 40 115 106 22 84 26 60 107 82 67 60 45 40 50 100 37 11 99 9 18 2 89 95 16 32 94 17 45 118 33 36 104 16 23 68 
43 85 6 21 86 120 114 83 102 8 26 73 61 53 4 116 99 57 41 35 25 53 4 42 92 9 103 14 79 38 5 97 45 52 47 56 11 50 8 47 4 88 34 26 115 115 81 55 41 48 66 41 112 54 48 106 106 6 96 35 105 116 23 116 69 43 95 15 15 23 24 106 15 110 82 89 
12 32 35 39 100 31 93 50 56 30 44 69 19 105 15 63 116 86 70 90 104 77 97 85 90 31 12 22 111 64 46 70 9 69 22 43 89 72 36 62 68 4 96 84 45 119 88 101 78 36 101 7 26 77 71 55 32 6 62 18 3 24 83 46 111 13 1 65 92 97 75 88 119 48 48 100 
37 41 67 29 67 98 63 104 76 14 47 75 78 9 77 20 17 27 65 92 26 91 95 31 110 14 67 115 52 56 29 50 93 66 59 83 99 27 90 97 101 49 111 2 34 37 105 10 72 69 44 116 17 111 25 15 57 57 109 101 48 76 37 8 103 52 76 99 65 41 108 67 97 67 108 45 
2 41 11 28 18 79 35 36 95 98 39 46 40 84 19 61 46 20 33 37 69 12 40 27 48 46 102 108 25 107 7 93 87 53 11 94 68 28 95 21 77 1 53 97 21 17 9 92 75 60 7 93 15 119 58 76 69 101 17 21 77 2 77 51 73 92 66 60 117 78 20 31 24 120 28 31 
67 73 50 78 53 65 31 2 88 54 21 68 52 31 116 66 38 50 13 66 17 7 23 98 107 99 5 66 73 98 6 36 25 97 86 66 11 3 1 78 85 18 52 74 99 56 50 106 81 67 111 69 82 30 93 6 18 11 25 39 62 86 110 89 29 108 92 6 76 78 6 18 120 81 55 30 
95 105 1 38 62 44 26 89 13 97 84 67 7 27 3 71 35 4 95 93 35 57 21 31 94 52 98 92 94 18 22 77 31 40 34 45 19 68 13 100 82 77 118 1 80 62 115 24 33 34 24 32 117 22 40 47 109 73 23 86 40 18 53 6 90 98 31 64 48 53 14 102 66 49 77 65 
37 67 95 11 10 74 9 27 47 58 109 90 104 28 50 5 10 37 8 105 109 21 84 106 5 2 84 44 75 114 22 40 66 41 104 52 47 75 73 5 17 44 15 54 62 11 46 113 81 40 91 101 38 23 97 90 45 29 97 39 57 10 41 54 93 12 13 3 96 112 39 101 44 17 12 118 
107 49 19 69 95 48 82 60 52 28 26 5 55 43 97 110 11 14 59 99 86 41 58 86 32 13 43 1 4 34 113 115 116 42 74 80 78 96 38 106 96 107 77 73 15 59 19 49 57 7 103 30 95 9 41 24 56 57 58 92 34 109 6 90 90 54 62 44 120 98 99 58 88 39 76 99 
40 96 82 70 68 25 114 15 104 21 46 88 50 67 99 108 15 111 14 65 38 18 51 94 87 52 96 78 113 46 62 20 14 111 37 17 101 46 64 111 18 84 15 14 21 34 15 54 3 82 91 109 74 4 79 112 102 99 22 47 30 87 104 87 101 59 88 65 109 29 21 37 108 8 18 103 
42 46 41 80 58 66 90 106 61 78 94 114 62 69 34 57 36 87 9 64 119 22 69 64 23 101 35 11 76 12 11 22 120 5 15 62 89 38 35 29 67 70 78 49 60 14 90 90 65 73 116 50 55 96 52 25 99 94 48 7 4 46 94 74 39 12 1 66 112 32 77 100 118 97 38 79 
113 12 70 120 30 92 108 20 87 36 73 57 12 14 72 75 37 116 33 86 83 94 78 64 75 25 42 24 30 115 85 59 110 46 62 9 109 112 120 72 78 42 6 96 28 49 104 71 20 81 39 105 116 42 86 20 41 52 15 46 115 91 34 14 46 45 57 1 112 83 30 53 34 20 107 69 
33 85 110 81 35 116 94 27 11 32 53 9 48 50 26 101 110 33 115 108 41 17 42 44 75 90 46 5 80 97 87 45 82 93 93 109 22 117 11 80 69 59 63 83 90 20 27 110 43 2 88 40 87 29 26 106 32 26 48 13 69 53 78 48 40 98 90 23 5 7 97 114 66 76 118 43 
114 68 64 111 51 37 24 55 115 97 5 118 62 43 1 87 11 11 45 20 110 96 27 31 74 115 6 65 43 101 35 108 114 95 105 77 21 87 16 117 21 82 19 19 29 39 23 53 88 25 59 95 18 53 29 117 26 91 101 62 72 38 100 101 21 114 64 85 88 110 105 39 101 82 24 39 
27 101 12 76 93 105 19 107 94 72 16 53 35 32 60 85 108 19 92 66 77 112 30 34 94 106 42 110 101 17 87 51 8 73 93 98 38 10 65 95 93 52 68 97 110 20 25 89 118 37 78 104 41 8 60 32 75 96 92 100 115 93 108 50 15 71 49 22 87 44 91 6 118 111 42 20 
35 93 23 34 76 25 118 58 108 88 9 96 100 25 67 21 61 19 75 58 60 64 41 112 15 87 10 30 78 40 84 77 109 51 95 80 1 91 78 68 51 45 83 7 93 40 20 61 90 93 114 113 27 63 35 110 31 15 27 98 15 3 111 67 29 35 101 79 4 103 117 102 109 60 87 44 
61 72 11 49 13 91 52 120 56 106 51 51 53 41 37 119 113 105 31 81 59 19 101 87 91 75 72 11 42 60 118 108 50 81 108 106 77 20 4 79 84 72 38 118 29 76 72 117 28 117 113 4 93 73 82 108 19 10 16 38 117 20 27 66 57 49 15 119 32 22 92 85 11 69 43 75 
23 109 24 28 69 102 61 62 10 111 120 79 88 37 9 93 112 3 24 88 39 63 91 6 29 92 82 112 74 64 31 118 77 60 87 25 65 70 46 100 69 16 4 106 74 92 70 24 97 71 90 59 67 94 107 103 7 24 55 40 90 43 23 9 76 75 58 55 79 11 35 81 18 7 2 84 
2 101 116 14 3 37 47 62 40 21 93 70 97 61 120 43 115 63 95 3 20 72 27 59 69 5 50 80 34 4 117 41 19 25 65 39 118 16 89 99 62 73 77 94 29 37 48 48 65 17 86 72 80 105 28 10 77 54 78 71 63 111 65 50 105 88 7 68 115 15 118 106 8 47 89 42 
2 95 68 46 77 28 89 81 61 109 50 82 8 77 83 115 19 26 84 86 2 95 120 53 85 51 32 69 111 86 33 89 69 22 72 30 74 76 64 18 52 26 75 5 84 45 30 70 27 35 76 103 9 7 92 49 107 34 53 79 38 80 35 76 18 21 95 89 47 67 65 48 62 6 34 78 
5 60 83 50 48 42 6 49 92 97 19 85 9 76 116 85 93 27 83 115 47 101 68 90 32 24 61 55 117 64 32 17 1 5 49 73 68 1 77 33 106 22 99 32 88 46 21 51 17 60 48 70 115 118 31 116 44 3 98 23 80 85 67 84 86 83 64 14 14 19 77 29 113 116 100 43 
47 119 83 93 66 109 91 85 102 15 52 68 38 22 12 92 65 78 3 67 111 59 64 64 114 117 73 44 36 38 106 69 67 89 96 39 29 21 41 55 87 115 89 99 19 98 118 92 67 99 11 43 120 100 10 65 36 109 79 85 98 60 30 57 15 4 33 99 98 100 34 26 59 11 102 120 
111 29 8 60 90 27 13 107 89 51 15 5 25 109 83 40 56 10 108 97 81 3 103 74 74 86 63 96 45 55 25 98 41 115 36 3 57 1 1 101 111 112 88 73 5 44 32 40 29 114 68 77 94 90 46 83 109 37 33 36 56 59 2 42 21 35 117 65 68 119 60 71 103 7 34 77 
85 35 85 72 81 55 87 70 115 64 89 99 11 58 13 19 78 38 110 118 22 5 50 19 69 2 75 7 115 28 58 7 94 93 22 14 97 37 46 101 91 22 53 117 73 55 56 8 90 118 105 76 57 117 99 68 113 89 5 72 58 46 69 22 103 69 76 56 9 111 45 12 113 83 24 64 
75 58 14 74 107 28 98 41 83 39 5 36 30 36 58 6 26 7 107 101 45 57 3 31 54 76 28 18 56 62 67 69 120 23 46 3 90 8 81 73 102 44 60 21 18 72 101 120 65 74 71 88 112 37 62 1 78 78 81 75 49 106 25 106 8 53 65 115 93 93 47 101 84 96 119 67 
97 94 119 100 108 63 103 118 91 68 35 60 49 72 41 6 34 76 77 13 26 62 55 113 62 48 83 16 59 29 39 18 75 110 63 112 31 119 85 58 100 27 87 104 26 11 114 78 112 76 113 69 42 32 69 96 72 93 20 28 95 4 84 2 72 14 19 112 68 88 84 109 84 73 37 99 
77 1 38 72 112 89 12 49 12 22 77 61 108 32 74 4 98 53 19 85 79 107 16 53 42 58 36 34 56 59 81 104 116 52 37 117 50 40 19 77 100 29 15 114 94 80 56 50 41 80 99 20 107 42 23 48 56 84 8 69 49 26 96 119 107 82 31 18 22 37 53 35 64 60 68 102 
60 13 50 68 53 32 87 52 45 38 29 52 5 84 50 83 70 89 93 114 112 72 107 115 16 112 59 54 55 86 59 99 101 93 12 40 37 50 44 97 100 56 118 22 3 39 100 30 85 68 10 103 88 51 36 19 101 57 7 86 80 76 52 23 79 36 5 64 42 70 1 111 12 99 50 44 
53 43 24 27 30 6 99 74 97 22 14 10 90 23 21 2 24 60 66 86 34 49 14 29 37 89 55 83 44 67 111 57 51 65 110 63 74 63 26 11 38 111 79 99 17 95 73 105 70 42 50 101 66 69 91 85 120 22 78 49 14 100 39 111 6 82 69 61 17 28 104 58 33 28 100 49 
67 33 88 82 46 85 20 65 81 44 112 1 50 64 104 114 110 105 55 94 48 67 92 97 7 87 118 120 5 72 28 96 72 21 72 18 29 29 33 33 70 18 59 90 81 96 33 26 78 88 88 41 14 51 43 37 96 23 81 116 16 67 93 92 17 95 81 23 14 6 108 87 12 74 10 13 
38 29 86 91 26 8 47 11 18 72 69 80 90 22 49 113 93 43 83 75 57 91 89 65 4 116 15 116 89 51 63 74 65 50 42 106 40 87 77 40 25 5 71 18 107 97 11 2 41 70 78 72 110 59 2 108 117 119 108 95 82 53 3 109 71 19 16 107 66 60 111 59 105 119 9 64 
29 36 87 116 33 54 43 85 98 47 85 114 61 118 60 119 30 64 32 43 40 23 72 37 56 120 94 106 119 93 24 76 84 23 44 79 100 25 113 34 23 89 119 97 7 109 67 47 91 14 60 101 98 101 27 70 1 96 66 117 80 17 22 54 14 115 12 85 114 72 83 85 70 45 51 99 
43 3 112 27 20 63 8 23 77 14 7 94 76 72 66 7 49 60 21 27 39 75 50 15 77 39 12 83 84 43 68 94 3 96 67 93 19 33 16 94 101 4 42 2 20 6 34 62 35 61 55 107 25 63 92 29 46 69 47 73 51 112 107 2 17 113 88 6 52 61 112 87 38 89 34 113 
11 50 69 29 30 26 108 120 81 73 46 18 87 83 31 80 29 114 107 65 92 28 98 43 5 80 47 15 56 109 47 13 82 72 120 48 5 105 61 55 35 106 27 42 109 48 2 118 22 1 15 1 93 115 45 104 112 45 10 52 69 15 96 33 53 53 91 117 90 84 73 113 9 43 87 59 
116 11 88 43 92 8 9 99 32 70 102 31 16 14 17 66 10 26 24 117 104 40 45 66 15 102 36 17 24 69 32 3 14 4 99 75 16 96 5 26 50 113 46 95 63 89 59 52 72 13 86 21 43 116 105 35 1 73 80 82 75 3 119 101 29 111 21 18 98 113 89 58 119 20 76 118 
85 54 107 78 64 24 41 103 6 57 12 48 99 86 35 113 32 41 109 54 34 100 29 6 46 54 62 73 69 95 84 7 100 73 99 50 102 36 96 99 61 48 74 109 111 85 102 103 93 103 105 119 73 115 115 18 93 56 102 46 25 37 15 14 5 65 42 99 118 55 78 24 69 8 94 79 
79 98 101 85 79 15 65 61 113 80 106 51 109 94 24 6 84 6 46 26 20 38 95 62 31 100 117 92 103 78 35 118 80 64 111 4 18 35 74 104 109 12 87 8 89 46 102 45 54 20 71 75 8 24 18 88 82 28 116 111 105 92 45 48 89 78 56 109 3 65 37 118 93 117 93 39 
111 1 61 46 25 24 111 77 38 35 79 63 66 57 16 84 63 67 120 23 107 93 53 85 112 114 111 46 69 116 68 81 13 48 23 111 102 19 90 14 115 31 120 33 8 21 12 94 30 109 116 90 109 117 75 26 1 94 1 70 85 23 33 13 5 24 21 103 19 104 30 80 86 35 95 16 
97 9 68 13 102 85 18 24 32 107 56 35 12 3 90 70 116 63 71 25 75 79 25 69 41 80 70 43 86 60 118 16 66 45 112 69 86 5 82 52 25 7 102 56 14 107 7 91 2 53 102 75 106 51 92 102 118 32 78 39 41 8 119 85 76 84 90 46 88 40 35 109 84 54 82 89 
93 103 89 17 20 63 24 18 65 68 88 62 59 61 12 114 109 52 60 21 90 3 107 60 56 52 53 92 117 56 52 117 94 2 14 35 98 119 24 15 89 29 4 33 96 52 53 20 6 50 18 32 22 49 60 100 88 30 88 66 52 95 108 69 104 113 102 15 49 120 33 5 89 13 68 13 
95 53 64 53 74 83 114 80 23 91 15 109 49 88 76 46 75 71 27 36 119 93 115 52 104 69 78 48 21 106 4 106 68 38 3 4 42 49 61 78 90 101 61 106 80 80 60 29 110 51 21 99 80 11 116 80 112 28 36 22 30 55 86 73 90 106 9 27 98 59 2 28 69 39 10 30 
27 38 18 82 112 74 82 54 78 98 99 106 66 5 112 113 105 95 104 104 97 100 77 68 17 40 7 5 37 110 72 99 16 87 44 30 109 38 33 116 108 60 53 70 75 85 69 12 21 83 84 51 24 48 29 49 29 85 31 82 97 79 42 74 37 40 29 119 56 87 37 98 88 58 56 7 
39 103 86 104 70 40 110 42 90 35 91 65 22 115 42 101 47 70 69 83 88 23 23 38 60 99 107 72 55 94 67 89 82 18 105 71 11 93 1 74 4 46 18 83 24 49 111 96 80 120 104 113 6 8 31 101 11 72 97 120 102 120 30 54 63 7 100 77 93 3 98 67 75 112 49 58 
39 16 77 24 24 101 96 22 33 13 53 91 6 13 106 106 17 117 4 57 12 100 37 90 9 14 56 110 52 69 1 32 91 25 102 105 64 62 70 97 5 2 22 12 5 14 72 65 82 46 71 45 97 24 83 40 114 10 10 67 67 38 24 116 119 24 37 1 31 38 104 68 4 45 92 115 
77 72 70 1 20 98 90 111 90 2 50 59 43 74 44 48 58 104 30 82 43 57 35 115 68 75 27 20 89 90 20 43 114 25 116 91 60 42 20 112 8 64 111 118 93 91 50 45 72 23 105 42 63 27 70 42 101 1 68 40 22 103 19 117 118 18 120 43 97 75 33 74 98 75 100 26 
43 114 89 36 63 85 52 79 83 22 90 113 107 74 92 36 115 94 119 49 86 55 29 6 21 100 63 40 32 99 60 9 99 68 35 59 92 90 110 57 89 52 33 60 104 104 44 68 65 5 60 115 80 75 110 28 17 81 44 65 28 101 1 24 115 11 10 35 104 111 5 85 28 4 74 38 
4 29 39 101 69 30 95 91 29 26 56 106 69 6 88 16 32 53 39 105 39 56 88 43 37 103 21 93 111 67 101 26 14 96 109 68 102 103 58 83 2 45 65 63 120 103 101 28 49 93 69 47 108 100 55 19 112 109 70 73 50 88 95 45 119 84 67 18 72 3 68 86 62 43 23 85 
120 46 114 52 64 45 15 86 50 21 108 22 30 83 39 102 76 38 77 73 77 63 113 117 44 11 51 29 65 59 12 46 34 105 7 117 115 112 19 110 88 61 100 62 20 10 52 86 14 89 110 82 103 94 112 12 45 101 83 19 67 61 67 111 113 74 65 100 31 119 1 71 93 84 39 72 
18 19 46 1 29 64 3 110 113 119 84 85 32 5 109 47 4 29 34 77 13 54 80 87 116 118 75 87 63 10 97 115 92 16 80 10 68 47 28 24 48 31 18 97 64 42 22 7 39 26 33 36 84 110 94 21 103 73 5 77 31 107 48 102 54 30 56 58 71 72 64 22 93 44 22 24 
109 74 96 53 20 32 91 24 26 86 68 116 38 16 106 5 56 95 33 4 81 31 41 36 96 63 84 73 11 26 102 39 57 83 56 34 20 120 58 91 84 85 49 90 13 54 102 45 116 38 46 93 69 72 65 78 31 119 1 53 34 32 28 58 104 54 10 23 4 84 98 55 99 118 10 41 
11 34 65 90 40 56 116 4 21 101 100 24 50 28 94 34 64 93 57 88 69 90 74 108 71 12 38 84 118 43 45 107 40 38 48 27 20 72 47 100 28 61 10 77 23 107 63 78 116 12 89 89 57 108 111 103 24 72 58 31 89 34 2 103 42 8 72 115 41 103 38 84 60 36 107 16 
72 52 32 65 18 46 108 111 36 21 13 93 72 110 65 87 67 100 23 46 89 41 60 31 40 101 16 75 99 90 96 115 107 46 87 53 17 49 94 32 66 26 35 89 42 62 98 43 96 35 43 6 81 99 87 84 14 115 20 35 9 117 53 64 56 89 34 115 45 51 19 47 19 34 119 11 
7 18 40 95 20 93 70 82 3 32 96 109 97 52 98 99 100 24 52 96 100 98 71 40 45 19 56 21 88 74 74 114 119 109 11 36 25 86 107 71 8 60 98 32 87 34 11 101 28 12 82 40 98 21 92 77 57 11 6 73 22 34 62 80 110 116 6 64 76 99 80 89 39 58 77 2 
35 13 16 40 28 32 78 6 5 45 114 93 61 89 16 72 13 15 102 103 49 114 49 110 99 43 60 92 11 17 56 12 50 71 6 106 88 117 36 117 21 9 63 31 94 79 94 20 30 85 5 3 70 92 86 65 120 2 27 39 9 29 56 12 102 101 100 22 89 84 18 99 66 24 83 41 
87 30 99 19 52 10 24 98 41 24 48 49 60 106 114 89 36 16 92 45 120 114 58 91 53 45 106 114 31 48 65 24 32 90 57 25 40 17 51 66 29 113 45 69 52 94 15 71 33 81 120 48 48 68 83 73 62 35 70 6 46 6 104 36 104 43 60 7 31 56 95 92 26 73 47 74 
110 104 84 37 98 23 13 81 13 9 117 46 118 119 29 95 27 20 65 8 37 42 41 26 97 57 42 48 80 27 95 111 40 20 101 85 49 77 51 68 50 24 109 42 23 19 65 60 97 103 102 114 32 60 25 75 82 43 44 50 71 76 61 38 33 35 24 105 50 47 95 64 118 34 5 14 
64 52 66 70 114 99 104 86 77 106 40 12 20 20 8 65 64 13 1 15 67 115 115 23 92 39 5 85 26 70 23 33 2 89 94 114 2 79 16 26 116 43 34 34 20 86 30 17 59 1 93 25 37 10 71 3 20 33 11 3 69 110 37 106 45 38 102 93 109 107 88 56 49 51 48 11 
115 8 15 29 11 86 15 111 74 71 66 6 43 115 37 95 29 5 5 101 73 64 109 47 53 59 82 53 28 74 41 21 29 69 110 29 104 25 62 35 90 6 58 120 66 48 71 38 104 85 53 118 11 27 31 84 60 97 70 91 7 21 32 85 28 98 104 114 26 74 45 26 65 2 29 85 
40 33 55 44 82 27 96 112 49 108 60 80 51 36 39 84 75 111 29 6 94 93 84 6 15 101 113 54 78 104 45 47 34 97 96 52 5 111 38 6 106 41 8 57 112 97 61 115 61 42 109 81 61 39 109 68 101 8 94 53 89 100 37 88 18 117 4 57 120 30 87 38 81 65 22 108 
38 48 8 79 88 108 84 80 41 42 91 27 35 34 65 54 80 24 84 31 25 111 23 67 20 9 77 27 5 22 70 102 12 21 91 48 89 97 2 54 103 102 72 64 118 72 93 116 72 93 54 73 104 108 37 44 81 13 22 69 62 60 69 115 48 99 67 106 34 30 38 43 26 98 16 5 
75 57 66 106 100 11 23 40 79 51 75 106 69 96 32 9 10 55 5 105 39 119 109 6 15 5 91 39 59 29 32 44 9 5 118 15 52 3 119 30 78 40 9 50 62 120 38 108 6 35 61 109 100 28 68 82 67 18 98 29 93 117 10 16 74 29 21 99 95 113 50 99 7 92 24 109 
51 98 24 116 17 70 69 101 76 34 21 4 8 22 2 41 117 66 57 111 1 76 73 115 115 33 70 58 48 26 99 107 60 39 9 18 59 59 74 8 118 56 78 88 116 30 64 55 120 33 115 92 67 44 35 43 92 30 106 76 8 62 52 3 14 5 110 104 56 9 85 58 70 42 55 33 
9 96 89 83 114 34 88 32 74 18 9 111 56 83 37 52 112 66 20 105 44 48 115 73 86 95 38 100 48 82 1 90 19 12 12 42 68 53 109 68 16 94 81 70 75 100 120 77 18 66 19 46 38 113 72 75 85 81 28 115 42 69 25 89 22 16 20 20 59 17 26 68 87 107 2 84 
79 65 114 85 24 87 63 44 41 56 85 102 39 75 16 12 17 117 66 51 46 76 53 10 53 65 33 6 31 86 93 48 82 31 4 118 1 89 34 2 109 93 86 81 19 101 29 21 8 11 74 33 9 93 7 108 14 108 12 23 96 13 12 17 41 114 7 8 5 10 83 117 91 98 109 22 
51 79 13 58 33 91 18 105 4 6 42 38 94 85 41 110 15 114 25 63 113 107 90 58 61 37 80 95 37 92 18 92 119 94 34 16 51 28 35 57 10 87 78 57 75 9 34 106 120 21 17 78 97 118 4 15 86 116 104 73 55 80 101 109 59 19 40 85 7 116 112 58 98 69 25 13 
92 11 7 6 62 118 62 70 45 58 43 9 65 97 43 49 20 72 12 63 52 85 57 91 30 113 117 25 72 55 31 74 9 106 72 55 14 9 102 72 111 67 29 7 86 19 54 15 30 6 68 53 28 108 20 15 95 69 109 33 113 55 43 9 63 70 95 76 46 93 73 117 115 40 57 89 
