76
82 107 96 99 31 97 75 6 19 33 7 80 20 96 63 110 81 71 95 6 109 86 82 16 116 13 38 77 82 94 108 105 6 110 98 31 46 105 32 23 113 115 66 58 87 120 87 82 12 110 42 53 75 65 118 14 33 72 53 96 118 46 45 18 104 21 22 92 27 28 33 107 104 70 92 80 
63 114 15 81 14 43 103 55 94 91 67 109 25 115 62 14 19 102 69 70 101 114 63 119 13 90 86 49 104 71 36 31 46 45 56 18 74 83 69 106 48 16 58 100 96 13 50 104 42 68 15 111 82 42 95 111 115 82 115 64 30 78 115 49 75 54 23 44 53 89 30 34 48 94 114 78 
61 46 71 71 116 63 47 63 54 17 8 87 64 41 86 13 64 2 103 23 117 33 118 89 16 42 68 109 59 80 80 113 95 120 92 115 118 77 39 104 107 23 44 105 109 1 14 35 86 6 104 95 69 69 53 66 41 19 91 26 9 103 91 44 91 23 54 104 1 89 3 30 94 15 48 119 
107 101 112 31 21 31 48 21 3 80 31 53 70 2 100 15 66 85 109 64 38 5 9 87 8 49 37 85 120 60 63 105 114 67 79 17 101 30 116 26 90 56 29 118 25 31 56 33 45 45 95 63 41 74 37 68 59 32 87 112 97 79 4 92 26 73 79 12 91 119 73 14 70 92 104 95 
28 50 89 37 3 101 27 46 111 109 23 22 71 24 32 111 44 59 15 105 20 105 78 59 43 54 103 24 76 114 37 27 70 48 95 92 13 29 48 13 92 79 91 61 99 49 89 106 42 71 47 110 22 103 96 1 109 25 103 75 113 38 35 114 79 57 101 11 45 74 89 118 119 42 91 56 
57 94 103 77 48 38 47 81 115 98 105 47 77 41 56 70 25 54 3 21 113 89 2 97 63 102 47 22 70 100 108 39 74 82 41 31 42 56 11 99 22 107 47 100 12 34 79 89 60 83 46 94 42 57 70 53 49 101 15 43 114 102 92 95 16 61 3 92 120 79 42 104 5 89 79 54 
78 27 93 17 32 39 99 1 74 3 30 80 114 22 9 109 15 97 66 33 85 114 3 14 3 112 24 92 30 22 84 72 51 93 38 79 119 58 31 4 44 68 67 37 31 106 53 33 49 94 113 61 66 45 33 87 21 15 102 67 27 98 61 80 93 96 30 2 16 100 34 119 81 49 42 79 
17 80 71 80 93 9 25 83 42 38 112 26 9 80 85 77 20 42 37 100 83 82 63 84 79 66 94 37 78 33 79 81 33 41 21 102 79 57 111 67 25 112 35 97 55 110 60 11 85 68 83 27 87 56 6 13 24 61 116 78 74 17 51 95 115 65 112 107 90 105 109 33 93 25 107 78 
7 1 30 108 22 54 1 103 83 46 64 58 117 16 95 15 8 93 41 48 67 44 68 37 8 22 119 13 10 40 17 90 112 39 2 62 114 79 114 40 75 90 53 46 95 15 54 116 33 80 2 66 7 16 74 89 99 101 43 64 111 16 21 5 4 7 76 58 17 67 49 61 10 57 108 42 
111 92 65 67 54 110 30 6 70 85 30 4 75 8 55 101 1 18 26 76 38 12 73 29 120 63 41 109 11 21 9 76 89 7 61 25 29 73 77 36 4 13 53 52 29 24 46 93 39 6 20 53 17 78 30 88 101 2 2 21 59 29 25 39 74 1 27 9 103 30 63 12 8 63 94 77 
105 40 54 70 101 98 64 118 58 81 31 52 42 88 88 85 90 35 118 95 3 113 23 3 14 6 1 4 60 81 80 33 93 82 104 72 17 1 36 62 108 113 30 77 102 75 30 33 78 91 98 10 91 93 47 55 10 81 45 110 55 47 29 15 63 62 34 19 32 98 37 13 87 15 95 77 
60 92 60 73 104 82 86 96 10 114 89 108 103 64 85 64 91 37 49 82 110 83 18 3 107 6 79 30 77 100 80 46 100 65 45 40 120 63 66 69 120 53 54 88 25 84 92 112 115 9 63 96 95 113 31 37 98 5 46 35 16 78 64 81 111 91 55 65 52 69 25 27 10 71 44 99 
35 105 72 22 75 45 67 87 57 114 84 118 95 84 108 11 110 114 21 77 94 100 68 60 64 23 75 36 36 19 12 109 88 66 74 105 32 63 109 112 71 35 112 75 12 80 90 100 34 119 43 93 69 93 46 102 56 61 90 24 113 15 81 118 31 74 46 85 4 119 7 42 67 34 115 13 
83 104 46 65 90 25 66 74 115 19 111 100 10 24 4 77 54 37 38 66 21 117 96 63 82 29 81 120 45 13 84 55 4 89 29 80 21 58 33 18 47 107 4 53 19 93 79 24 83 62 109 77 49 30 4 17 69 25 25 10 113 37 35 118 32 52 50 38 68 107 105 91 109 68 32 51 
82 65 93 45 46 116 82 107 9 57 112 117 22 50 52 71 20 117 68 91 106 27 91 81 48 105 40 41 56 102 92 104 116 94 96 52 86 54 58 16 70 41 26 56 98 94 30 64 30 109 118 1 75 72 2 11 97 80 114 38 83 95 99 12 77 88 23 82 26 102 27 90 76 84 82 57 
39 110 61 78 31 86 38 107 9 14 18 54 34 26 89 42 93 57 75 57 3 41 96 47 47 94 1 59 102 69 41 40 64 16 119 9 22 75 82 46 80 72 64 56 62 94 83 24 85 96 8 34 77 70 115 14 119 115 27 68 33 114 45 22 30 7 116 85 104 8 90 98 5 75 67 21 
47 119 93 93 36 64 91 91 74 105 84 120 99 65 68 111 24 86 25 64 51 59 94 46 42 91 105 56 118 72 104 61 42 20 103 25 72 83 49 92 48 99 39 70 7 89 24 63 14 110 98 34 1 89 94 52 53 93 113 46 116 30 94 105 111 57 100 51 18 103 101 94 67 23 14 51 
92 24 92 73 78 23 82 87 80 63 59 35 3 41 2 3 22 59 5 56 84 33 82 92 56 16 62 92 48 113 118 26 48 77 30 83 56 119 31 3 51 110 36 54 14 111 37 61 17 81 104 11 14 39 86 84 79 19 26 49 47 18 26 53 120 104 30 33 11 108 89 72 24 31 66 105 
117 91 46 31 77 37 90 19 3 90 58 64 8 83 108 27 15 98 112 48 82 12 2 98 72 32 81 11 36 90 64 7 31 104 54 109 32 68 119 39 48 14 39 101 111 3 4 45 59 57 62 63 108 92 64 48 48 29 24 108 93 19 7 80 117 79 77 112 19 21 100 75 43 109 25 42 
40 36 117 72 12 79 10 52 63 12 60 24 13 111 115 48 114 102 93 58 73 90 42 86 56 51 94 35 33 68 96 114 62 39 38 88 31 17 44 27 6 89 39 66 100 51 13 73 2 34 37 67 15 34 2 30 69 27 8 97 76 87 78 120 7 2 7 95 2 42 55 73 52 25 23 27 
61 91 8 87 37 114 98 30 85 113 44 33 77 104 58 84 99 73 8 104 51 12 85 47 23 28 105 111 90 92 23 37 16 109 60 39 14 97 37 40 83 38 42 87 71 46 92 82 22 75 27 51 53 81 47 70 106 32 109 96 115 36 109 1 50 78 17 81 90 52 45 104 63 41 15 25 
67 19 54 77 27 8 103 16 93 7 102 71 22 90 110 104 28 99 87 85 46 16 2 119 58 79 116 107 118 119 118 117 55 42 64 105 63 33 27 44 85 35 64 91 86 71 25 16 69 63 31 106 95 59 93 14 65 84 28 118 71 39 8 67 98 103 30 91 57 2 109 110 46 48 18 1 
38 2 13 81 76 1 73 46 118 2 48 26 32 14 67 56 92 90 83 70 22 69 94 71 25 60 111 33 71 18 60 4 120 1 13 23 46 57 42 26 51 85 93 16 110 78 103 119 62 37 73 6 28 40 31 118 83 53 50 97 7 119 53 115 15 8 4 64 48 59 120 100 2 27 20 29 
75 108 78 3 14 69 70 43 23 86 13 76 114 71 119 53 17 111 51 70 13 88 37 86 9 62 48 109 41 45 114 114 39 113 9 49 111 62 100 115 115 45 40 111 115 38 80 43 43 45 79 120 32 50 21 98 80 61 118 114 80 42 112 58 58 21 31 91 100 83 39 45 111 79 107 90 
61 53 2 22 94 98 89 61 13 37 24 47 102 109 117 19 115 12 78 106 62 28 102 96 115 65 57 101 31 46 97 54 26 95 54 114 13 13 114 29 54 21 76 18 27 3 92 104 1 105 46 26 13 23 43 114 117 108 35 22 20 108 112 71 104 11 36 13 47 74 13 92 98 33 8 53 
96 20 15 53 19 82 91 23 120 13 58 1 110 1 3 62 13 100 104 31 47 63 14 44 6 55 5 38 90 16 55 35 44 70 106 34 42 120 115 17 85 38 4 28 96 72 82 63 5 82 98 112 68 40 107 19 65 116 116 43 11 72 3 79 105 50 113 94 28 35 50 38 12 37 71 34 
43 97 119 70 59 106 57 115 72 35 25 27 22 5 1 98 64 104 105 11 72 66 34 70 54 8 11 102 31 116 90 84 86 29 83 103 117 67 93 82 6 82 9 101 85 108 87 93 6 115 82 13 97 2 10 100 40 79 65 58 89 42 102 90 29 61 76 34 76 66 120 3 118 65 61 64 
12 111 20 62 54 13 18 2 116 70 9 53 107 108 72 49 28 29 44 86 116 3 68 21 56 74 107 26 98 120 118 48 18 88 3 117 95 101 89 17 39 66 82 96 63 30 76 72 42 41 67 79 97 34 29 37 63 55 88 14 95 42 65 17 84 35 62 56 31 33 42 95 21 46 40 57 
110 79 48 120 116 42 60 66 62 29 110 30 10 85 91 29 4 90 62 81 108 28 57 80 91 68 74 82 7 41 54 100 118 85 33 53 10 51 28 46 32 36 49 92 20 29 48 54 116 118 16 11 6 15 101 22 89 68 61 108 32 70 21 6 5 35 97 91 29 47 106 118 31 33 22 39 
82 113 12 118 84 105 19 2 68 47 75 35 118 9 87 39 65 54 61 75 114 9 41 85 76 120 21 70 117 24 92 16 83 58 47 100 23 98 1 73 120 102 77 28 97 45 7 63 44 112 55 5 115 39 40 119 64 36 15 85 45 54 79 116 119 71 84 95 81 16 91 56 8 102 113 65 
76 21 14 82 19 12 80 53 42 2 25 67 29 88 52 15 100 30 29 6 33 63 16 72 41 50 63 55 60 109 83 48 109 110 24 4 16 52 32 113 68 23 120 102 91 72 113 13 84 100 11 23 52 20 111 27 55 59 21 72 115 14 96 2 9 61 82 90 79 44 85 115 115 117 43 14 
41 30 46 81 76 57 66 3 109 99 1 94 22 55 74 21 46 40 115 47 82 2 65 81 50 96 1 63 119 102 84 100 63 1 59 34 70 54 108 58 1 28 67 10 66 34 35 18 12 65 108 33 7 93 114 98 90 73 107 117 111 61 107 17 44 28 22 115 73 63 31 8 1 74 57 34 
4 3 4 39 29 32 119 38 101 21 103 58 25 72 11 2 34 15 78 64 9 32 46 104 94 12 12 16 42 11 28 2 15 29 63 85 91 4 56 116 106 74 47 28 37 89 38 83 106 106 97 103 37 119 76 56 89 41 83 6 29 82 23 106 4 23 62 79 102 41 66 66 95 12 65 19 
15 94 75 100 82 9 15 92 47 92 113 15 17 114 99 106 99 16 89 99 105 88 87 84 65 106 90 65 12 26 57 22 22 23 62 14 8 38 71 35 71 120 113 72 73 106 7 60 77 103 61 87 105 15 62 55 112 80 46 68 40 42 43 12 7 94 51 120 106 18 100 38 9 97 75 52 
11 101 48 82 63 32 4 29 12 58 2 6 43 46 11 12 39 111 89 105 83 15 46 29 20 62 106 106 44 60 3 44 37 52 97 102 75 117 34 120 46 109 39 53 40 75 110 16 99 77 38 82 29 61 113 100 29 117 51 29 11 22 85 82 60 77 103 46 52 50 66 102 51 25 6 86 
65 56 119 29 41 69 119 50 5 62 47 95 32 5 73 11 26 67 103 68 94 63 12 13 52 1 89 21 57 74 33 59 107 73 66 54 5 72 120 89 1 120 50 85 96 54 25 52 66 50 77 40 57 6 64 12 23 94 9 18 97 86 72 74 10 112 45 19 31 72 52 98 28 102 77 9 
55 23 30 116 76 14 6 94 36 116 56 82 115 96 17 8 57 17 120 113 103 2 80 55 82 100 20 34 18 19 20 77 110 15 66 104 49 59 30 23 65 98 69 100 97 50 21 77 25 105 91 31 27 33 27 65 53 44 53 77 98 10 9 110 39 48 7 106 71 5 71 117 9 104 85 102 
107 38 116 119 119 33 51 44 24 18 51 87 37 98 103 60 35 87 102 28 34 113 104 55 55 58 67 8 77 87 1 18 101 115 54 13 48 74 79 81 111 33 51 87 87 66 116 46 99 81 12 109 88 34 35 6 48 70 74 119 44 19 80 2 87 75 104 49 70 27 58 108 38 46 28 48 
45 25 58 24 53 29 21 88 36 56 5 31 30 63 71 77 119 43 98 39 118 4 4 63 68 81 1 71 97 4 24 40 40 106 112 107 78 108 4 116 81 12 9 108 3 28 55 117 16 39 120 90 1 46 71 52 25 60 34 103 97 52 22 15 107 96 55 107 97 10 46 56 63 19 35 112 
46 47 108 103 33 86 36 74 45 47 66 87 5 88 3 29 55 38 2 117 39 15 21 4 29 115 97 95 4 65 40 102 26 84 89 91 26 47 67 34 38 11 120 53 8 8 23 54 59 19 115 82 7 104 50 58 75 67 41 15 47 57 16 33 113 113 74 102 41 41 58 33 98 80 89 99 
77 56 84 107 104 114 40 113 7 40 58 66 108 82 102 55 23 82 25 80 111 108 32 97 57 37 78 119 44 76 58 19 94 50 13 53 13 27 64 19 120 53 65 37 80 6 99 65 110 58 19 25 117 60 74 106 120 31 47 72 87 67 83 42 83 69 78 100 100 90 15 98 117 47 35 15 
74 71 113 32 99 34 113 21 108 26 49 71 49 91 3 19 1 107 42 67 92 100 117 85 18 49 52 57 120 15 119 72 44 104 49 101 78 9 110 32 41 8 7 83 95 74 17 56 90 87 46 79 80 113 78 72 46 61 63 15 9 67 35 42 77 4 2 1 73 47 53 109 1 78 101 51 
50 15 19 22 60 116 65 107 29 20 5 16 83 117 13 105 58 113 99 87 61 23 81 10 101 24 50 71 60 65 104 11 8 109 119 118 71 50 40 94 31 68 111 34 36 52 16 48 69 88 19 1 25 68 7 95 100 53 19 68 109 115 27 57 77 38 50 57 108 15 37 27 4 21 29 37 
37 11 16 16 47 69 37 117 34 70 114 43 82 106 55 14 28 97 5 28 84 23 99 120 51 72 94 11 4 50 54 36 66 107 111 24 1 35 50 113 65 18 58 53 106 52 109 58 104 31 97 91 44 36 61 113 103 90 47 84 2 3 22 41 83 75 77 34 59 11 49 34 68 3 85 21 
28 80 109 95 40 119 34 59 52 54 55 60 73 112 110 106 105 35 107 74 11 36 71 15 63 8 77 60 48 66 68 55 48 89 109 55 7 44 66 115 83 66 99 103 118 101 7 15 93 71 101 109 119 104 95 38 111 106 75 101 84 14 64 91 109 4 24 20 115 24 89 113 114 21 26 16 
61 73 63 38 52 70 1 45 30 39 94 82 58 41 6 72 41 34 76 30 115 114 17 40 113 84 120 20 68 45 83 3 9 88 75 108 4 42 98 7 8 91 107 78 6 85 72 43 40 37 51 108 58 3 87 27 11 80 76 113 77 16 12 35 20 120 113 42 25 86 85 91 23 101 87 117 
64 116 45 31 108 49 120 30 53 115 103 52 65 28 75 102 81 19 62 75 44 96 5 74 3 88 21 119 95 120 48 82 75 103 53 16 36 70 98 11 41 37 83 108 110 9 18 79 89 74 113 96 2 73 85 45 9 85 45 77 17 99 71 80 51 79 87 88 97 7 90 110 116 44 38 103 
18 112 53 33 33 46 68 29 7 56 109 53 44 83 68 27 85 25 26 17 67 21 2 53 84 15 63 29 56 84 18 67 103 114 119 54 40 59 80 3 97 1 98 63 60 21 61 55 4 25 66 108 111 10 112 72 49 75 61 41 45 9 114 54 106 97 71 44 117 97 120 64 30 91 76 55 
98 48 26 74 54 85 58 37 46 92 33 82 105 30 30 68 92 91 115 18 88 32 77 40 30 110 81 18 26 7 41 97 55 112 69 82 82 82 59 79 119 26 10 52 52 42 18 100 105 84 82 55 37 101 51 36 72 118 98 80 101 46 72 109 111 113 83 119 110 63 109 37 28 29 111 54 
92 14 110 49 43 71 50 86 76 119 109 18 76 62 92 65 118 20 102 38 96 52 50 73 97 74 15 58 2 17 68 11 93 26 29 82 98 95 45 9 2 120 42 6 23 2 36 49 113 114 41 116 30 45 120 7 114 66 41 105 24 106 59 48 19 85 57 38 1 33 83 24 34 75 66 105 
73 102 51 45 69 66 35 24 109 68 102 6 47 103 44 13 78 85 10 20 83 79 50 107 120 100 76 90 109 41 91 33 41 39 24 6 86 9 16 37 93 50 72 23 118 74 55 22 25 21 12 107 26 72 52 10 9 15 28 119 34 17 53 65 91 105 38 61 74 96 4 84 1 1 21 70 
66 98 56 89 61 44 75 56 77 104 75 5 104 23 118 65 1 10 78 114 79 19 49 109 33 100 89 113 78 28 3 74 75 19 56 72 50 99 89 49 15 29 85 100 45 18 41 19 120 69 12 47 90 2 61 113 96 92 61 87 50 104 92 30 76 38 64 58 3 68 79 91 74 104 35 44 
85 12 87 65 88 97 78 63 114 46 81 38 69 88 104 47 39 108 13 103 28 84 44 113 31 97 49 70 26 20 64 5 32 29 63 64 2 33 113 59 38 51 24 55 1 74 61 40 10 63 119 99 94 66 67 87 4 90 106 72 28 55 85 6 86 119 97 17 3 96 111 114 9 112 119 115 
43 81 84 101 14 7 29 90 42 98 10 114 12 48 5 70 1 71 20 5 87 115 26 41 1 66 52 120 11 41 38 41 44 69 52 21 90 53 45 45 119 56 24 73 25 16 45 22 83 82 16 111 108 92 64 68 64 116 96 67 20 73 17 43 100 74 22 15 82 41 44 94 48 73 102 26 
7 108 98 71 65 22 88 102 88 39 22 76 108 89 15 77 66 111 110 119 23 111 64 25 20 5 45 89 9 77 66 88 90 23 50 13 65 77 66 103 11 117 58 41 14 13 57 22 46 27 57 85 47 95 98 20 113 105 2 10 104 94 48 84 60 55 22 45 11 117 77 33 60 31 68 120 
71 52 26 42 34 21 66 51 117 62 71 22 88 11 81 13 51 17 104 110 42 25 106 108 68 62 100 49 80 14 86 31 104 61 110 9 25 91 31 120 29 36 29 11 2 23 34 14 82 76 112 105 112 57 106 14 48 59 40 18 37 110 73 114 86 5 8 112 93 68 63 108 67 58 115 42 
101 17 29 41 34 76 55 109 14 47 58 20 18 23 37 46 101 72 7 96 39 37 74 107 61 21 50 8 19 88 82 84 107 43 1 33 88 101 66 13 104 23 89 66 23 105 48 25 97 110 40 43 48 100 8 23 27 21 81 95 55 77 111 49 27 78 19 27 118 48 10 28 78 119 89 113 
28 27 83 70 36 37 13 67 8 49 96 22 82 102 75 33 54 85 47 18 4 81 10 87 46 89 98 35 88 57 69 49 116 82 80 101 81 74 34 65 28 94 116 40 5 39 86 78 34 97 31 4 73 8 86 40 29 40 34 106 92 36 74 90 93 109 78 84 113 11 107 102 20 55 2 27 
83 36 92 77 38 78 45 68 103 109 26 42 119 41 46 12 81 46 77 44 29 104 32 70 48 69 70 1 108 91 34 50 93 107 23 120 51 71 63 68 86 99 72 42 28 79 13 59 66 89 106 105 15 114 73 24 102 18 113 82 66 75 7 54 88 65 70 70 119 61 40 18 54 113 22 91 
65 38 111 59 57 13 60 49 56 71 38 24 90 57 9 101 51 34 67 92 90 21 119 52 35 90 2 106 8 11 91 92 104 5 26 60 22 108 103 95 72 14 42 116 94 110 115 58 94 110 24 105 2 33 87 116 110 3 48 60 19 112 46 41 64 69 72 32 83 59 17 67 108 102 74 30 
35 33 42 33 77 44 96 19 93 84 40 53 7 101 99 6 77 40 11 109 119 74 95 81 104 33 75 86 101 111 19 54 32 108 56 96 65 111 31 108 49 46 111 119 94 99 35 31 59 16 7 17 8 120 105 34 84 61 5 51 32 74 91 2 111 92 22 103 64 114 117 88 12 90 113 115 
7 46 6 23 54 85 114 57 4 16 65 37 86 48 94 4 62 35 60 24 27 97 85 100 58 10 47 76 58 31 73 71 118 25 71 13 3 34 72 52 14 117 97 79 113 16 98 39 98 56 92 85 59 6 32 13 68 117 81 9 91 74 39 58 78 4 28 91 107 116 52 12 66 75 75 94 
29 50 90 48 115 53 89 50 23 120 8 21 19 1 81 59 117 67 108 17 10 76 112 92 93 69 111 88 58 42 94 6 110 100 33 69 13 9 63 90 12 105 68 95 33 35 119 12 106 47 84 64 103 105 105 48 109 55 42 48 80 35 71 81 42 17 109 71 69 101 93 26 34 101 8 31 
85 48 63 7 21 2 33 46 53 111 115 101 36 86 60 106 64 14 59 41 92 2 61 72 117 5 34 53 56 43 115 97 67 115 30 88 115 97 35 120 49 114 68 93 115 88 99 80 112 101 51 62 25 101 22 44 1 26 20 38 73 68 93 64 112 51 3 41 103 91 41 71 14 43 10 26 
19 52 54 49 76 51 110 64 117 35 19 49 2 85 8 16 112 41 75 112 4 62 35 92 4 1 47 4 38 90 74 101 70 55 20 71 39 70 56 7 40 15 50 94 44 13 81 103 66 31 32 19 94 107 84 4 9 67 117 51 35 54 8 21 50 26 65 39 5 9 3 83 110 84 68 114 
103 5 68 103 116 30 69 67 64 20 48 67 99 22 12 8 90 111 105 10 72 36 106 72 64 109 73 21 62 28 19 23 1 69 55 29 94 44 22 40 100 76 77 14 114 109 94 114 115 75 88 34 89 16 88 110 108 55 79 119 54 50 91 28 100 88 6 113 120 63 28 41 77 59 102 30 
88 110 101 43 70 84 77 97 71 36 106 13 14 40 67 120 22 53 64 80 18 12 94 42 10 51 94 8 102 94 94 18 33 120 3 105 22 120 2 57 96 75 74 117 37 27 71 54 33 38 31 13 63 89 3 27 35 1 84 38 103 17 82 103 99 30 55 36 86 74 39 74 96 18 62 2 
96 64 79 102 49 116 102 98 17 52 75 82 71 5 35 30 85 77 80 96 114 114 78 104 96 42 49 97 3 1 56 78 71 36 17 66 15 12 16 83 91 75 38 115 64 86 21 5 6 98 52 103 1 119 30 91 83 46 104 113 118 111 100 103 120 104 93 104 93 113 53 4 96 1 12 115 
56 24 41 54 4 30 21 82 76 48 120 12 63 47 61 51 15 99 98 34 47 8 116 105 35 69 53 75 68 38 102 110 93 101 6 1 62 22 1 67 103 44 109 83 120 112 60 108 3 18 15 9 21 101 83 63 51 53 43 37 36 61 96 57 56 88 45 10 88 91 96 100 100 28 65 8 
118 110 12 18 92 115 12 42 79 13 7 69 21 75 80 93 93 106 67 72 105 10 36 42 66 92 64 14 37 42 109 12 112 54 85 86 87 9 54 73 15 101 41 9 101 38 60 52 89 98 28 96 59 32 119 3 84 63 83 77 102 30 21 99 61 74 84 44 108 21 82 92 52 12 47 27 
56 24 37 34 119 99 88 76 29 52 91 23 6 107 25 32 98 16 36 31 8 12 63 51 28 76 118 32 56 41 41 22 74 83 88 90 110 106 48 29 63 107 78 8 84 24 14 92 99 82 55 70 93 81 51 65 65 33 69 81 91 46 45 91 58 76 74 94 90 85 60 118 39 102 53 96 
57 87 67 103 46 74 85 53 41 79 99 41 117 117 117 83 72 90 105 88 12 112 76 106 61 13 63 47 99 116 64 41 78 43 13 62 59 66 82 63 36 39 39 51 106 92 89 5 105 51 103 2 19 42 64 78 107 24 21 42 98 71 7 61 109 95 68 87 7 88 49 16 58 36 82 105 
96 64 84 107 29 114 80 61 104 15 33 71 82 65 33 39 52 79 97 62 13 94 103 71 48 88 105 69 16 13 35 12 57 3 61 27 60 44 67 35 42 36 117 103 78 41 26 93 96 83 29 97 110 13 59 84 76 37 97 77 2 60 23 58 109 29 95 119 87 24 63 66 51 111 16 55 
34 78 77 67 99 117 12 48 116 19 97 54 55 98 70 56 75 86 40 49 91 104 116 59 62 53 98 110 106 14 68 67 89 53 57 11 68 85 94 85 113 105 1 117 5 104 98 91 23 85 47 1 43 119 28 49 39 120 46 10 82 64 29 34 32 83 91 53 115 1 98 24 102 45 32 6 
104 52 24 34 29 11 39 22 20 101 58 99 103 84 31 18 110 84 30 20 49 105 22 77 112 56 40 38 33 45 41 13 88 36 82 92 114 81 64 59 21 17 99 34 80 35 19 87 54 97 1 42 34 120 45 101 17 12 90 106 11 80 8 16 84 5 30 41 65 95 76 90 71 47 101 14 
39 99 88 109 9 7 71 4 60 93 29 116 53 70 41 62 38 75 108 115 20 88 30 44 85 85 118 85 46 103 9 80 112 18 11 1 24 116 81 34 83 41 55 27 60 29 13 87 42 82 1 37 114 15 100 49 31 65 70 27 98 75 106 18 114 45 6 41 75 10 14 23 17 97 92 37 
