79
79 84 105 50 26 53 84 117 105 116 27 102 24 70 103 80 53 101 95 18 100 117 112 17 89 85 93 29 76 88 56 17 12 51 39 63 102 4 50 18 18 27 20 18 49 40 75 53 62 19 40 86 111 115 105 16 76 51 60 70 15 20 115 84 30 74 107 20 28 51 98 90 53 79 75 54 71 50 119 
41 70 75 80 105 103 47 117 11 33 38 44 46 23 4 19 116 103 111 68 22 96 1 120 82 67 47 37 12 93 62 115 34 8 79 72 118 43 120 82 64 63 72 113 32 106 60 64 97 97 24 105 76 24 10 83 37 73 88 112 42 21 108 14 25 63 9 58 9 12 55 32 86 75 7 84 86 84 61 
56 110 80 43 61 41 74 50 52 67 24 21 53 96 55 13 91 42 28 6 106 101 12 114 94 36 94 53 80 83 80 19 48 28 4 109 110 86 65 42 41 79 119 12 75 111 75 39 90 62 104 68 54 24 16 71 58 38 112 11 2 35 104 78 51 57 25 34 110 106 103 44 114 113 95 113 88 103 114 
47 100 110 8 13 52 120 82 49 66 111 24 76 9 119 35 64 48 111 103 15 76 104 23 83 103 19 3 84 38 47 29 114 80 60 2 82 62 71 99 12 23 4 72 4 57 36 43 103 111 85 55 78 85 11 68 45 78 23 28 48 90 46 20 46 77 70 103 85 77 47 58 72 19 49 57 105 16 60 
29 87 72 5 92 21 19 58 4 6 105 45 59 115 14 21 2 71 80 109 120 66 60 103 18 93 116 101 52 24 116 41 95 68 52 59 41 86 5 24 59 46 31 96 83 59 100 103 116 8 82 85 75 55 81 45 77 25 12 101 101 25 42 16 30 7 79 81 90 116 113 65 73 31 88 87 26 70 107 
92 42 2 33 36 7 68 62 98 8 31 111 35 50 71 102 28 95 46 74 1 76 70 35 9 108 96 70 115 97 107 78 3 72 87 60 70 48 105 68 110 13 101 109 62 49 80 22 69 8 2 21 16 42 114 103 61 80 66 112 100 28 78 65 69 76 88 118 37 48 9 79 35 80 4 86 28 19 7 
66 97 68 102 74 119 8 105 37 42 100 117 75 49 69 94 34 64 48 61 10 14 48 45 12 23 95 1 15 72 35 66 119 92 108 83 29 46 94 118 71 17 75 94 110 76 18 120 17 115 50 108 17 18 72 75 41 114 4 45 108 70 109 23 111 36 84 116 101 105 86 34 21 65 47 39 77 73 52 
15 15 67 101 92 114 20 52 2 41 21 96 64 39 33 57 73 94 47 105 58 82 87 10 101 67 68 105 67 98 3 43 30 43 54 28 33 117 87 38 84 73 37 102 120 100 114 97 99 57 113 5 73 82 111 93 49 73 115 73 114 104 40 102 42 72 88 18 113 6 111 26 74 103 71 84 95 5 46 
63 82 14 67 35 93 98 56 32 119 45 42 30 84 60 80 45 104 60 38 59 21 73 20 26 30 97 11 57 63 45 56 101 26 45 92 92 104 107 8 22 120 117 84 116 78 16 8 120 29 58 49 51 4 54 62 95 63 88 6 101 20 18 15 12 93 37 52 8 3 4 92 63 73 9 50 106 48 8 
22 27 18 96 115 42 84 100 27 103 23 30 74 106 92 101 111 106 64 19 45 115 103 22 100 27 40 48 105 62 16 102 44 30 9 2 78 52 70 47 18 53 65 11 36 4 52 31 80 50 10 45 57 75 87 87 49 102 31 29 7 54 112 89 74 25 81 85 79 12 111 108 119 72 57 4 67 97 108 
51 24 77 22 102 13 20 82 54 70 109 98 2 3 102 78 118 103 55 80 53 7 10 5 97 40 2 26 63 8 36 20 34 90 34 95 81 21 68 24 2 96 114 119 39 36 96 70 115 80 54 120 120 105 74 29 32 108 11 33 120 79 92 111 92 10 35 17 87 36 24 86 12 111 59 30 12 37 69 
13 51 51 95 108 48 70 27 63 105 39 17 104 55 14 55 99 82 26 119 32 108 13 87 71 81 81 109 120 30 39 69 95 49 116 26 100 60 15 37 13 48 110 45 30 77 43 78 23 87 59 56 46 54 69 24 119 103 31 99 6 28 98 18 69 22 112 39 41 33 93 16 119 70 10 8 6 102 37 
81 21 2 43 52 50 88 113 2 31 52 16 92 11 3 71 85 74 36 43 82 50 118 89 120 97 105 76 7 69 100 22 50 98 67 96 59 116 17 68 46 31 60 39 119 116 116 74 2 79 104 87 32 12 80 83 1 83 79 87 68 46 15 101 15 75 28 95 54 44 120 109 31 93 41 70 96 32 114 
64 62 22 28 114 38 60 100 80 83 45 1 16 10 110 62 13 105 44 29 48 6 88 13 26 16 7 24 40 46 10 5 32 41 102 23 89 54 62 67 24 5 39 28 28 89 116 108 28 90 100 88 41 14 70 23 30 88 94 120 72 103 80 46 32 21 15 62 61 67 110 89 67 27 38 101 22 119 49 
97 29 22 78 19 43 78 1 46 15 7 117 76 105 63 37 50 88 3 109 119 55 63 90 16 117 34 97 83 92 80 100 3 29 90 77 15 21 10 1 101 92 96 58 113 44 59 78 22 28 50 53 120 104 30 108 53 53 20 90 1 26 50 85 93 77 18 91 95 114 63 114 22 60 27 18 50 60 14 
52 42 43 26 102 96 44 84 63 98 119 57 51 25 92 50 80 87 63 97 30 74 68 101 63 43 15 78 8 120 87 120 56 68 68 92 16 92 82 24 112 4 43 75 43 43 70 37 37 97 50 43 86 76 86 87 107 41 91 75 29 42 44 93 67 88 34 51 34 97 3 69 36 73 21 83 21 49 26 
11 38 30 111 73 19 3 14 87 73 107 31 93 61 62 35 10 75 48 48 35 40 5 95 91 37 50 46 47 7 112 37 96 36 109 30 71 80 6 5 76 96 91 68 59 48 52 89 107 94 31 23 85 115 59 34 47 65 29 101 80 9 97 111 26 53 97 112 114 22 78 72 49 22 95 71 119 103 59 
57 51 8 69 119 118 96 32 118 78 78 66 34 85 3 119 13 44 10 88 100 78 73 70 75 3 33 11 64 64 88 3 46 65 58 18 38 8 6 113 16 5 92 44 115 30 91 36 104 10 12 50 113 89 46 76 42 6 85 109 81 68 62 75 40 75 85 55 119 98 100 11 86 39 77 12 113 46 59 
117 11 28 116 88 67 39 23 97 80 33 32 106 30 80 107 64 40 26 108 79 110 76 53 5 83 39 27 88 67 79 75 64 46 73 105 90 33 108 104 61 73 119 114 110 40 51 82 71 83 97 5 112 77 114 71 52 54 116 105 8 4 56 42 6 92 15 120 77 23 100 28 16 118 71 112 56 94 91 
24 89 53 107 35 66 59 72 42 37 24 48 65 7 24 92 78 88 46 22 18 2 104 56 21 80 42 77 71 15 80 68 62 61 94 114 33 76 54 35 104 55 114 99 90 6 63 76 40 80 89 35 41 71 29 105 3 16 53 49 54 27 27 112 111 41 56 53 21 85 103 39 30 64 115 34 56 105 51 
96 79 28 105 91 8 21 110 3 108 77 57 116 78 69 96 83 45 34 79 29 14 81 78 69 93 119 106 55 64 27 63 114 93 111 61 45 82 83 35 115 86 60 29 61 41 113 107 9 29 61 21 44 108 37 61 113 50 83 51 14 45 113 57 82 73 27 4 56 116 114 61 21 13 45 91 10 74 99 
87 74 85 88 49 85 44 51 49 30 55 46 73 51 93 47 100 40 51 20 29 51 47 14 58 81 115 96 27 112 14 114 105 110 40 85 83 61 4 72 100 16 114 99 15 69 28 24 39 21 77 29 120 3 114 24 96 47 88 110 99 58 15 16 91 116 119 38 4 9 99 50 104 2 83 14 120 76 107 
10 12 50 42 6 90 110 102 47 39 111 11 94 22 47 34 110 114 64 92 19 101 120 49 106 106 33 46 13 115 13 101 30 79 41 19 17 57 98 66 104 44 51 13 14 60 5 106 85 109 5 17 97 15 9 57 56 77 7 103 96 12 112 8 3 73 12 1 99 96 101 5 2 104 89 98 64 56 55 
82 67 63 12 42 19 17 36 80 32 49 108 39 82 106 78 100 99 80 53 80 106 81 80 80 38 64 52 120 120 3 10 76 9 114 34 94 66 76 85 8 96 104 12 111 1 39 21 57 82 73 51 55 67 4 44 102 37 102 26 29 8 116 86 47 79 28 41 114 43 86 115 109 38 7 37 9 118 115 
59 78 72 90 115 1 105 59 29 2 50 94 99 42 116 9 65 74 39 14 59 94 55 101 35 22 72 67 63 21 70 117 62 5 8 2 10 21 39 33 14 26 12 63 5 91 76 61 16 17 118 56 34 78 53 90 95 25 112 68 106 25 6 23 101 97 78 89 64 16 88 71 15 76 49 46 3 12 21 
81 111 61 95 69 68 96 64 98 71 18 30 71 75 44 22 39 98 19 62 114 57 55 6 81 57 67 41 71 47 103 16 63 43 69 7 99 81 36 92 84 90 69 45 113 53 83 97 90 119 46 6 71 17 114 71 114 120 81 1 4 44 26 88 52 77 50 53 8 3 109 43 40 82 120 44 98 85 52 
50 74 50 97 15 53 82 13 64 64 89 51 7 116 80 96 22 12 58 99 89 5 120 17 45 6 97 44 65 56 40 59 68 94 41 102 92 28 75 112 4 92 54 99 25 107 34 6 23 3 23 63 60 30 3 41 36 40 56 60 32 50 65 5 58 118 35 76 63 27 111 79 118 18 41 44 16 26 21 
98 17 91 17 109 104 38 21 115 61 116 43 73 96 94 25 3 37 100 72 9 75 26 22 62 14 30 89 68 3 88 107 120 4 53 111 44 44 106 57 2 48 98 17 89 45 27 12 44 33 74 89 16 4 37 74 51 111 1 60 36 95 5 18 11 70 46 27 4 118 98 47 64 48 79 116 78 105 15 
45 84 32 68 29 36 109 114 50 68 23 118 13 16 48 31 1 78 42 101 28 61 3 46 119 55 33 59 88 67 6 33 90 55 96 32 111 72 92 29 11 49 41 85 38 111 17 65 10 91 47 86 25 15 73 12 59 35 5 66 92 5 65 26 12 119 117 118 49 13 102 6 71 47 13 59 119 49 7 
86 72 104 111 4 58 72 85 68 85 61 14 47 45 100 54 22 49 83 44 52 8 101 45 19 64 22 114 35 50 50 90 6 66 58 20 6 39 118 78 81 92 115 43 7 39 93 91 36 108 27 104 50 104 96 52 24 76 23 75 26 45 77 71 5 21 51 30 20 67 102 113 93 118 85 19 56 3 32 
119 18 33 112 33 103 78 16 20 104 85 73 115 29 16 30 103 28 90 80 75 109 43 75 79 33 72 98 83 87 83 105 23 23 75 33 38 56 7 63 117 71 93 92 66 103 10 115 20 95 61 24 8 35 10 85 112 50 29 115 10 77 107 119 29 28 58 10 35 25 114 26 82 51 23 117 70 70 115 
14 84 91 18 68 61 94 102 50 19 33 42 75 11 70 110 87 44 89 84 14 100 44 95 12 116 17 72 81 48 12 81 52 98 10 36 70 46 45 30 26 80 2 88 2 114 7 48 30 45 40 111 88 23 5 22 83 111 118 37 113 81 45 53 49 7 19 1 55 99 59 73 101 112 63 120 28 33 108 
49 89 118 84 25 65 27 39 6 92 103 33 94 32 114 112 81 102 106 1 91 101 38 64 88 116 34 118 102 18 49 106 16 87 81 28 34 92 1 4 20 95 106 29 21 10 64 34 74 45 107 52 23 94 112 57 18 114 32 24 101 96 62 76 118 56 41 111 48 97 92 62 79 67 45 23 59 89 70 
94 89 99 119 15 41 90 5 118 67 23 43 26 28 17 80 92 114 93 93 54 99 60 117 64 46 99 93 28 119 97 40 110 80 34 8 109 110 18 81 2 70 6 14 34 18 100 19 41 54 95 108 58 42 24 88 58 93 28 5 57 29 28 53 14 68 106 66 83 54 44 108 21 9 8 118 39 57 10 
46 30 107 70 39 58 30 41 107 20 12 60 60 32 32 33 34 10 39 116 76 70 33 85 118 56 92 84 100 25 41 1 32 84 33 20 12 116 83 18 58 15 46 84 25 70 100 93 80 109 95 4 103 69 45 35 36 118 11 112 119 20 32 80 15 79 116 70 101 1 62 75 45 11 117 34 79 103 59 
87 37 85 113 83 53 82 102 76 100 77 65 90 59 12 80 63 119 77 83 12 82 14 27 43 96 120 109 3 79 64 107 67 22 58 78 1 20 112 46 60 47 25 63 60 13 120 114 21 40 29 7 103 105 105 108 55 84 9 110 67 53 81 19 94 7 70 10 80 93 90 93 27 103 55 68 100 87 76 
47 90 22 30 46 95 85 42 46 47 113 17 61 111 107 15 94 87 52 67 44 29 58 30 18 47 10 108 2 34 13 60 22 20 82 110 67 99 66 65 89 46 33 60 2 69 19 41 9 21 104 49 75 116 29 73 22 43 71 76 55 93 19 118 4 3 74 37 4 69 30 13 94 116 32 44 92 32 33 
84 109 75 6 48 28 33 73 91 29 74 96 42 68 28 29 53 45 107 19 51 50 38 31 69 16 110 22 8 99 52 58 68 73 2 21 40 64 65 50 37 46 119 64 8 104 100 10 109 41 113 74 65 10 37 75 93 118 9 101 61 37 23 13 43 49 59 87 64 46 33 94 103 76 69 11 109 36 37 
41 75 14 47 52 62 74 61 94 37 33 102 98 15 44 78 24 117 62 11 102 13 22 24 81 109 89 27 109 28 109 120 57 11 22 21 88 101 96 87 27 89 11 86 58 47 8 12 93 62 73 22 44 2 45 31 71 107 48 17 67 33 59 66 3 48 84 42 20 58 106 30 61 73 55 14 54 90 74 
7 47 1 31 70 93 104 59 45 92 2 42 103 22 106 69 11 87 88 62 55 30 45 26 53 120 55 110 77 39 14 45 94 68 107 115 99 88 94 2 44 103 8 87 61 17 97 104 25 44 54 31 38 48 116 54 80 115 86 14 118 104 78 88 109 33 77 51 1 11 22 99 72 106 18 52 42 52 63 
31 54 65 46 73 27 100 88 53 74 112 58 80 96 72 8 62 5 75 69 35 25 21 6 49 49 5 73 107 18 47 58 107 57 80 115 91 100 104 40 108 60 102 50 35 106 108 97 92 96 70 34 95 54 58 19 24 88 81 70 42 28 83 45 114 104 50 54 70 40 78 23 9 81 104 65 66 65 69 
29 6 59 117 54 47 13 98 107 55 87 90 54 61 7 66 30 1 96 25 17 31 44 51 7 50 37 32 34 9 66 83 112 78 95 24 118 36 106 61 41 8 24 42 54 12 45 29 35 89 100 115 82 117 88 44 33 33 56 80 53 97 83 56 98 95 114 89 62 21 119 39 69 101 72 31 29 113 49 
57 103 15 82 90 85 12 57 53 116 13 37 62 106 112 38 92 29 111 15 29 61 116 94 84 20 84 112 88 112 111 108 92 32 50 110 15 112 55 70 79 27 112 16 8 31 24 98 48 76 60 106 49 99 31 80 18 92 84 54 32 114 70 43 112 80 101 15 61 65 28 67 33 2 7 41 117 10 117 
6 83 10 101 91 44 1 88 32 8 33 85 72 27 91 55 119 118 82 98 108 72 119 71 120 35 70 49 88 22 11 37 44 52 61 75 21 103 57 62 22 117 109 60 16 107 90 97 104 87 84 20 111 118 15 95 21 30 66 111 39 41 19 12 64 61 45 70 31 57 69 67 92 116 97 111 119 47 100 
63 29 73 63 28 15 115 84 7 43 10 46 94 46 98 29 84 13 99 19 54 24 42 73 54 37 66 1 20 51 84 2 6 97 65 62 21 24 85 119 92 96 47 46 69 76 82 18 119 41 66 46 106 71 34 28 44 102 49 6 102 84 6 65 120 91 57 36 69 49 56 92 102 112 59 20 108 41 118 
119 50 34 108 27 46 29 59 3 89 62 104 91 33 104 100 87 76 68 19 74 39 50 74 83 55 21 117 62 93 75 66 108 32 54 22 43 66 120 32 47 103 25 112 90 111 72 56 54 110 14 113 15 10 79 74 96 88 117 114 83 66 38 63 11 58 114 41 71 99 120 88 72 50 95 52 50 21 116 
2 25 104 44 30 79 15 36 100 75 116 62 98 17 78 104 8 39 120 95 34 12 118 77 23 42 78 43 39 8 52 64 76 34 5 6 8 4 52 120 28 64 10 36 40 59 81 89 106 34 109 19 87 12 103 24 56 46 111 112 73 1 43 51 110 120 61 73 96 30 18 77 98 83 79 27 18 108 10 
41 16 102 61 114 45 25 32 79 3 51 20 108 115 66 20 33 47 75 92 8 40 105 55 58 90 89 74 56 17 23 52 19 88 32 59 94 47 94 83 15 108 88 108 101 81 46 100 13 98 95 6 12 36 86 84 8 7 29 36 101 86 68 61 30 56 88 3 72 24 9 44 45 51 16 79 8 39 61 
58 79 54 14 80 87 104 74 31 58 24 63 24 28 99 3 92 47 57 112 113 77 81 70 115 99 12 24 97 77 9 106 29 38 97 38 8 84 26 40 40 76 10 64 59 101 63 59 13 29 115 9 88 98 97 118 112 66 105 25 13 87 108 60 93 23 44 5 118 45 11 55 12 113 8 37 46 70 17 
84 18 6 15 5 116 107 116 61 109 75 54 113 109 57 108 47 27 28 103 46 77 83 73 20 51 55 110 54 105 35 46 33 44 80 2 68 41 32 8 89 91 80 97 21 61 31 98 107 10 96 100 60 86 119 108 12 77 51 35 94 64 95 48 101 103 29 105 90 97 89 5 61 14 45 93 13 23 95 
1 35 88 42 86 66 93 104 111 64 101 110 29 36 116 102 109 115 29 54 72 95 40 105 73 97 18 70 22 54 109 118 77 68 32 104 85 48 70 105 87 85 59 67 55 87 3 85 3 79 65 80 52 23 103 73 53 117 93 63 107 92 113 50 9 30 72 32 82 30 47 14 105 43 30 40 44 117 93 
93 82 112 7 101 52 4 105 48 30 90 92 57 94 39 6 21 42 18 69 77 78 16 92 34 15 17 95 4 62 76 68 105 103 2 55 79 113 49 86 78 94 7 22 40 114 84 82 18 120 54 53 52 117 2 3 4 10 82 90 84 24 31 41 48 11 37 68 99 90 71 6 7 15 62 3 25 40 100 
39 63 35 57 36 87 120 52 97 3 65 92 107 57 54 32 115 33 46 20 41 59 76 28 27 98 54 14 49 69 19 56 49 87 56 101 22 98 47 70 8 42 7 21 117 109 46 86 81 80 18 32 83 111 7 57 101 15 2 19 43 86 99 3 104 49 36 118 103 118 21 4 106 15 21 58 101 62 85 
120 14 40 120 37 90 81 47 94 48 54 56 45 82 82 5 55 119 47 72 51 33 6 81 95 61 37 2 47 120 46 52 1 64 60 39 37 78 107 81 22 97 40 101 10 23 119 41 68 30 5 76 85 67 3 54 13 78 120 111 26 107 8 52 118 93 31 54 118 27 39 120 71 100 44 96 8 112 70 
115 34 76 92 65 91 81 101 106 64 38 10 45 96 17 107 96 22 118 71 65 114 108 71 50 25 50 27 60 43 47 24 107 98 46 1 101 13 53 30 81 40 100 87 43 12 110 7 23 108 92 41 82 82 65 70 51 94 36 98 10 104 120 96 2 76 106 21 80 6 10 12 14 116 106 43 108 82 5 
28 35 38 97 88 118 74 103 55 44 80 97 71 28 40 73 16 61 106 32 19 97 5 120 102 15 71 93 56 42 86 30 70 30 31 114 65 74 40 97 17 24 119 81 103 53 36 25 17 68 68 13 100 70 75 31 10 47 88 58 96 69 79 109 17 14 77 118 120 35 112 45 20 108 74 67 29 114 77 
95 18 94 81 60 98 2 53 8 69 115 16 64 99 99 92 15 17 103 19 7 88 89 49 86 84 107 18 18 101 10 74 12 80 34 46 33 112 119 12 24 30 44 111 116 34 116 17 46 6 7 21 69 61 47 15 104 109 85 25 36 93 100 116 33 100 65 67 47 42 62 70 42 114 42 50 34 99 40 
88 83 9 38 103 21 63 92 58 23 100 74 74 71 111 55 57 50 2 100 65 11 35 65 25 96 59 23 38 5 92 85 21 110 81 107 32 69 45 59 103 77 34 67 106 77 93 30 60 100 97 86 34 6 62 115 45 30 55 25 99 14 75 73 97 85 27 20 18 40 99 31 86 31 5 5 78 58 104 
56 75 20 107 7 77 109 10 39 76 104 67 71 58 108 95 78 27 28 108 12 67 10 75 49 57 10 54 17 19 8 9 39 105 38 28 100 103 110 56 74 103 84 107 52 48 99 114 53 20 17 33 69 65 32 19 27 31 5 85 112 90 75 62 82 112 95 60 64 19 34 117 70 71 56 45 60 8 11 
45 47 36 98 87 68 68 75 32 88 35 27 6 13 36 120 85 15 87 114 92 33 39 70 63 34 85 19 9 110 12 13 18 103 109 81 68 107 96 4 40 72 94 93 67 96 1 110 84 119 108 120 115 114 34 102 38 101 83 93 55 38 39 78 95 45 30 85 90 52 23 77 7 74 51 35 97 32 61 
116 64 3 17 79 43 51 36 90 29 73 12 88 22 46 57 11 76 65 19 95 83 33 16 95 28 118 90 52 36 56 42 110 44 83 90 102 27 36 88 55 104 25 80 23 26 63 18 41 54 31 99 103 84 35 19 106 66 116 44 25 110 46 58 45 28 24 103 114 106 92 93 33 11 96 91 105 41 10 
2 37 102 104 92 50 66 43 5 76 77 52 38 30 9 21 83 98 44 74 103 54 17 120 70 78 28 52 103 16 32 51 13 100 112 99 74 95 14 116 95 98 112 19 47 109 31 98 83 75 99 78 26 11 27 88 74 103 119 90 31 106 114 58 58 16 63 48 112 91 51 19 48 23 28 70 106 21 23 
66 90 76 82 3 43 55 83 67 17 32 100 19 71 102 54 108 86 9 109 77 21 27 115 5 105 103 47 3 41 94 91 59 41 104 97 57 8 43 85 66 102 2 91 44 76 57 108 93 99 51 111 101 55 39 45 15 69 69 53 50 44 28 102 96 73 33 82 69 118 89 39 30 117 88 26 112 70 63 
62 9 37 77 36 109 93 113 20 78 70 2 87 67 55 52 31 120 49 92 59 62 58 114 90 3 115 111 110 95 35 58 95 51 83 35 7 91 22 98 50 108 30 49 75 10 116 80 46 104 35 45 62 11 120 108 55 63 81 108 21 53 45 41 33 22 99 35 11 86 8 79 96 111 98 1 53 92 50 
83 23 39 38 5 72 120 67 25 11 26 50 41 105 117 103 104 30 109 17 11 107 9 80 3 69 77 79 58 43 105 30 2 109 53 40 90 31 112 63 82 54 93 63 43 40 34 115 23 109 56 36 50 51 37 85 95 103 107 26 98 50 13 85 26 91 106 93 23 37 119 48 106 40 38 62 92 113 111 
73 40 114 76 102 61 61 2 75 69 98 114 92 63 60 114 117 5 72 56 39 12 76 112 62 118 72 45 72 45 110 43 104 13 100 8 1 77 83 87 92 97 28 14 48 36 20 50 97 4 114 100 27 47 5 80 44 64 14 99 116 68 54 82 59 46 24 52 77 111 78 119 101 76 16 109 33 48 29 
69 28 93 99 63 38 107 32 55 15 10 56 50 86 65 93 27 65 57 79 100 63 52 119 53 83 118 21 28 109 95 82 90 76 38 96 51 3 8 9 20 30 26 68 65 47 93 37 28 29 72 109 8 46 102 36 40 105 80 98 32 58 36 4 11 77 48 19 109 97 32 9 45 111 73 52 81 22 49 
60 39 41 101 91 31 24 83 35 41 112 69 57 89 66 113 11 52 26 15 71 58 106 91 113 33 21 14 50 5 27 67 9 82 6 67 113 106 120 105 18 2 109 89 72 95 3 87 92 84 22 33 34 46 48 63 70 23 86 34 11 111 55 117 81 38 76 36 41 103 101 50 4 34 68 36 84 28 71 
4 86 55 108 88 91 43 61 20 72 42 83 14 11 35 90 72 7 82 38 12 32 71 21 92 43 78 60 73 46 91 118 33 63 42 47 20 56 14 36 19 37 63 106 12 11 28 6 43 15 110 97 40 82 81 77 88 84 24 86 76 21 101 101 5 51 69 82 31 33 72 85 6 119 31 56 100 109 37 
99 73 72 99 79 92 94 64 114 60 91 35 117 114 27 27 26 87 34 107 60 101 60 75 60 108 42 107 88 46 8 108 34 41 34 76 25 116 66 118 111 55 59 5 119 21 27 44 63 21 15 75 27 38 66 35 76 36 45 23 102 54 96 46 8 110 112 41 55 74 50 96 46 28 12 92 25 58 43 
76 89 98 101 34 72 50 49 7 42 30 110 15 106 101 43 118 20 69 9 81 53 91 117 117 44 80 26 10 108 22 6 86 99 55 37 84 44 42 61 43 41 39 106 12 86 47 28 119 80 8 37 13 54 43 16 89 43 38 42 51 17 4 63 50 10 87 81 63 80 85 63 10 110 54 67 22 8 40 
57 84 43 52 64 40 60 115 96 32 30 77 51 59 21 73 23 93 35 101 78 30 114 74 50 118 17 56 82 35 38 88 64 54 48 117 116 46 45 97 19 24 14 104 38 2 116 47 36 20 107 34 51 11 71 43 104 71 111 114 119 60 9 39 83 74 87 60 53 23 80 78 89 120 10 12 101 38 64 
37 43 109 80 115 53 13 25 12 117 100 8 37 16 66 112 10 71 12 86 23 57 108 90 22 44 99 63 67 58 93 51 49 77 27 8 30 29 37 68 100 3 55 55 108 90 17 62 44 57 16 98 41 78 83 40 103 93 5 52 15 10 2 36 8 77 105 11 92 17 99 46 87 75 73 29 84 103 30 
13 27 25 6 25 107 88 88 29 82 47 12 94 46 113 35 109 30 61 38 71 26 8 31 76 86 98 21 94 104 68 76 94 32 45 86 6 76 36 19 98 18 97 63 21 118 37 83 73 50 96 44 89 25 98 104 109 51 77 21 114 50 18 71 27 17 31 40 89 118 31 3 63 98 72 8 7 86 69 
25 44 118 9 107 75 34 47 63 105 41 77 74 75 11 113 92 12 26 54 106 14 105 102 76 12 22 62 6 30 113 83 4 16 110 116 106 120 44 64 9 17 107 117 85 1 96 114 1 61 115 116 3 62 106 58 31 39 3 68 48 49 66 6 13 32 93 78 118 70 71 116 35 53 40 48 64 90 65 
23 60 96 70 56 7 12 80 95 60 14 57 55 57 39 73 35 55 11 100 73 12 27 62 64 59 114 112 44 95 97 84 94 40 72 17 26 117 80 38 21 117 120 118 87 114 107 95 63 54 65 38 29 41 60 85 43 46 85 22 89 55 38 35 47 118 88 15 64 107 57 87 17 29 118 119 58 77 109 
5 21 33 73 89 84 84 22 80 102 10 84 1 29 97 23 53 3 28 19 88 29 5 118 93 110 16 27 47 78 80 108 58 119 10 44 14 53 31 114 48 96 88 17 115 112 55 83 103 106 50 44 15 105 72 72 28 109 109 68 20 13 82 17 61 64 91 113 112 12 88 41 2 81 109 62 97 58 99 
110 55 76 45 74 118 119 45 90 65 27 93 107 79 93 74 88 12 38 79 65 81 99 12 55 49 48 91 76 54 15 109 105 53 102 44 28 106 111 100 113 15 29 78 68 40 53 96 69 105 5 92 82 41 72 84 68 94 18 30 82 50 37 104 82 95 85 7 101 67 43 54 89 48 36 109 75 45 77 
97 25 120 46 34 59 4 20 93 40 14 61 34 76 73 48 57 55 70 1 112 111 24 92 75 47 41 73 51 83 117 48 85 96 107 94 100 45 83 26 86 83 76 114 25 58 90 28 37 41 28 11 98 75 110 29 81 96 25 50 70 80 64 89 101 97 60 105 114 49 114 15 78 84 14 18 18 80 37 
