79
86 22 28 80 76 77 63 102 18 22 62 77 49 64 116 34 73 2 37 107 29 59 36 46 101 85 80 59 21 89 61 65 18 106 110 88 66 106 74 50 40 8 114 61 62 111 76 60 54 17 13 85 114 102 99 57 62 64 11 18 22 52 114 117 106 41 108 40 108 72 34 109 76 90 85 43 13 31 42 
102 28 110 80 32 59 1 97 52 88 12 4 89 65 33 120 60 57 62 109 45 9 10 96 5 38 58 38 19 78 110 19 61 82 102 78 117 65 68 116 85 101 62 24 19 44 17 59 89 98 19 11 16 47 10 1 42 78 94 17 69 107 21 39 109 59 11 98 16 21 41 59 28 120 41 34 15 100 29 
45 43 63 114 56 87 112 104 105 114 23 22 120 114 112 68 78 48 43 104 74 36 120 41 102 79 86 33 17 70 94 59 62 82 39 8 119 95 11 26 59 40 6 35 40 98 17 16 46 112 25 107 101 37 78 106 63 106 77 98 86 100 15 99 109 91 116 79 42 41 36 1 79 30 55 94 105 79 16 
104 32 59 97 44 87 30 4 110 119 75 41 81 7 103 19 89 42 30 23 113 25 65 116 112 2 65 112 23 84 59 88 52 45 90 111 4 11 38 13 21 12 42 8 79 86 19 118 77 88 87 69 119 117 66 81 96 42 5 9 108 31 83 37 36 118 15 22 14 32 42 30 108 20 87 110 63 45 2 
120 69 109 60 15 56 115 108 65 118 115 35 62 88 41 108 66 39 107 60 75 69 79 59 88 16 40 70 73 2 19 91 27 64 104 83 49 47 40 99 100 74 50 73 51 79 41 37 77 45 67 84 9 52 96 19 6 51 103 2 70 51 35 16 62 54 5 46 30 67 84 95 63 107 6 49 22 43 71 
106 65 67 58 99 5 22 17 3 11 101 113 19 115 45 56 24 78 90 20 26 103 81 103 19 26 96 99 24 50 54 25 70 33 78 82 52 37 25 102 118 23 77 99 66 14 5 63 16 46 68 45 18 71 74 35 40 71 80 111 19 69 12 115 30 17 40 8 86 18 119 60 41 28 77 97 4 110 2 
23 100 120 53 95 1 75 33 71 82 41 31 105 73 55 76 15 8 118 12 13 101 20 31 107 68 33 15 43 1 99 65 5 21 108 88 99 66 59 55 117 95 55 23 46 32 64 111 68 27 71 80 91 48 87 53 70 12 68 26 80 56 80 12 104 113 74 25 82 17 104 20 49 69 4 22 79 62 114 
10 105 105 33 61 9 98 85 54 58 58 46 29 45 19 57 31 21 63 40 86 118 73 85 52 101 4 35 71 2 45 76 70 19 71 88 10 93 33 10 58 80 89 68 71 72 29 78 78 53 71 29 79 83 114 109 113 69 111 14 22 67 28 51 37 47 3 36 4 13 21 78 113 31 119 115 60 74 120 
51 5 7 61 95 32 72 30 46 60 20 14 34 69 85 63 120 102 87 24 18 7 9 80 44 19 44 75 64 52 115 72 117 60 23 24 29 78 73 22 117 69 36 99 1 1 37 90 113 42 41 4 9 28 58 43 91 9 11 81 14 26 7 50 84 84 46 71 86 3 35 28 9 118 92 56 54 27 81 
62 119 13 4 43 100 66 63 14 90 76 28 74 49 98 114 47 27 46 110 92 53 96 81 94 38 8 43 105 3 74 14 90 108 116 53 16 88 55 3 29 77 113 24 105 18 23 5 106 91 93 82 114 101 58 20 42 24 29 108 101 39 45 51 111 102 36 101 23 51 24 12 17 61 34 81 19 74 109 
12 16 57 97 2 16 58 29 12 71 50 35 35 34 1 33 14 10 118 106 92 88 120 47 68 22 12 117 19 59 60 80 78 11 51 79 22 30 55 55 109 43 3 57 45 12 90 77 58 46 100 102 58 17 55 90 11 24 63 83 81 81 6 26 48 1 89 51 26 30 25 36 109 47 61 41 53 118 91 
80 86 81 109 2 35 56 9 30 118 56 40 58 90 82 11 12 18 77 92 34 78 21 7 42 8 24 5 58 42 80 23 41 48 76 107 14 37 95 85 4 75 6 87 29 62 67 75 86 59 111 30 17 76 102 58 115 6 69 10 58 113 14 58 9 34 70 82 58 99 58 85 76 56 112 111 29 28 59 
8 31 83 81 83 13 74 118 63 58 41 16 24 20 36 11 94 65 43 33 93 112 117 10 69 3 52 6 61 13 100 92 116 8 103 29 119 117 107 110 44 39 71 88 55 64 11 66 28 115 29 96 75 10 65 22 26 63 109 29 65 109 38 89 93 104 41 101 104 34 10 27 4 26 114 46 66 2 57 
50 54 25 24 84 31 119 48 28 45 109 16 70 39 11 43 64 40 10 72 24 96 67 35 80 64 105 84 96 8 1 57 49 43 63 74 28 74 39 10 38 61 86 89 91 96 43 22 116 37 87 46 88 13 88 85 118 92 120 21 102 117 57 5 84 30 89 60 93 69 87 84 43 33 108 71 10 74 95 
18 45 4 60 65 81 25 82 79 73 52 45 5 37 23 23 96 52 23 14 19 12 85 65 52 70 49 68 91 51 71 12 102 36 9 83 98 5 33 66 66 11 103 38 19 74 30 119 28 42 29 82 98 3 120 20 119 105 70 42 7 78 39 44 47 100 110 50 52 120 106 115 40 69 87 10 2 115 44 
59 28 57 77 33 33 114 120 107 116 90 114 34 76 37 16 60 73 100 79 119 96 32 2 64 78 28 17 70 11 75 119 73 95 14 71 88 30 60 5 5 67 13 105 111 45 1 85 12 39 111 105 96 67 84 52 13 59 14 96 5 15 106 84 32 54 58 101 48 104 39 55 100 27 24 84 3 118 92 
9 106 5 22 33 71 43 48 75 48 91 38 105 26 64 74 7 38 20 11 103 81 29 86 69 114 22 14 58 48 50 10 109 12 23 44 114 11 115 46 73 38 100 92 49 21 48 4 83 103 14 73 18 38 72 89 33 117 89 55 85 86 18 93 96 115 116 104 112 5 73 64 70 21 63 45 73 20 61 
36 1 31 75 71 33 62 59 28 85 70 56 118 43 109 103 73 3 29 13 14 61 100 27 52 37 45 114 98 74 67 93 10 82 96 108 113 108 22 5 67 55 118 33 119 39 64 78 102 23 84 88 78 77 67 86 79 93 60 37 19 30 18 6 20 89 29 65 10 34 24 55 66 97 82 100 17 111 63 
49 97 76 27 113 1 10 28 74 85 36 114 98 101 47 35 109 35 2 60 119 12 49 7 110 80 100 55 70 8 114 71 61 35 18 117 81 69 23 66 20 110 78 14 93 14 61 51 24 38 96 108 75 93 16 78 113 104 63 113 109 100 60 8 59 35 14 29 3 38 19 11 72 103 18 2 105 62 107 
84 64 82 82 68 96 59 20 74 106 112 80 34 108 87 29 24 52 104 14 6 5 52 84 87 33 94 104 114 4 46 40 12 34 29 49 25 54 48 21 57 115 34 96 53 102 116 9 81 30 101 5 101 120 4 104 49 49 37 31 78 10 21 3 93 102 88 79 63 113 78 94 4 70 97 10 97 48 1 
46 20 41 103 70 112 67 24 118 85 73 72 64 95 97 70 84 81 74 72 6 15 100 107 109 12 83 35 70 55 19 83 84 106 119 78 77 20 25 102 58 109 85 110 33 67 80 28 61 71 22 59 77 77 73 4 93 52 5 115 39 62 109 81 62 31 61 2 16 41 36 2 85 106 94 106 14 55 44 
50 112 80 37 39 17 80 49 25 28 47 71 92 40 101 61 45 81 54 55 16 37 27 24 56 57 55 52 16 80 62 99 61 63 100 99 114 39 82 29 47 36 109 22 91 26 29 27 105 6 98 105 108 37 107 77 96 17 99 53 96 112 27 77 17 91 62 27 13 73 76 43 88 96 65 78 61 24 88 
4 42 49 29 2 15 39 64 86 65 70 91 76 40 47 92 53 117 15 113 29 17 66 96 105 109 70 36 105 71 24 64 15 85 28 66 79 76 70 107 38 63 4 4 30 99 118 80 6 57 116 20 73 74 27 76 99 96 75 57 37 25 94 9 18 101 26 39 105 52 110 56 58 63 20 10 103 33 65 
72 8 15 92 32 84 43 77 117 7 72 71 56 78 110 90 23 107 5 99 67 82 95 31 36 117 60 88 33 76 3 51 28 19 97 115 4 80 101 82 87 33 77 103 69 25 46 19 31 102 30 93 55 119 83 83 69 8 88 82 91 30 67 20 60 34 60 92 88 41 20 77 72 5 70 29 14 18 7 
49 29 76 68 33 3 33 81 70 14 86 40 33 31 80 45 22 68 32 116 118 117 75 17 25 24 64 83 16 3 18 107 24 81 24 46 62 24 37 53 106 101 31 59 8 112 38 10 42 61 14 52 102 29 24 29 99 48 43 73 57 119 19 118 76 70 31 24 34 99 5 8 6 51 75 119 12 106 82 
16 34 43 73 45 113 17 32 58 56 27 106 74 56 40 67 49 66 82 4 31 74 2 90 58 117 8 4 92 18 12 21 95 116 22 90 89 106 65 8 1 2 8 42 27 32 76 75 26 11 91 51 31 104 79 24 18 4 42 75 33 25 86 24 107 98 88 119 62 108 46 73 102 105 21 43 66 71 87 
2 39 58 84 63 71 73 72 10 91 28 111 27 53 91 43 79 112 46 5 37 25 46 20 30 6 101 104 101 20 115 52 2 82 16 38 62 47 42 109 54 108 25 20 54 52 80 73 107 7 37 51 75 62 82 58 24 12 66 83 54 61 109 117 4 105 62 19 113 39 38 29 104 12 74 64 37 110 2 
95 26 43 62 54 52 29 3 9 64 82 36 109 55 64 23 69 69 57 83 94 15 71 107 24 79 85 26 100 82 97 107 49 97 35 3 14 72 104 107 40 1 29 57 25 35 72 60 27 21 3 11 60 19 69 54 109 47 11 1 32 112 27 85 19 19 50 74 107 24 18 50 77 87 92 56 77 71 114 
13 58 95 56 97 51 32 114 74 35 48 70 25 37 15 104 33 96 6 70 17 120 58 52 116 4 54 60 78 78 13 36 75 112 10 53 115 57 36 73 104 60 40 29 101 35 102 49 79 17 113 59 40 44 13 29 66 114 91 105 52 44 86 117 36 104 91 81 30 16 109 61 57 12 85 90 49 97 21 
25 90 26 71 37 68 83 51 74 43 13 63 74 82 105 63 98 68 7 108 34 88 59 13 28 9 20 88 54 63 63 56 8 51 91 96 8 57 69 69 106 31 104 66 107 58 81 4 27 82 98 31 86 44 29 18 95 31 6 101 111 64 45 53 101 119 32 100 55 24 37 114 68 76 52 97 35 9 28 
63 66 96 111 84 5 95 117 32 48 107 75 18 2 4 108 27 116 29 29 114 11 9 10 30 48 80 103 89 37 13 6 89 2 68 67 9 119 31 104 87 113 34 16 108 117 51 117 114 11 118 13 23 8 90 41 91 50 101 99 94 95 18 46 112 9 65 22 104 4 57 31 99 35 65 10 88 55 61 
36 31 99 84 47 72 52 77 115 98 113 92 111 68 118 52 107 40 44 37 14 74 81 88 40 33 14 16 40 17 111 26 119 45 52 81 58 2 58 102 118 72 3 17 46 64 52 20 41 59 5 81 54 28 55 29 117 15 115 60 68 81 51 107 69 31 61 114 24 47 54 119 38 28 106 11 20 5 85 
116 64 93 92 30 33 107 90 74 22 107 57 1 28 39 99 46 12 103 12 109 74 72 24 32 12 72 59 42 120 10 114 16 18 3 79 113 79 81 71 104 43 8 38 67 49 46 15 71 75 16 96 99 64 103 52 112 75 1 61 51 18 26 115 42 14 32 36 64 81 91 97 58 76 34 95 84 76 28 
84 29 58 72 44 69 109 91 6 1 84 76 11 53 111 95 120 50 44 96 77 46 118 12 90 14 44 7 95 92 64 44 50 72 18 47 78 98 80 119 19 117 4 56 94 55 105 111 100 34 97 45 29 29 49 70 82 72 27 19 18 119 53 35 16 38 61 69 96 86 71 40 33 58 117 64 70 116 84 
112 79 92 71 17 79 80 13 23 31 10 31 54 4 28 22 63 15 7 35 92 67 14 47 107 86 93 81 71 31 39 55 114 113 88 79 110 41 107 25 116 116 27 56 90 47 120 51 91 110 118 23 4 3 86 81 7 39 98 1 77 112 116 26 86 98 57 56 42 119 59 91 9 42 99 66 40 19 62 
47 114 33 66 11 73 21 93 26 50 105 88 86 67 4 73 71 76 115 80 20 28 50 22 24 100 73 52 112 16 41 53 32 8 84 102 84 95 14 58 56 13 38 54 61 55 64 119 114 95 107 119 69 66 63 112 80 39 102 26 31 46 2 63 5 72 6 28 105 40 2 44 113 83 19 95 85 116 111 
62 44 41 11 41 97 110 65 48 70 19 23 80 10 74 17 67 28 15 87 86 101 118 77 3 52 61 82 104 96 80 21 35 96 91 49 93 48 85 18 105 37 2 73 107 30 113 22 79 67 34 42 4 17 34 35 109 39 100 4 60 6 99 89 116 58 45 1 117 118 45 17 81 50 119 112 89 83 54 
48 34 104 63 39 49 2 2 116 36 70 66 9 61 53 46 67 3 41 106 48 5 88 13 46 13 77 107 87 109 56 80 40 89 14 10 16 89 7 97 21 71 101 4 84 69 16 22 98 53 53 102 30 33 103 35 43 15 47 118 34 101 4 55 76 38 48 65 35 8 86 66 13 63 2 61 21 60 44 
30 96 41 64 83 17 78 58 50 36 92 109 59 105 42 76 36 42 5 116 23 15 51 27 23 79 98 42 60 55 107 92 84 100 111 23 49 62 25 46 62 61 52 45 47 63 53 10 48 100 36 39 97 13 92 110 68 90 97 84 81 102 84 47 87 52 96 48 74 30 18 48 43 44 106 33 49 35 63 
76 90 3 23 61 69 49 88 4 111 89 79 5 84 25 79 57 84 107 52 14 9 55 97 97 71 85 6 120 26 54 49 37 20 86 12 53 31 63 100 53 66 28 26 116 21 117 67 84 102 24 4 87 40 9 51 107 51 3 75 105 8 66 24 113 13 53 110 70 44 29 109 105 114 22 1 12 85 16 
39 43 77 90 14 27 37 120 34 22 89 83 114 21 102 25 24 120 79 8 9 102 104 55 65 57 98 119 2 85 5 19 1 21 100 64 32 118 63 9 6 13 65 23 59 94 30 24 107 96 72 50 102 28 8 86 15 19 109 119 73 79 62 80 14 32 28 67 113 111 120 82 79 78 18 46 5 92 70 
3 80 6 86 67 26 62 92 22 52 47 55 22 63 35 20 18 120 24 55 19 23 92 37 32 82 62 69 8 116 107 17 42 23 93 83 13 115 31 7 78 53 39 75 32 22 66 19 85 90 44 11 111 18 44 51 92 33 40 91 111 75 69 36 2 71 75 7 71 115 14 95 8 32 96 117 47 90 25 
98 6 53 30 103 33 110 118 32 90 22 107 35 10 90 62 24 24 54 5 38 61 65 58 53 101 116 75 7 77 53 51 26 63 32 88 113 76 56 55 102 116 2 87 89 23 46 51 110 82 37 61 94 69 38 108 86 39 60 47 61 88 106 22 118 110 89 66 112 16 105 68 49 73 26 24 35 33 10 
100 18 116 59 52 84 57 70 94 102 62 15 17 1 70 5 88 78 81 65 112 50 69 99 116 8 88 20 77 26 83 37 47 91 29 92 44 51 116 53 81 20 97 5 42 42 88 80 97 113 13 79 27 20 76 20 26 74 19 115 82 16 45 104 103 106 79 37 6 58 27 88 106 39 101 15 99 37 67 
100 27 81 82 97 100 20 2 77 8 115 107 1 40 87 79 28 15 67 17 83 62 108 30 89 100 54 20 52 98 56 95 22 54 9 27 115 105 91 47 16 116 57 34 45 114 9 28 40 86 2 98 20 50 96 36 27 100 41 74 45 79 84 79 21 102 64 18 103 76 66 103 78 77 6 120 98 8 72 
49 116 13 112 109 70 21 102 49 86 37 119 105 55 77 94 79 92 2 11 60 55 10 6 3 78 111 47 15 67 75 43 91 113 120 47 64 61 23 61 90 45 40 59 59 69 56 96 39 61 103 44 16 88 70 96 28 118 113 10 86 54 95 116 68 91 27 26 49 119 50 42 110 19 14 56 46 48 70 
1 43 11 98 79 103 13 87 5 30 30 26 81 51 69 68 50 35 81 18 93 13 67 61 24 54 8 12 24 114 25 31 48 105 64 14 22 94 114 16 43 91 59 117 4 63 10 119 92 43 33 102 60 58 112 39 62 46 57 3 66 33 82 78 3 52 25 29 20 46 118 100 62 89 66 95 111 103 7 
82 65 64 112 32 107 60 59 33 21 88 28 86 89 76 3 112 72 5 78 41 58 94 20 18 106 76 18 116 95 117 19 26 31 34 87 117 79 48 48 25 100 20 19 107 43 1 16 48 29 47 10 2 86 57 48 69 34 105 99 110 19 28 8 51 118 108 36 60 52 92 99 50 85 26 74 14 23 99 
2 42 15 29 80 102 35 103 78 76 18 68 53 15 108 48 41 113 28 59 2 44 40 66 107 70 7 83 51 12 11 6 63 11 69 28 14 88 46 101 110 3 77 6 31 7 17 64 23 97 105 106 86 7 48 66 61 29 21 112 22 24 2 35 44 103 58 52 25 53 4 91 33 58 90 17 117 96 37 
91 10 32 114 22 24 21 61 28 103 17 60 1 89 108 48 94 29 86 94 14 35 97 2 111 69 3 91 108 21 70 8 75 112 105 21 97 4 114 66 53 65 49 108 61 63 50 19 40 24 76 108 13 80 34 32 37 13 31 65 57 44 103 34 42 15 57 58 112 76 61 7 4 120 72 60 7 34 22 
33 7 100 81 31 72 118 61 86 36 15 9 49 98 81 38 76 65 56 86 95 47 27 31 72 37 63 25 73 37 22 52 2 45 54 3 10 115 109 66 50 12 53 23 91 63 9 52 86 53 110 105 3 93 34 3 11 88 52 82 34 46 113 64 83 34 73 67 25 27 43 65 39 109 91 12 113 71 104 
12 114 41 91 20 108 26 56 42 6 115 58 89 38 48 67 61 10 94 52 40 14 52 110 106 103 57 69 66 81 32 4 19 41 50 6 115 55 115 115 27 86 94 29 65 50 85 78 108 118 8 21 48 36 19 67 58 70 18 120 31 21 5 80 90 103 114 67 78 39 6 3 78 65 64 114 82 43 38 
15 89 14 36 92 89 119 87 117 33 52 55 38 28 48 110 114 71 60 86 105 3 36 120 47 41 27 89 65 76 89 83 45 113 18 119 79 14 62 4 36 108 64 54 91 1 28 49 42 16 79 95 26 55 106 42 94 120 37 43 117 55 120 85 118 66 29 65 65 82 12 62 40 114 9 20 32 113 61 
38 42 97 38 73 109 21 76 1 8 88 28 103 14 50 35 60 69 56 17 57 20 58 74 95 82 104 112 110 104 3 52 101 94 16 36 83 21 116 113 78 73 28 41 21 96 7 34 82 73 115 40 44 58 7 88 98 94 35 98 50 63 108 24 73 29 23 70 26 19 68 9 100 68 41 33 14 107 119 
9 52 55 5 112 34 20 35 110 59 8 94 67 12 71 8 2 21 58 83 12 81 58 85 99 98 78 40 60 39 46 71 89 32 22 64 4 25 95 44 60 46 24 98 114 50 113 117 94 83 65 11 7 118 116 108 16 100 96 63 80 54 48 1 27 101 26 49 39 89 57 23 120 19 78 35 13 86 27 
85 116 41 53 110 98 72 101 95 46 96 120 41 80 96 77 23 97 92 99 30 78 70 42 67 29 49 2 7 55 56 92 13 103 35 110 1 113 70 67 94 7 3 93 79 10 18 120 5 79 91 59 31 78 45 110 47 49 54 103 18 65 15 17 104 70 92 38 31 82 74 8 103 88 95 106 103 80 72 
74 113 16 77 86 2 16 38 34 2 37 90 19 38 107 74 52 15 64 106 51 57 32 26 117 20 54 118 90 32 52 43 30 33 113 66 66 37 44 107 33 27 79 43 92 22 16 98 18 73 15 82 107 99 100 64 103 32 17 55 98 76 82 103 27 22 3 57 31 28 64 23 2 7 53 44 92 63 115 
101 49 88 91 69 10 75 55 120 44 116 79 26 88 51 80 16 30 46 69 33 88 71 84 69 113 41 100 109 78 2 27 84 95 67 84 44 92 37 111 103 88 38 15 107 79 29 30 114 105 73 54 84 103 102 81 98 109 74 46 120 75 76 61 83 86 106 107 85 120 27 113 26 95 104 28 117 4 44 
64 45 97 16 13 119 53 101 39 98 38 17 105 53 100 52 28 28 16 76 28 56 73 40 111 107 94 1 77 94 102 119 118 104 75 80 69 103 12 81 83 54 42 81 3 5 96 99 62 68 105 100 41 64 76 68 68 117 19 58 115 109 52 100 10 27 58 73 49 77 114 118 90 41 61 77 60 11 20 
93 27 115 51 50 88 46 104 78 36 77 43 40 51 61 3 74 114 67 34 41 104 79 4 97 110 75 54 96 76 89 79 107 94 95 12 62 112 79 114 84 29 35 17 110 72 89 115 22 60 100 103 11 24 79 59 12 12 20 56 95 2 76 96 88 82 35 110 50 107 1 85 119 9 11 60 83 3 35 
105 51 31 4 117 48 33 50 75 96 17 69 33 71 42 27 37 78 56 85 11 109 27 64 85 94 97 1 51 79 117 116 2 109 86 78 113 35 37 28 20 14 103 97 18 37 11 1 58 80 29 68 101 61 37 75 90 45 50 103 90 79 99 19 112 53 106 41 84 27 100 96 87 44 11 68 90 76 118 
15 31 93 117 54 7 26 94 16 94 35 63 102 60 40 93 67 66 108 72 31 4 70 117 20 6 74 65 102 43 92 97 92 23 11 90 75 13 69 59 29 98 42 20 36 120 2 60 84 117 26 81 2 7 57 73 23 41 28 56 114 86 102 2 30 117 78 53 97 5 20 25 71 15 111 46 118 74 14 
107 8 86 18 59 21 89 19 21 49 96 20 4 31 50 4 61 99 84 66 76 23 77 98 34 108 102 66 70 97 25 34 58 74 82 5 89 71 25 6 97 10 87 85 77 46 30 52 36 57 23 43 100 15 45 95 52 58 72 50 63 13 65 12 85 120 32 9 14 27 42 40 97 13 101 16 113 65 115 
43 103 18 68 88 69 54 23 24 102 119 26 115 51 109 34 96 110 5 44 98 41 83 27 63 30 23 23 35 37 41 55 116 45 73 3 66 33 29 105 35 47 105 54 46 66 4 82 40 112 88 10 55 8 83 29 4 68 78 113 33 116 98 9 70 6 93 16 108 20 111 40 36 2 40 75 84 104 18 
6 115 105 49 58 101 34 14 15 55 14 66 86 90 32 35 105 53 111 37 60 23 109 42 1 19 64 70 70 79 30 93 70 9 104 73 57 33 99 33 14 117 111 99 45 117 92 19 6 92 77 10 17 49 78 91 47 91 101 43 96 10 75 119 16 24 105 1 90 7 26 113 80 45 75 71 34 15 27 
119 113 45 115 119 119 51 99 13 31 104 110 116 102 51 97 55 105 46 30 48 44 113 99 78 74 31 90 108 80 115 100 29 32 75 93 37 34 71 119 39 42 4 21 70 56 103 1 84 86 22 36 29 64 59 101 86 99 49 75 82 41 31 26 119 68 20 92 66 89 53 41 118 109 71 26 87 23 25 
15 102 101 48 116 41 87 32 3 48 94 11 101 56 72 52 38 4 31 101 92 1 12 89 23 111 27 75 12 12 94 4 12 9 33 65 119 89 48 115 73 2 114 23 18 28 87 16 114 35 100 77 116 118 118 54 20 49 16 69 31 56 88 43 96 31 96 13 117 26 95 101 79 9 40 29 69 83 75 
96 83 67 44 77 32 18 78 6 33 63 25 26 86 33 83 42 24 114 54 103 20 88 9 50 95 96 63 89 117 60 11 21 41 24 10 82 118 34 26 28 71 12 98 28 89 68 3 30 26 73 10 92 18 74 92 80 106 88 49 22 20 32 69 78 41 87 61 3 80 53 64 64 62 103 99 44 23 17 
61 79 35 115 90 107 6 4 114 10 88 120 52 57 51 90 81 11 92 73 112 91 99 23 42 62 42 61 88 95 91 73 13 51 56 54 116 36 86 53 37 116 74 34 28 11 49 114 49 33 81 25 89 24 82 85 40 92 13 66 113 8 27 61 36 4 44 55 16 95 85 58 14 69 33 76 10 9 114 
104 12 101 50 51 4 84 58 61 7 87 18 98 119 108 11 31 109 3 61 24 28 13 89 17 83 57 43 77 11 7 57 113 96 84 66 109 37 87 44 58 102 30 84 84 88 22 58 53 44 15 6 102 92 71 108 92 1 21 29 97 13 100 20 53 14 17 64 66 13 3 50 14 30 57 79 66 116 44 
27 48 85 107 75 109 83 93 85 86 24 70 78 82 64 105 57 118 112 106 31 11 49 111 120 36 111 34 15 104 59 19 52 90 113 70 84 60 81 72 5 78 29 35 8 87 57 20 17 13 56 95 99 54 7 92 77 5 108 111 56 33 99 114 110 37 37 78 71 73 15 76 9 92 82 79 111 89 105 
87 107 43 85 58 15 54 111 91 4 110 53 67 59 49 51 98 103 96 99 108 3 105 115 32 111 52 70 103 52 7 1 106 94 41 8 103 119 9 58 93 110 21 15 36 48 85 50 25 39 94 107 42 94 91 67 36 101 1 75 40 5 62 109 20 102 74 48 105 27 21 21 64 79 7 11 109 74 5 
62 94 108 68 3 10 112 102 94 42 69 13 46 11 93 80 64 19 70 2 31 107 71 105 97 53 8 89 33 28 81 73 80 35 80 91 70 65 36 94 88 93 120 65 11 96 5 49 112 97 44 21 97 93 94 101 1 117 102 119 63 2 15 63 23 119 64 77 99 60 102 15 63 71 64 60 69 48 30 
25 16 65 115 57 64 3 49 88 55 85 118 84 115 47 96 110 54 85 64 113 47 62 107 113 84 19 112 70 61 17 30 99 27 95 75 103 23 111 58 110 105 25 110 103 58 15 48 37 38 103 14 10 114 108 110 26 59 37 72 91 32 5 57 113 46 98 3 59 21 34 62 116 34 19 89 72 86 38 
7 68 16 7 49 79 103 6 85 70 16 61 49 111 88 71 113 80 26 95 88 13 87 5 73 42 53 110 78 73 18 7 52 103 82 83 118 56 29 113 100 25 43 87 57 115 81 81 62 20 51 16 11 31 25 83 96 91 35 17 104 84 32 43 44 8 60 95 32 112 3 32 30 78 22 31 95 104 1 
11 79 16 55 95 13 87 112 1 111 3 40 97 103 89 16 7 52 77 18 81 113 78 39 70 54 70 17 88 55 117 109 64 60 6 44 111 25 93 43 60 89 117 67 70 96 15 58 112 59 14 102 106 21 24 42 28 100 88 50 16 29 64 91 6 65 63 71 85 67 23 111 111 74 113 103 72 25 106 
9 109 118 74 30 12 63 4 49 28 38 32 46 60 46 29 62 50 57 33 114 71 28 88 46 96 7 96 1 115 3 73 28 95 114 7 109 18 106 97 120 59 47 22 111 72 34 33 68 68 63 36 44 102 21 16 60 40 115 74 48 85 63 43 25 33 52 120 49 96 110 90 11 109 98 25 63 92 38 
17 31 45 80 101 49 115 72 75 117 31 44 96 44 109 81 61 23 36 85 109 24 113 33 17 23 32 86 90 73 101 4 73 106 117 37 94 111 98 94 58 68 25 30 23 86 92 47 9 110 49 24 51 71 1 87 88 38 91 59 70 104 78 35 27 78 118 54 100 62 5 70 22 111 28 74 18 57 105 
115 73 65 98 1 38 33 1 79 18 64 33 39 51 68 83 80 117 44 1 49 111 64 99 86 87 11 19 11 111 89 114 96 81 69 6 91 38 21 38 9 107 19 19 33 74 82 67 31 106 20 43 109 29 108 31 104 105 14 46 111 30 2 101 30 51 59 56 70 47 68 24 113 110 102 78 70 38 94 
