100
15 89 99 19 79 73 61 32 90 5 14 87 91 71 117 41 20 97 34 33 115 31 69 106 84 47 21 113 70 59 21 14 94 29 19 90 4 58 95 34 60 74 40 42 64 63 17 52 57 7 83 120 20 84 34 110 105 47 79 37 114 54 120 42 64 51 15 59 38 103 62 80 64 47 27 84 45 38 83 84 76 110 65 36 14 78 70 45 10 48 37 118 100 120 11 25 73 84 99 14 
52 64 10 34 87 9 80 32 78 103 84 33 30 54 71 96 14 51 97 40 21 72 38 108 113 2 47 78 46 40 36 66 116 26 11 116 89 81 72 33 103 86 88 2 30 75 31 47 50 9 23 41 98 23 46 87 119 64 60 34 116 114 111 54 36 9 1 47 68 7 80 39 32 110 119 88 11 77 83 24 66 58 1 16 45 61 59 108 51 95 8 43 4 91 104 115 66 31 21 110 
51 47 33 72 119 64 38 98 83 20 111 42 98 63 30 79 33 71 44 12 13 32 66 97 47 99 67 54 8 83 36 39 117 116 4 73 113 60 118 49 28 59 53 86 63 65 94 68 82 8 117 8 61 33 37 87 110 100 12 81 17 104 60 92 68 49 74 100 50 2 27 47 94 67 69 85 81 66 20 22 60 112 1 53 104 111 48 29 20 43 117 73 22 120 54 34 63 34 60 72 
40 112 46 29 67 15 102 48 14 56 119 44 8 109 60 84 29 85 14 28 64 30 23 107 23 72 1 62 62 63 89 42 35 63 1 33 95 21 86 18 117 87 68 69 12 103 110 54 100 33 64 44 39 75 44 27 36 81 44 5 16 102 81 28 50 79 79 97 15 97 82 16 3 30 33 63 30 85 1 92 99 2 29 11 106 52 71 46 5 87 101 26 103 76 20 37 40 41 64 79 
80 95 30 77 54 9 111 46 13 8 47 41 56 1 27 6 16 48 30 33 59 23 25 80 115 36 54 109 82 53 29 52 42 66 73 111 17 56 6 52 24 116 18 85 3 3 14 73 54 39 93 110 30 11 32 37 29 20 33 116 76 21 114 100 47 102 34 107 82 66 62 38 86 61 7 76 115 84 15 14 86 94 100 98 116 117 88 36 88 119 101 6 78 44 36 85 57 45 22 48 
92 79 90 25 63 28 102 64 90 54 85 49 19 116 100 36 1 59 81 39 117 44 50 39 12 120 116 118 77 55 28 99 7 74 104 47 118 34 38 99 63 102 81 80 51 42 95 98 19 31 23 92 54 54 89 102 79 23 106 95 15 17 15 4 76 100 66 1 44 21 34 43 66 114 47 90 92 63 68 81 44 14 46 29 27 41 57 21 22 22 63 100 29 35 34 38 110 57 103 10 
78 84 104 84 103 45 34 69 95 50 9 76 76 14 31 8 33 4 102 62 27 110 87 56 112 26 84 18 103 37 108 19 103 67 1 76 40 50 2 4 98 6 113 3 92 77 115 25 84 75 92 48 120 3 76 72 38 48 30 16 45 75 53 6 38 15 75 7 89 3 65 71 24 70 58 52 28 12 59 72 47 116 88 60 101 95 6 114 115 100 9 87 107 47 61 76 40 73 71 13 
3 4 85 47 40 93 115 55 114 96 3 17 45 81 11 26 27 30 74 79 3 93 77 22 74 20 118 100 8 62 26 93 92 5 77 58 107 65 87 100 29 76 41 106 14 92 10 99 68 118 13 53 9 7 21 56 77 47 48 30 93 59 7 107 7 64 86 104 85 86 43 23 117 57 72 42 12 95 12 72 113 23 90 45 105 75 61 7 28 66 101 74 27 87 73 48 86 77 54 70 
47 43 30 94 37 15 79 39 94 105 95 56 50 16 22 45 36 45 23 44 9 107 43 18 57 40 77 68 22 10 40 35 54 112 7 30 5 97 120 37 64 36 56 4 17 14 20 67 14 82 97 95 68 68 114 120 79 118 63 9 89 112 47 88 48 102 102 20 69 110 117 20 53 110 63 1 101 91 13 78 72 82 80 97 45 75 45 69 120 49 17 102 42 11 76 38 83 53 15 24 
105 67 21 57 47 16 118 36 54 24 82 115 10 89 119 28 14 70 10 2 88 84 15 28 62 63 66 97 68 25 110 117 84 45 40 107 50 15 47 106 40 93 55 106 15 35 38 11 23 84 120 118 89 109 91 99 25 50 109 17 25 114 114 54 45 20 114 6 14 104 98 34 13 47 4 28 110 9 58 31 119 100 53 101 39 91 29 98 24 3 51 92 70 110 96 36 39 22 85 33 
91 47 14 97 107 39 111 12 50 50 78 41 63 107 74 88 100 68 34 11 6 21 13 68 120 43 75 34 58 92 72 70 26 85 73 93 113 41 66 34 14 45 97 117 40 45 41 89 83 92 30 7 5 94 88 61 92 83 33 13 4 8 46 2 90 66 110 63 86 53 71 116 31 52 47 84 75 115 119 57 113 88 54 26 74 71 66 28 96 79 19 55 106 21 46 64 70 26 41 46 
62 37 27 8 94 88 58 107 51 106 73 52 4 20 8 36 64 88 76 17 52 86 47 114 28 114 21 64 104 88 106 108 61 54 4 66 28 58 31 115 115 53 99 115 17 115 119 111 75 90 101 50 22 65 82 58 10 92 85 80 88 76 91 59 86 70 102 72 111 113 88 26 15 44 88 98 45 39 68 34 6 11 60 24 78 56 35 24 34 60 86 87 24 3 75 49 22 32 35 103 
11 69 51 82 27 52 101 77 43 95 95 16 45 120 36 16 15 36 102 36 108 77 70 49 16 9 114 93 75 36 114 97 46 20 84 42 17 66 57 32 107 58 49 49 52 44 92 95 75 53 11 111 97 100 111 97 54 80 89 78 96 8 69 87 2 55 35 96 61 106 80 66 84 108 36 18 54 116 75 46 63 75 68 66 111 15 7 93 41 81 74 78 41 26 71 24 95 95 16 120 
36 63 42 70 95 55 91 4 27 42 117 43 110 10 44 24 33 45 57 101 78 6 50 40 26 99 45 104 13 102 36 117 65 60 88 1 85 71 36 17 61 99 56 32 116 84 99 66 8 114 33 84 114 112 114 108 22 42 106 30 103 73 82 38 120 6 116 85 119 47 100 13 107 80 80 111 58 48 103 113 14 65 17 93 22 113 27 60 43 52 89 55 39 56 75 70 107 46 15 72 
68 117 29 21 6 98 29 117 17 3 84 106 60 30 110 92 94 112 20 61 40 83 72 29 117 75 88 98 9 5 65 96 19 7 113 21 83 16 22 51 43 68 69 88 46 35 111 5 20 8 61 17 66 104 101 86 89 86 3 82 14 12 91 22 88 13 54 32 80 51 32 80 31 36 35 45 89 105 118 92 31 6 63 105 70 18 3 43 8 64 82 12 56 31 98 29 2 119 75 114 
115 54 13 3 15 72 30 107 30 91 117 42 94 64 82 46 9 59 105 116 10 46 81 38 64 9 102 17 39 43 49 46 83 82 48 63 83 69 71 11 103 113 32 112 29 43 101 39 118 109 75 17 27 43 50 50 21 44 66 106 18 51 7 112 7 29 74 79 78 75 115 30 103 57 11 46 80 90 65 57 33 17 17 49 10 111 35 62 104 100 63 62 34 65 94 110 59 86 31 69 
118 23 56 63 85 68 18 94 62 24 90 90 50 49 69 36 86 9 32 62 83 69 16 117 92 85 83 39 102 28 13 119 97 52 101 3 116 34 91 88 119 118 71 2 72 38 74 71 7 50 98 6 109 34 11 106 57 27 26 38 27 26 83 56 43 77 65 79 119 99 29 13 43 117 111 66 6 116 13 19 105 118 98 91 67 113 52 77 102 110 96 97 99 1 85 51 37 72 96 21 
64 41 40 87 35 46 46 113 93 79 12 58 52 25 116 116 46 67 70 113 86 106 70 72 84 91 29 46 62 98 67 49 78 23 103 83 109 32 86 75 110 25 7 18 118 116 101 84 105 97 38 62 19 56 34 30 5 95 83 78 83 69 77 14 57 37 74 5 38 109 68 57 84 48 120 103 60 30 78 72 84 12 96 120 80 27 60 30 53 51 6 23 102 46 42 111 120 3 47 51 
105 21 65 112 109 119 102 108 28 76 69 63 113 47 97 83 111 6 86 2 73 47 94 15 87 14 55 75 99 116 65 76 48 1 2 61 77 101 91 112 65 87 79 110 61 36 83 77 98 13 11 64 81 112 5 34 21 6 72 86 110 14 84 101 54 91 81 61 53 75 107 27 63 44 9 46 46 77 120 64 51 58 15 74 59 84 89 105 77 76 80 108 21 6 27 68 41 24 38 71 
57 73 66 101 35 39 36 28 13 103 6 53 15 25 48 12 45 66 86 13 13 83 29 60 23 45 32 32 39 101 80 16 43 112 47 28 100 99 84 115 93 41 63 57 56 34 112 53 77 74 12 40 66 108 53 57 58 86 75 27 111 22 96 108 107 98 3 67 66 41 28 41 2 21 20 5 86 97 3 1 21 69 28 52 99 44 117 35 68 34 39 65 31 71 28 1 8 58 34 75 
76 86 102 99 76 63 102 85 107 72 43 89 87 56 87 20 54 12 35 60 20 88 102 5 59 97 95 19 96 103 16 32 76 28 83 54 1 13 86 70 37 10 20 4 52 70 85 102 60 40 41 72 103 118 10 59 15 34 30 18 34 10 9 22 97 19 4 95 29 42 100 118 35 72 45 44 7 100 67 1 67 107 67 75 3 68 34 77 37 23 11 94 98 41 75 10 25 43 25 1 
41 111 13 67 3 39 14 33 54 32 115 63 117 46 81 102 96 21 116 83 66 18 94 33 68 85 59 80 26 54 115 78 49 65 69 55 43 11 107 70 18 100 111 50 83 28 2 31 76 83 65 99 52 45 116 71 55 52 64 50 5 87 47 56 13 2 106 29 45 3 110 67 29 56 16 17 106 77 109 78 60 47 58 82 114 1 15 83 107 96 102 91 85 5 24 79 44 42 72 22 
83 109 28 55 15 26 4 5 83 9 89 83 107 36 97 109 112 95 86 5 50 24 94 37 41 43 66 112 59 66 79 24 6 41 105 57 48 29 34 106 15 66 112 80 24 119 61 14 71 62 19 15 84 88 31 27 45 92 110 118 119 101 48 11 11 90 16 45 115 81 20 21 44 80 114 92 39 83 64 78 117 37 66 56 90 108 96 113 36 94 86 61 83 68 71 56 35 76 30 9 
68 19 74 111 6 87 95 71 19 2 47 87 13 110 14 77 28 7 103 78 26 57 18 19 81 8 75 63 58 29 40 50 7 42 91 108 9 30 109 72 25 14 83 46 1 2 70 93 107 73 95 97 57 110 101 21 109 119 57 37 18 16 1 15 68 35 74 7 102 19 96 96 8 21 102 87 66 2 98 118 36 7 11 82 25 29 91 47 89 77 54 97 109 12 71 10 120 89 29 100 
48 24 33 3 54 20 98 40 76 81 17 83 52 72 37 60 96 68 16 74 71 91 69 28 116 71 80 91 119 43 15 104 73 118 66 32 119 35 44 83 45 102 44 64 116 3 83 104 49 2 49 118 44 58 39 42 71 74 93 59 118 67 47 72 94 68 78 18 100 106 101 37 69 114 97 13 95 35 84 16 43 69 13 49 58 85 72 65 82 37 47 87 95 11 27 23 103 55 84 111 
82 79 9 98 3 81 81 75 30 33 38 97 8 36 29 40 72 28 44 92 70 41 29 119 21 94 13 105 83 115 105 99 95 36 87 23 74 91 78 78 57 104 120 91 4 60 73 112 77 4 37 86 59 56 78 15 17 25 36 32 24 104 66 58 92 33 97 102 46 63 21 51 67 89 42 83 38 19 21 101 5 21 21 47 40 69 98 56 52 46 10 91 42 101 60 112 44 21 43 27 
100 107 111 24 81 50 69 22 45 96 52 23 29 31 91 68 47 118 19 9 117 113 38 62 73 74 81 11 58 14 119 78 74 52 64 18 34 87 51 37 41 12 108 58 72 7 87 77 55 13 45 93 103 96 16 15 91 36 85 37 15 66 85 82 48 90 34 53 10 35 110 83 49 92 106 96 36 2 43 106 40 77 89 6 48 43 70 42 14 27 100 6 93 60 66 102 15 31 76 18 
107 47 97 98 62 92 37 120 60 3 16 84 50 119 77 108 100 79 63 38 87 111 46 59 104 80 116 119 107 28 97 66 92 70 34 87 108 13 87 106 118 56 10 107 66 40 37 18 12 92 29 116 90 102 30 103 22 7 60 113 26 84 21 17 45 33 57 14 65 46 29 83 28 18 43 107 76 49 57 8 47 68 59 51 85 20 83 65 21 111 93 116 2 10 108 85 1 67 69 51 
24 74 66 8 116 39 50 58 94 14 69 55 4 58 84 55 21 43 79 1 5 81 64 28 77 23 1 8 118 61 95 36 67 53 56 7 96 97 74 104 45 92 120 29 49 28 78 67 79 71 38 88 54 98 105 98 105 95 69 14 56 15 5 116 51 113 110 104 25 106 95 5 30 101 92 53 18 64 18 22 97 112 91 73 89 82 29 111 50 18 65 28 109 115 77 80 65 61 102 28 
24 14 117 32 104 93 12 26 52 111 33 69 61 38 11 99 89 59 53 72 6 53 56 11 82 28 31 117 77 33 25 86 14 113 91 20 42 17 110 9 53 25 69 7 14 64 65 10 48 15 99 101 108 26 23 4 64 83 115 56 52 30 9 66 81 120 74 86 45 22 46 117 65 64 64 66 67 40 72 17 34 43 90 88 15 87 96 81 17 120 40 74 42 120 41 4 14 18 102 22 
71 13 64 68 5 84 47 36 7 4 14 90 89 20 13 80 41 49 79 15 5 113 10 27 103 94 42 22 69 110 31 54 105 19 46 109 79 83 53 52 92 60 6 55 86 88 8 96 9 61 60 31 37 97 80 23 54 22 20 27 71 97 101 74 102 72 92 109 77 45 114 64 21 112 113 67 62 73 79 82 87 98 103 101 76 49 32 96 38 47 66 119 45 104 27 97 33 83 117 37 
105 47 1 64 89 62 40 10 69 40 35 97 63 4 28 112 26 79 55 102 39 95 72 80 119 10 33 97 86 40 27 117 48 20 13 16 83 64 41 14 52 117 16 31 13 63 120 63 40 89 112 4 58 105 13 28 35 105 37 104 24 5 68 32 95 102 97 13 62 81 50 92 56 41 110 73 91 116 65 89 14 46 114 1 76 63 1 63 10 62 60 5 17 81 55 21 44 15 10 108 
54 90 17 26 92 65 50 33 50 45 35 34 14 64 27 51 90 117 37 104 117 72 37 39 10 56 8 17 99 43 13 36 105 2 83 109 2 82 53 25 29 39 32 78 28 49 82 116 101 61 34 27 32 91 8 109 32 52 7 75 48 101 24 106 17 28 98 97 39 31 34 34 116 105 86 71 9 116 104 101 82 10 40 98 79 54 8 112 29 28 110 47 17 87 74 8 70 17 72 52 
18 45 2 2 75 48 70 13 4 15 120 56 118 53 112 71 44 116 68 85 36 7 28 95 13 23 80 63 100 44 49 37 105 72 44 58 15 89 89 65 42 113 83 114 105 63 25 116 64 29 110 15 44 65 37 25 6 66 63 103 44 18 22 7 45 48 41 3 2 17 37 10 106 38 22 118 100 63 68 110 119 96 113 103 30 34 92 21 57 57 14 72 11 89 79 83 42 68 49 61 
14 56 2 104 24 84 23 81 34 109 38 94 105 29 45 17 52 63 49 16 39 33 97 93 9 93 59 43 109 1 119 24 15 32 75 12 31 76 36 75 48 89 69 42 94 84 112 30 84 18 116 76 52 110 51 112 115 68 44 32 52 84 89 60 72 36 77 56 10 80 67 30 23 39 53 94 112 7 45 92 112 19 16 90 91 86 50 54 79 24 90 18 2 46 23 49 108 109 61 40 
79 33 30 23 7 101 102 70 55 54 49 12 50 95 18 21 55 101 86 103 9 57 119 37 77 82 42 49 98 12 41 28 93 52 11 11 105 5 4 20 74 12 101 84 62 93 79 103 40 84 14 20 44 94 61 103 66 108 13 43 97 65 20 109 98 46 50 120 71 111 85 86 95 11 27 102 69 62 115 94 46 108 76 16 100 20 59 49 107 23 91 34 41 91 55 47 20 13 76 9 
5 20 83 41 39 13 55 45 31 53 119 111 27 67 54 64 77 85 37 26 119 9 104 91 30 72 36 118 34 23 42 100 14 6 31 62 52 42 10 44 101 64 63 15 77 101 45 78 55 13 112 53 53 62 30 60 75 23 94 82 26 119 61 50 113 24 22 52 91 29 96 51 67 76 84 44 59 103 26 72 9 114 92 47 98 49 73 5 78 53 117 116 79 12 26 96 81 102 46 27 
23 99 59 119 103 51 47 104 47 59 26 108 104 4 87 112 81 27 55 108 115 114 42 107 115 80 102 38 115 74 115 25 19 46 10 91 11 41 65 78 22 116 44 82 11 81 21 86 93 22 98 44 71 87 41 65 33 96 19 114 105 27 66 104 101 78 120 75 31 19 92 98 65 19 60 31 36 59 61 81 9 60 76 7 88 25 23 47 81 29 33 30 32 89 95 92 49 9 57 41 
21 66 19 97 70 98 102 1 53 57 5 97 88 35 9 49 109 6 83 87 58 3 77 97 5 105 72 55 24 36 3 20 81 55 35 78 45 26 29 7 64 82 31 107 120 33 44 62 99 75 32 50 21 115 49 49 49 107 54 55 46 56 76 24 14 102 83 80 9 102 66 1 10 115 23 113 59 38 54 21 65 44 47 58 8 53 20 9 59 44 91 90 14 21 29 33 19 32 37 106 
120 43 23 42 12 67 21 81 60 53 27 93 74 20 70 52 37 50 67 45 70 29 87 17 45 90 17 31 62 17 113 108 69 87 25 22 27 116 33 27 60 22 22 92 69 14 72 67 43 3 71 43 34 102 108 77 105 86 55 22 82 82 37 69 78 11 62 35 120 44 117 25 38 84 10 69 41 109 82 83 62 74 70 107 83 54 83 41 65 97 109 109 8 6 8 22 87 66 55 105 
97 72 98 91 114 92 48 46 18 14 33 24 103 80 92 9 74 60 1 45 31 48 38 31 114 36 103 87 50 4 31 54 81 88 106 48 119 118 30 21 61 53 90 3 94 60 12 90 12 50 73 67 114 57 92 95 120 28 84 16 45 110 47 25 40 51 111 22 97 76 76 41 3 68 102 35 119 102 81 44 2 94 65 40 43 93 52 95 44 91 63 75 115 86 42 50 32 114 113 78 
109 102 103 76 103 99 74 74 26 38 54 33 41 64 90 75 51 24 40 46 2 89 40 86 4 106 9 31 15 12 54 46 99 116 102 21 90 92 8 31 115 86 45 93 75 26 9 105 106 35 102 74 72 44 48 27 113 86 56 70 89 26 52 36 10 27 28 47 69 28 112 98 81 32 20 109 83 62 60 72 23 87 47 86 95 87 73 105 100 2 104 17 25 118 73 67 6 107 49 6 
40 45 98 31 51 12 2 102 101 41 35 55 96 94 101 107 8 24 59 7 77 101 91 112 117 81 4 75 73 14 54 15 85 36 60 73 93 90 113 21 76 4 38 53 81 117 44 96 54 50 37 73 78 71 113 118 23 65 36 82 23 64 52 50 77 22 73 10 53 25 104 55 51 62 1 104 15 6 32 27 55 61 10 105 21 14 74 96 51 120 48 12 94 24 70 54 38 17 71 50 
105 61 36 42 71 102 100 119 119 80 56 61 57 16 108 37 15 45 113 95 90 69 113 55 30 49 54 23 120 66 45 38 55 24 16 51 46 68 64 81 91 94 117 24 85 21 21 30 46 16 40 65 33 116 106 57 23 93 35 108 12 80 18 91 68 63 98 57 61 35 66 42 62 13 90 19 95 74 51 118 36 11 55 30 119 97 89 38 105 34 100 24 42 76 72 7 61 84 50 27 
98 39 59 36 82 85 8 23 7 4 25 42 19 63 49 72 25 86 10 57 65 7 24 35 16 81 117 115 70 91 31 11 37 65 98 77 26 38 61 117 117 36 29 87 84 59 69 36 101 119 3 112 95 23 116 91 102 60 59 27 67 25 105 77 25 113 54 102 33 51 7 91 8 40 54 76 110 34 116 84 24 17 115 51 13 92 30 45 30 3 2 46 16 64 15 30 18 66 38 18 
86 80 43 75 27 91 98 39 5 13 66 86 88 24 55 100 11 4 50 88 100 22 26 20 16 82 79 34 65 29 97 44 17 103 50 68 7 46 110 95 54 41 11 27 84 55 26 20 58 108 23 11 87 20 3 114 103 47 81 10 64 108 87 33 113 112 91 60 90 99 10 26 13 53 102 103 83 18 74 66 99 74 60 84 82 107 81 83 41 86 59 62 43 116 50 79 20 61 47 15 
1 33 40 6 99 111 33 71 12 88 53 112 19 3 72 49 120 64 83 48 112 85 68 48 54 49 65 48 29 49 70 15 78 57 30 12 40 34 49 103 53 104 113 119 85 20 54 34 92 84 98 9 113 62 32 43 53 40 120 33 83 18 11 73 40 1 106 15 111 77 33 15 26 102 58 70 3 100 12 111 120 95 76 68 58 29 113 18 59 109 113 60 102 110 49 86 27 23 77 15 
99 16 116 75 57 32 43 88 7 48 75 43 99 39 9 7 97 101 63 111 20 31 24 49 58 12 117 41 44 12 10 68 85 74 53 57 10 29 39 117 19 7 89 30 83 32 8 78 63 44 27 26 95 54 16 107 44 74 48 116 81 47 73 115 73 31 25 71 109 26 8 20 63 73 95 4 61 8 97 5 69 40 57 119 8 1 30 29 100 47 50 15 28 60 43 6 101 90 84 105 
35 53 1 72 21 81 112 6 63 54 107 110 71 31 8 118 115 58 84 53 92 119 22 54 105 98 94 110 102 89 60 61 58 72 47 106 65 76 66 22 39 75 8 54 67 113 63 77 79 16 108 70 19 118 42 48 32 34 53 71 4 82 45 70 62 3 43 65 92 115 59 110 61 19 112 85 31 83 74 76 86 65 33 104 10 91 18 20 67 118 104 116 97 110 8 62 45 39 13 13 
17 72 12 36 93 10 70 119 8 40 116 16 28 114 9 85 95 94 25 69 112 66 119 83 20 9 83 77 60 31 95 11 47 108 21 85 86 100 119 39 41 85 24 89 85 46 110 79 88 61 114 21 100 114 52 41 117 114 111 15 83 92 75 12 31 65 45 24 31 83 77 106 94 80 1 112 87 83 49 107 57 96 1 86 57 15 90 30 11 89 9 98 49 108 54 8 94 52 81 83 
109 103 54 1 36 103 15 43 35 29 24 8 24 53 76 110 118 32 111 48 87 120 118 48 116 103 47 50 36 53 39 27 98 23 106 84 52 84 6 19 100 76 22 66 37 105 91 105 68 80 109 19 115 105 101 41 45 111 90 57 101 2 113 33 41 34 50 116 46 109 90 60 61 113 6 96 108 94 71 10 105 18 3 57 39 38 100 2 75 99 98 26 42 106 21 14 38 117 47 71 
20 95 61 98 81 65 41 95 64 110 31 29 88 26 72 73 26 18 101 39 6 70 94 96 5 11 116 19 101 79 91 33 9 37 54 4 46 82 85 115 56 38 104 118 44 19 98 43 25 36 29 76 60 59 61 66 92 106 90 105 3 79 47 94 4 89 24 42 100 79 44 48 83 33 56 45 43 73 80 36 86 103 16 32 25 113 76 108 47 22 11 77 111 70 97 27 94 41 93 110 
104 117 73 119 116 94 111 23 45 3 34 79 98 55 65 4 64 44 46 15 101 108 2 103 50 23 62 106 25 89 7 82 37 16 86 32 16 70 38 15 9 42 30 90 79 20 62 65 1 118 52 60 11 57 20 58 54 42 77 16 66 6 42 60 8 14 96 92 15 59 83 3 110 35 54 53 84 84 86 55 120 66 69 119 35 52 4 54 48 27 1 32 4 1 69 27 101 97 74 115 
35 119 60 9 60 28 8 79 72 58 67 81 67 32 80 103 106 36 21 18 60 5 117 54 47 85 11 58 4 30 11 96 3 100 7 97 85 9 65 71 54 36 27 80 25 17 9 62 110 104 113 96 108 54 27 41 120 8 33 96 35 93 42 15 109 51 53 91 72 95 107 30 97 28 69 55 55 65 63 14 74 58 99 25 87 18 78 71 42 75 28 10 114 50 53 114 33 100 101 77 
104 28 33 1 50 96 74 51 108 19 33 43 117 88 11 51 98 109 64 29 22 84 81 65 76 83 4 91 47 80 17 37 104 57 94 80 5 94 26 61 111 76 73 59 23 85 29 117 70 54 4 20 5 79 65 13 61 21 91 19 46 41 53 80 44 71 60 94 27 80 79 17 51 120 18 75 67 81 66 62 41 7 111 5 66 70 105 8 59 41 48 111 43 21 2 101 35 17 89 22 
5 18 15 25 85 109 86 115 50 59 60 72 85 54 82 91 30 111 107 46 104 69 61 46 108 62 88 113 69 120 66 69 60 53 95 15 112 106 54 110 47 5 25 20 83 119 104 59 29 19 10 118 67 33 14 68 113 90 115 46 116 47 60 25 60 23 110 102 12 112 24 32 93 22 82 30 90 54 33 12 104 109 48 42 67 13 48 26 100 19 21 117 48 63 81 119 115 15 50 76 
65 2 90 102 79 14 85 76 111 102 2 50 114 17 98 97 24 38 32 30 53 61 109 38 2 46 4 26 75 84 103 11 43 5 52 41 34 30 66 53 69 76 97 11 28 80 7 53 68 103 86 9 76 82 34 55 47 25 67 103 7 95 8 17 94 47 111 69 33 29 68 3 118 31 18 117 106 21 55 70 120 12 117 32 24 42 116 120 1 80 75 105 58 51 51 67 13 100 85 40 
48 91 99 79 8 100 113 24 45 70 36 4 25 42 59 46 24 34 59 1 106 18 61 30 17 67 77 114 4 72 87 97 39 60 20 44 114 100 67 34 20 82 63 73 79 105 27 100 119 25 71 15 76 15 46 43 101 7 24 11 22 117 118 70 14 49 96 73 82 108 62 76 106 101 68 15 31 76 31 105 47 83 47 4 53 81 28 25 110 90 12 86 39 51 116 39 16 90 44 117 
12 85 73 113 9 43 69 112 51 39 54 110 69 14 98 44 55 80 111 87 33 119 56 7 20 7 32 24 43 73 51 103 82 88 3 16 60 37 83 108 61 28 43 97 17 23 87 4 117 95 77 64 33 45 102 20 12 25 103 50 23 97 5 92 34 54 68 35 42 42 5 81 38 117 88 91 6 55 61 108 35 53 55 51 19 57 31 2 4 18 47 44 109 42 84 82 79 9 116 113 
19 17 21 53 78 95 78 21 103 113 40 11 34 86 108 106 69 96 53 1 78 11 108 19 72 40 87 8 67 39 30 45 31 57 96 19 98 120 52 9 31 45 18 56 35 14 107 20 9 36 1 27 88 27 117 52 116 58 44 13 92 70 78 68 35 120 18 92 8 62 18 115 102 71 85 116 88 33 65 107 107 45 16 30 60 10 104 114 107 1 42 40 69 52 37 14 29 31 110 26 
52 61 102 76 101 64 109 30 111 50 43 118 61 74 29 44 40 57 106 98 27 100 95 103 27 9 37 99 109 11 117 76 108 67 76 115 120 25 6 65 52 62 39 92 55 55 23 18 61 114 84 112 13 38 51 57 37 98 112 15 17 106 3 16 36 37 33 72 9 38 30 106 37 5 70 82 9 73 115 18 97 34 101 24 109 25 46 65 101 15 35 69 17 23 44 106 94 67 72 60 
24 117 23 6 49 65 106 58 95 25 96 51 114 88 59 3 9 118 27 77 77 7 60 103 97 75 78 67 35 80 120 65 93 120 24 9 102 70 88 24 68 32 115 55 13 13 41 61 1 93 34 74 42 20 28 1 24 74 113 81 10 32 16 116 47 53 98 58 52 120 88 115 92 96 10 56 68 42 30 96 115 19 106 118 60 29 41 4 6 13 82 54 112 93 57 44 11 10 22 68 
37 14 103 67 110 92 120 86 44 109 80 62 30 96 93 28 115 113 21 22 24 112 19 65 40 45 73 10 47 43 34 7 115 112 37 89 9 70 39 64 46 38 65 50 35 55 110 55 35 111 60 4 6 66 111 81 100 54 18 39 88 22 3 82 13 92 20 76 117 14 69 106 44 36 73 43 47 90 116 88 100 109 54 53 117 100 41 60 56 88 55 76 77 97 3 12 107 89 46 49 
12 40 19 7 73 87 22 3 32 64 93 93 32 115 33 19 16 12 72 95 101 50 77 1 114 42 106 70 72 27 15 42 99 1 11 10 20 63 17 59 50 74 45 90 9 105 4 44 11 47 12 65 63 15 88 26 66 6 54 99 94 35 107 87 22 41 48 27 39 49 95 120 104 80 2 100 73 56 27 5 17 90 108 21 15 83 87 72 74 58 89 32 118 45 66 116 112 117 101 98 
55 41 34 77 46 43 59 29 30 68 109 86 11 103 21 49 98 71 71 35 62 8 85 1 63 104 17 44 18 54 86 117 47 14 32 47 5 53 74 47 10 53 99 8 22 6 50 30 1 17 46 24 29 35 99 118 44 92 59 114 109 58 28 93 80 113 15 93 67 93 6 100 109 82 69 12 81 97 103 117 70 4 35 17 42 55 66 38 87 88 57 117 120 98 68 1 99 30 14 6 
56 103 46 60 74 102 63 14 90 116 70 17 9 83 118 85 99 46 52 89 30 84 37 89 69 4 68 81 117 18 120 10 25 83 10 1 32 44 87 58 10 18 60 11 120 27 101 6 94 54 49 79 28 30 50 102 35 83 103 44 92 108 25 93 14 46 108 101 63 49 64 54 56 64 99 50 53 117 88 25 5 73 3 10 58 7 55 61 52 118 26 15 29 2 77 104 2 70 57 103 
91 23 12 77 64 95 111 68 41 54 114 109 26 56 114 83 19 117 20 95 101 56 82 96 66 64 5 91 46 13 81 36 65 114 12 18 45 38 28 35 118 102 17 69 83 103 49 72 96 44 117 100 108 71 92 39 36 51 90 81 25 5 32 117 67 88 16 79 86 79 59 53 104 41 2 83 9 80 46 12 90 23 34 13 29 98 51 95 109 112 2 92 26 33 77 46 89 37 24 42 
53 66 12 39 56 119 3 19 36 41 76 96 66 45 70 33 32 4 41 55 27 6 119 97 109 36 61 42 26 78 3 75 51 67 86 109 4 6 55 35 1 63 70 7 8 21 33 75 13 93 93 64 49 82 32 102 50 94 107 42 43 8 66 79 61 21 15 105 106 75 68 14 20 4 101 87 43 81 5 111 24 50 22 109 44 5 32 16 67 25 120 91 118 118 108 58 73 53 42 107 
18 76 32 49 48 5 74 22 116 20 42 4 24 119 37 116 84 43 25 113 89 78 41 117 64 69 79 107 106 107 31 105 64 77 94 36 92 53 39 48 59 35 64 61 51 94 50 53 62 119 76 90 39 8 15 19 79 57 42 50 61 76 107 88 17 92 55 2 47 88 63 61 46 36 103 46 37 36 108 74 73 19 70 25 106 100 14 106 96 11 60 74 35 1 43 34 94 67 92 21 
62 32 82 94 76 25 48 11 61 104 108 97 80 29 86 66 119 117 14 94 36 61 70 81 5 68 82 27 35 104 95 11 73 48 32 6 40 61 96 86 62 92 92 79 3 109 108 48 65 89 105 120 98 28 42 28 91 14 26 38 112 103 73 89 11 98 105 92 106 95 25 71 38 100 26 111 70 90 9 100 90 84 16 116 117 95 34 115 19 67 107 105 86 102 79 1 105 120 37 117 
73 67 101 111 79 65 3 91 106 117 78 4 9 102 51 96 99 7 53 67 107 89 27 60 66 116 75 114 99 62 42 113 39 51 67 62 101 69 50 14 98 7 23 71 15 74 61 112 105 32 113 77 83 46 62 19 17 85 117 73 100 110 104 18 90 60 95 31 31 59 11 119 16 21 4 106 22 78 29 61 3 27 90 97 6 23 81 113 65 117 116 33 79 90 67 53 35 36 11 26 
24 5 68 31 18 112 22 22 69 108 70 73 53 4 120 14 90 94 26 42 82 76 59 114 110 69 46 111 94 104 47 104 78 57 78 43 77 38 56 10 91 35 61 60 57 93 115 36 82 15 67 119 6 67 84 88 33 41 75 100 115 36 53 47 72 90 76 16 41 102 62 36 89 89 46 107 7 92 90 88 48 97 20 25 78 18 83 54 86 41 12 73 50 105 36 68 20 100 2 76 
41 94 55 17 47 26 90 23 36 45 50 33 102 67 4 65 14 44 30 60 21 69 57 106 39 9 77 46 53 92 31 41 107 118 98 101 20 49 106 118 111 37 11 75 16 74 47 26 16 24 114 63 95 52 105 3 81 104 11 57 39 48 84 19 75 116 52 32 60 44 43 99 68 5 84 34 116 107 2 46 119 86 25 116 20 19 8 109 10 46 2 109 30 60 57 70 6 43 22 5 
1 85 69 58 68 56 29 17 18 38 66 3 100 46 2 104 77 11 71 116 70 60 17 97 55 72 101 119 12 30 46 21 7 72 56 112 32 99 4 105 18 33 19 92 96 89 15 5 69 72 96 81 82 46 55 70 6 22 15 42 87 16 5 76 92 15 23 37 72 58 82 75 92 42 117 1 116 30 66 58 82 113 60 70 88 5 102 119 94 25 14 106 65 12 93 5 12 115 97 84 
9 1 97 112 56 115 17 29 59 112 63 53 118 32 75 30 41 105 58 1 99 41 89 116 28 63 60 111 47 112 14 55 14 88 79 12 72 9 70 77 35 17 47 71 90 107 36 50 12 4 100 93 25 68 99 118 118 70 67 59 47 99 37 113 59 88 44 14 37 41 41 48 5 26 57 37 23 68 59 66 9 31 109 79 106 69 93 15 89 114 19 58 50 104 40 33 95 98 56 83 
70 14 82 75 97 102 88 100 92 15 46 109 115 13 97 68 49 74 22 28 93 29 17 87 96 61 55 105 105 105 83 73 31 79 60 68 90 63 24 106 98 120 119 23 79 29 60 1 71 73 54 113 102 83 80 80 75 108 24 52 47 104 53 14 28 47 59 24 1 102 119 43 5 69 117 68 57 28 94 61 107 108 21 10 106 4 54 1 16 27 116 30 48 44 90 47 11 94 90 94 
47 107 22 51 96 9 68 94 103 89 66 101 120 46 41 2 117 75 51 10 44 55 79 89 49 56 96 25 78 118 74 64 101 47 95 117 106 60 10 1 21 57 60 83 9 28 42 99 54 46 64 96 22 28 68 105 99 1 68 50 42 46 88 34 51 23 114 114 105 102 95 1 120 112 68 10 100 97 24 43 13 26 89 5 2 87 33 86 55 20 110 66 41 28 100 74 33 58 76 28 
91 48 100 80 64 68 11 106 112 82 3 89 97 109 6 119 120 99 78 72 18 102 35 79 23 25 56 34 87 54 81 101 49 36 71 81 95 102 45 99 31 79 12 26 34 12 26 110 88 56 39 89 20 77 110 84 29 108 91 62 7 98 80 51 77 79 68 45 69 118 17 19 89 79 15 109 106 56 41 11 43 10 71 22 86 112 115 27 10 117 35 107 60 1 62 87 114 7 70 66 
32 15 67 1 82 5 106 15 68 83 10 82 3 31 17 104 104 117 53 91 102 61 119 5 57 56 114 111 1 18 17 7 68 106 39 75 77 96 3 28 34 5 46 64 118 55 115 94 114 64 103 45 4 68 58 6 79 115 95 33 33 80 42 115 16 18 32 80 24 33 26 116 1 61 93 12 15 94 18 37 72 42 23 92 110 16 60 39 101 107 30 101 96 116 102 56 91 44 10 40 
31 117 65 8 64 102 101 71 25 83 19 87 49 107 88 74 53 23 21 48 49 28 63 15 59 35 83 63 66 113 54 16 89 11 36 88 9 119 90 25 23 79 31 89 33 45 53 103 75 110 88 34 18 80 4 13 62 76 114 56 46 56 40 52 26 98 105 70 88 49 42 68 79 55 118 14 21 120 105 11 37 113 116 23 114 24 16 71 77 11 36 1 68 28 45 113 68 58 65 45 
43 50 59 70 79 21 16 56 45 16 56 3 59 89 32 120 114 47 36 15 26 7 37 88 96 113 81 34 28 33 55 30 61 56 66 68 118 116 88 84 2 81 44 1 89 118 60 12 71 55 59 93 117 113 27 12 11 31 56 70 103 81 46 110 67 28 43 102 83 39 41 90 118 120 84 12 83 48 34 7 30 6 57 22 73 11 71 19 42 11 116 118 41 17 16 28 54 26 106 10 
67 89 108 37 18 91 94 52 42 96 116 64 68 97 48 112 30 11 70 72 41 101 23 120 57 2 22 25 109 101 105 115 41 99 45 96 109 47 31 117 112 120 48 6 33 9 14 44 5 40 8 98 45 96 19 117 45 4 109 17 19 76 1 57 35 111 92 26 79 32 13 73 10 84 38 38 78 16 33 23 105 46 51 28 109 8 59 53 32 42 8 11 19 30 101 40 100 8 17 69 
16 90 39 71 51 16 38 5 96 52 113 69 34 64 5 86 22 67 12 105 76 67 4 90 93 76 81 67 86 113 113 108 57 72 24 66 38 117 4 10 1 71 82 7 63 65 101 21 57 16 17 16 117 88 49 10 7 104 80 102 48 31 103 18 109 15 35 118 78 35 63 21 16 117 76 81 106 1 49 18 2 48 81 72 92 101 35 57 109 57 104 71 42 78 107 13 62 61 18 35 
59 117 24 31 46 60 43 48 15 36 97 93 85 96 63 72 82 74 107 74 54 87 18 20 65 7 61 116 65 2 79 52 79 28 91 16 13 55 9 38 97 45 115 53 70 105 43 50 93 19 11 79 3 112 21 111 4 117 4 118 81 70 98 14 68 68 42 93 52 52 119 8 51 35 111 56 81 27 84 85 76 91 2 93 88 51 48 30 24 31 78 28 52 86 61 6 19 38 35 5 
119 9 67 16 70 65 53 117 8 80 9 10 7 51 57 102 102 4 32 37 11 3 84 116 44 61 99 65 74 99 79 47 113 102 17 60 38 42 76 3 69 105 43 72 32 46 70 98 54 116 27 14 111 53 10 55 106 86 44 28 44 85 27 17 119 7 103 39 65 20 82 88 116 100 104 35 110 115 2 115 85 64 75 35 60 99 23 85 44 59 58 41 120 20 79 15 4 33 25 99 
2 117 98 58 8 16 68 48 6 62 37 76 34 53 99 83 45 21 117 84 27 15 32 88 43 35 56 14 67 56 40 30 98 46 30 86 120 103 106 17 102 97 41 55 10 110 54 111 88 23 35 29 47 97 79 74 15 85 89 18 69 120 119 5 28 93 12 110 45 78 118 54 21 97 101 66 21 63 67 45 66 40 2 118 87 73 43 40 1 61 40 6 21 38 26 73 91 70 36 116 
100 74 52 44 70 5 93 7 53 115 100 27 115 4 5 118 53 67 15 50 64 74 35 32 52 116 63 29 78 115 85 92 53 40 86 45 14 67 28 54 44 70 71 82 22 22 57 103 16 7 71 87 120 104 22 64 88 76 116 48 90 47 67 87 5 94 98 102 93 28 45 8 47 13 117 65 28 20 43 59 7 65 88 48 43 81 50 63 49 94 103 19 97 108 53 116 64 35 70 38 
48 113 114 40 92 57 103 28 53 113 78 71 37 53 106 91 59 89 15 101 39 52 92 21 23 72 31 56 101 20 20 77 117 107 58 106 83 97 62 36 99 113 4 26 34 51 61 89 38 70 108 109 60 55 65 86 88 111 60 6 51 102 59 67 23 18 114 112 108 93 36 104 81 111 56 76 65 77 40 108 103 12 56 93 24 93 26 42 109 51 98 102 21 11 64 22 56 47 66 53 
117 104 1 81 11 78 42 96 18 27 117 21 92 102 50 100 81 89 43 48 46 54 113 103 71 23 75 69 38 2 74 8 26 45 47 49 52 70 74 91 4 37 109 66 95 83 55 47 75 70 56 116 6 76 12 65 52 50 44 29 89 56 14 32 7 21 112 83 33 74 95 24 73 47 46 92 4 18 40 112 14 65 54 100 9 120 67 38 102 97 105 14 7 102 62 29 85 27 15 111 
63 14 113 3 20 104 117 58 29 4 3 79 9 108 113 23 71 31 75 119 112 102 52 88 7 60 109 20 113 91 3 64 40 57 95 59 57 64 40 86 73 71 31 116 99 117 93 97 95 100 120 21 77 112 67 27 6 105 97 64 25 92 85 60 75 53 101 39 108 94 21 91 90 33 40 18 88 7 100 100 37 88 104 99 5 64 91 1 2 43 117 72 99 85 49 109 75 87 35 91 
53 33 27 82 112 43 46 32 18 94 28 24 71 3 94 18 64 30 111 10 5 106 94 35 24 114 50 9 10 70 33 16 6 52 88 4 4 35 109 68 44 115 58 43 52 117 93 35 44 24 64 3 9 19 4 49 31 43 89 115 105 119 1 23 41 61 64 99 73 104 12 83 94 45 63 81 42 32 33 24 110 93 75 81 33 14 87 90 107 28 83 73 10 99 70 28 85 38 103 13 
40 3 77 1 119 35 61 20 63 52 12 2 22 20 56 93 73 94 7 114 78 72 24 70 25 72 35 1 11 20 9 107 47 116 110 16 39 96 54 1 81 62 91 83 46 36 120 5 93 17 20 101 70 26 25 10 43 86 21 107 69 25 73 68 71 13 44 60 99 109 45 31 20 105 46 68 58 119 41 97 5 97 90 95 94 87 54 25 107 71 57 21 51 111 107 17 28 119 95 36 
49 23 57 85 83 18 75 66 49 16 26 96 12 68 103 13 8 32 37 75 63 16 86 118 33 17 112 25 15 57 119 33 13 95 71 2 29 56 87 53 81 19 68 89 23 49 116 87 28 87 48 68 68 105 82 29 50 115 40 18 119 26 73 16 100 9 63 115 75 11 43 34 74 49 22 12 78 44 103 91 71 28 10 101 7 27 69 87 68 96 25 84 81 37 18 97 37 18 42 24 
38 22 8 29 50 81 72 68 90 73 70 116 87 1 69 85 105 73 98 99 33 40 45 2 113 89 33 106 76 22 25 36 97 5 54 113 71 112 33 12 25 74 85 103 7 1 39 11 13 101 33 117 106 52 25 68 52 6 113 43 62 89 117 46 7 115 74 29 62 21 90 100 114 87 56 55 98 103 40 24 83 56 24 29 71 79 95 44 91 77 80 107 103 57 28 98 40 116 14 3 
86 7 53 53 118 27 117 19 19 57 43 114 68 37 118 46 59 105 41 111 29 16 7 1 32 2 83 82 13 68 58 22 48 78 41 112 66 61 119 117 13 104 18 44 66 113 52 86 42 21 120 27 34 99 31 88 72 88 23 69 59 77 71 86 65 3 88 72 6 67 35 37 16 105 4 31 3 51 109 67 53 116 73 69 26 86 103 55 16 77 102 62 116 37 20 24 8 14 115 55 
100 118 89 91 42 116 45 93 6 70 82 56 50 101 103 50 20 29 77 14 47 74 72 87 13 24 57 66 114 19 85 44 1 36 14 108 4 24 44 13 104 56 23 48 75 41 29 89 14 92 75 38 39 39 17 7 116 80 95 52 60 23 81 105 45 82 24 44 4 20 117 62 58 59 86 43 59 69 92 82 41 7 108 28 81 52 15 115 11 113 55 94 103 59 6 60 56 5 55 45 
72 41 110 88 38 75 56 61 19 31 74 5 63 60 19 92 7 62 52 66 76 83 27 82 93 41 40 75 41 77 74 113 114 76 100 60 21 57 62 96 82 105 74 12 118 49 21 63 48 114 92 24 82 38 25 30 38 9 73 115 78 15 49 52 38 77 120 63 109 50 13 53 82 120 110 35 98 22 48 100 11 15 83 74 32 115 57 18 72 66 56 100 6 43 27 102 16 18 118 28 
45 120 20 35 13 98 42 64 14 26 101 87 6 120 20 53 72 16 96 96 103 100 8 42 29 30 78 98 33 38 71 3 40 69 107 79 108 115 108 51 20 37 46 105 92 50 110 66 78 51 12 109 112 75 79 81 18 60 16 77 83 53 29 114 40 47 51 34 100 64 119 42 71 52 109 20 61 7 120 62 56 56 55 115 34 58 58 103 99 91 24 48 2 60 51 28 13 45 110 94 
64 116 48 65 47 120 84 45 43 74 106 70 110 1 57 109 83 1 40 5 112 61 101 24 21 93 114 27 33 2 68 70 105 73 41 30 78 3 61 62 107 58 86 65 27 19 61 14 112 74 108 80 48 52 2 8 104 103 43 73 43 51 75 113 65 3 98 1 8 87 117 101 47 2 111 25 115 111 24 116 38 5 8 6 116 20 65 49 36 112 116 49 76 30 79 83 67 57 66 115 
109 110 36 74 81 46 25 54 102 94 93 94 107 115 118 27 107 45 8 30 43 3 92 94 21 37 54 60 17 6 98 57 98 91 74 104 13 11 102 74 94 74 52 46 57 93 70 120 58 2 63 33 72 78 77 88 44 95 116 111 88 65 39 34 98 13 8 62 4 100 71 61 28 114 76 70 16 110 116 45 34 62 17 15 23 70 114 33 14 49 44 45 80 107 83 17 97 117 43 94 
