100
21 73 3 50 91 64 67 21 25 35 72 34 1 55 99 25 102 73 86 35 85 54 13 109 9 47 94 12 11 96 114 98 65 38 66 39 52 68 50 101 40 75 54 105 51 48 63 118 42 26 83 57 49 118 18 29 96 3 23 113 79 77 66 46 68 55 99 74 91 40 84 72 72 15 52 29 58 29 2 119 17 13 19 98 32 118 5 99 27 35 78 6 79 120 86 76 5 26 60 81 
59 25 19 18 5 22 90 97 23 84 58 113 84 15 12 3 29 89 52 57 18 71 61 65 62 97 30 78 12 74 17 33 3 8 77 51 32 14 115 6 116 9 11 20 30 101 15 84 45 81 84 34 26 59 107 109 63 67 44 113 21 90 111 107 50 98 94 59 91 21 102 74 49 94 104 30 38 95 70 43 55 21 70 54 58 88 61 25 3 55 52 17 27 25 115 96 81 75 59 62 
112 17 85 57 25 45 1 38 77 29 30 90 52 82 74 9 14 36 100 55 58 90 78 103 45 43 120 88 5 110 86 83 68 45 98 13 104 106 29 90 105 70 9 3 23 18 36 59 101 10 17 69 62 38 87 3 36 61 92 119 56 41 98 10 98 99 50 117 10 3 71 39 10 106 93 12 15 93 65 43 109 85 75 120 53 15 17 115 39 48 24 109 109 29 30 119 17 12 24 37 
9 8 104 116 22 81 32 35 3 75 120 74 113 8 71 57 82 21 9 8 23 52 74 107 108 14 83 28 37 53 12 23 19 118 13 39 91 83 28 107 113 2 11 117 41 16 5 12 82 34 73 33 78 49 8 27 116 56 70 10 35 87 111 98 47 65 19 39 109 88 72 33 38 48 56 101 38 69 41 100 77 54 120 54 74 14 56 1 74 114 112 81 100 38 45 26 115 101 98 21 
35 86 70 84 62 44 33 92 35 117 115 34 26 18 117 67 51 62 22 25 30 116 110 12 61 119 61 42 17 75 105 5 10 22 65 63 118 26 7 97 30 90 41 120 109 78 114 52 18 71 66 55 16 35 32 79 98 90 108 41 64 99 119 9 119 22 118 51 101 11 37 29 68 47 3 3 36 67 12 78 19 120 114 65 117 83 30 34 75 105 83 113 22 88 5 6 37 93 73 52 
111 11 91 10 70 115 11 75 76 117 79 5 119 24 20 19 112 54 100 119 14 6 63 72 17 63 70 20 78 105 15 112 112 58 41 13 119 43 49 40 67 93 8 53 55 5 110 13 84 114 49 65 26 81 90 117 92 59 54 29 62 14 13 28 105 87 61 38 49 39 35 31 20 41 46 8 40 15 115 48 28 77 96 25 40 6 43 33 77 40 69 92 46 118 77 75 23 33 117 7 
39 94 17 31 116 80 69 58 102 89 40 107 106 106 28 83 117 21 68 23 41 27 92 9 4 54 66 10 76 16 22 90 69 19 62 45 73 69 17 109 66 58 16 44 115 57 37 42 20 28 94 45 48 21 26 30 85 112 118 110 88 117 13 54 76 81 103 27 18 46 44 118 47 8 109 16 53 21 104 7 87 6 23 36 49 44 12 98 53 46 93 84 109 92 68 80 46 78 105 21 
87 69 67 46 34 15 104 26 27 102 75 101 18 48 48 17 32 20 12 86 22 89 99 108 84 21 11 47 106 69 81 12 34 45 70 44 20 117 12 111 69 109 4 32 44 41 33 45 106 88 62 7 32 54 101 102 69 25 102 83 59 47 94 77 73 108 102 70 91 105 66 28 59 38 71 91 48 95 109 93 11 64 77 67 4 30 47 76 41 77 42 116 80 63 13 119 101 6 104 77 
58 62 10 32 92 56 57 8 56 65 83 14 105 46 83 28 86 91 59 6 91 54 14 95 3 85 21 59 30 24 115 53 112 84 15 73 16 37 67 6 14 25 86 69 69 100 46 118 83 87 118 48 23 37 88 4 33 109 33 12 8 51 65 100 73 53 77 117 80 43 36 104 24 29 10 36 31 4 99 42 95 53 24 86 90 22 66 56 52 5 14 54 86 7 50 81 74 53 113 63 
82 62 22 29 35 89 76 98 45 76 115 58 101 106 24 100 100 96 30 29 39 16 85 98 115 9 53 112 22 116 17 43 76 51 118 114 119 23 86 41 117 97 111 96 39 10 32 51 58 7 76 97 20 39 90 91 104 52 107 42 102 105 112 58 77 8 51 102 7 50 5 77 97 120 15 31 5 110 46 70 115 82 90 26 57 43 105 43 111 16 28 47 15 14 11 105 103 34 118 120 
50 95 40 14 102 109 46 103 54 44 105 27 49 83 6 41 62 46 85 113 29 2 51 65 113 62 104 95 107 50 46 99 43 30 26 92 59 95 1 89 18 102 28 93 64 28 66 21 74 94 33 20 40 64 34 100 58 6 87 86 37 51 17 10 6 119 109 18 91 113 64 96 63 75 38 62 43 68 32 72 101 59 28 55 76 31 16 88 11 63 4 36 49 60 108 59 86 104 101 29 
47 59 40 71 13 80 114 60 50 104 8 43 47 54 58 106 38 83 112 67 89 96 33 53 59 30 111 10 27 5 52 96 64 71 37 115 80 81 27 54 66 110 36 82 107 74 40 48 112 95 36 120 62 56 68 64 88 48 47 105 30 47 77 69 64 119 1 82 20 100 14 30 52 117 87 116 38 46 114 64 87 95 4 83 55 21 58 4 28 72 30 34 112 60 8 80 74 101 26 59 
104 7 66 52 64 3 53 56 68 65 9 18 112 80 50 106 22 22 79 107 100 112 47 94 32 60 54 109 84 109 79 36 35 86 20 69 47 22 48 81 56 36 48 83 69 67 105 109 10 39 55 32 119 55 80 51 68 93 37 31 64 76 10 16 78 19 93 68 9 18 13 18 71 45 109 60 83 59 4 2 72 112 8 30 31 119 64 7 98 111 98 17 65 103 81 89 103 79 113 55 
68 36 27 119 76 26 48 69 17 89 96 116 78 86 43 104 53 76 28 45 2 24 12 35 89 70 117 89 27 81 71 93 113 15 111 98 28 41 72 113 58 103 37 55 22 17 35 46 14 75 63 91 23 54 81 78 22 119 42 73 33 71 12 26 32 106 63 86 36 56 42 24 28 14 32 83 82 82 66 68 45 95 78 88 26 107 109 54 104 8 30 45 67 8 113 61 66 61 81 5 
90 93 81 78 84 20 74 34 90 22 78 44 38 47 68 19 48 77 102 88 94 86 119 52 67 6 97 21 94 42 10 112 46 85 120 12 4 107 59 74 26 79 26 41 41 34 91 111 100 88 28 108 39 47 7 63 101 105 110 91 34 91 39 103 47 24 61 95 60 86 94 64 35 53 47 71 1 37 7 95 71 80 102 39 99 85 6 114 46 9 5 57 13 14 69 97 99 51 80 22 
13 53 108 21 95 15 45 43 82 97 15 113 89 88 30 105 50 60 98 103 47 4 47 6 110 78 20 99 40 119 9 69 117 73 33 39 88 72 9 67 95 23 45 115 109 37 93 59 9 28 23 67 99 109 76 115 18 1 11 36 111 61 93 37 69 57 83 73 45 34 25 29 89 47 5 113 34 99 69 74 119 6 34 86 101 16 79 80 15 106 95 117 62 30 81 6 2 24 20 75 
53 75 38 102 46 38 45 1 52 105 103 2 17 96 107 21 28 89 28 46 116 102 85 13 110 55 13 102 61 53 33 34 60 22 110 89 84 114 64 59 91 65 51 79 81 31 106 114 17 34 100 54 63 56 113 98 47 81 6 118 3 44 28 10 101 108 102 63 54 10 88 83 84 109 38 115 14 79 1 25 67 47 111 67 50 41 46 79 12 95 107 7 33 100 27 117 68 52 110 91 
95 61 40 13 78 53 57 72 70 87 77 97 55 108 103 22 12 27 39 41 51 11 55 24 52 62 38 1 120 64 114 64 4 66 63 118 87 6 71 99 39 18 29 22 57 60 111 106 101 18 41 117 21 70 107 42 106 25 44 104 103 85 56 44 118 14 118 64 112 7 50 52 103 47 115 52 41 43 76 42 46 112 82 25 98 64 43 39 112 93 60 46 23 56 108 115 83 38 37 100 
10 120 14 5 36 60 38 11 19 114 9 55 78 46 78 22 17 83 105 118 61 11 88 74 41 115 19 35 40 67 116 57 8 36 95 91 78 108 47 53 29 4 23 7 58 79 93 34 88 28 116 20 99 21 37 24 18 97 111 12 20 93 97 20 29 83 95 90 77 93 81 36 103 104 92 90 32 21 110 84 22 102 36 110 37 19 52 50 95 102 51 19 55 17 109 31 109 56 69 64 
94 100 116 16 38 28 95 36 17 19 90 72 15 61 97 22 89 53 16 21 68 33 20 15 58 17 104 43 113 118 55 62 43 103 49 78 39 108 112 80 69 26 102 30 52 62 73 62 69 72 67 70 89 48 43 110 90 33 6 63 91 67 118 15 82 54 59 49 80 7 58 93 70 48 31 85 55 54 87 59 21 4 17 8 37 86 58 117 88 57 1 117 114 89 27 64 50 69 39 30 
15 35 102 17 67 110 46 105 86 33 75 25 44 114 94 84 78 71 79 105 37 96 58 110 67 33 46 10 15 75 8 95 10 120 54 112 78 70 61 92 40 59 110 58 50 69 72 103 56 73 37 114 71 22 116 92 88 53 29 92 65 8 118 110 98 100 41 50 36 32 107 102 92 93 65 70 31 102 101 80 39 40 67 115 84 78 72 13 25 100 31 93 44 76 12 14 16 54 29 27 
68 113 20 95 16 30 74 93 100 74 85 13 19 30 72 69 23 86 94 54 73 34 76 3 67 101 56 68 105 57 65 48 45 55 95 27 56 37 14 59 57 119 28 4 56 99 13 106 50 14 31 84 22 34 98 103 54 45 94 34 114 35 12 14 35 79 81 56 92 73 43 50 113 18 67 2 72 63 110 46 38 11 84 17 111 115 107 48 19 75 108 106 33 40 16 42 106 74 37 1 
73 62 112 106 15 111 49 64 15 79 38 7 120 3 43 110 13 27 67 31 20 85 20 89 73 25 74 43 66 76 2 69 76 3 85 90 18 19 36 55 91 64 4 72 53 31 34 117 79 22 96 1 45 10 101 75 68 46 97 85 51 58 9 49 69 91 120 61 89 65 92 43 93 110 70 51 115 83 47 42 103 21 63 104 63 29 44 44 49 34 15 32 25 77 97 3 15 50 37 52 
63 1 13 57 108 79 57 73 100 118 104 86 6 51 71 5 11 62 117 102 18 12 13 10 113 94 23 49 42 82 32 56 94 24 93 2 61 19 114 13 104 22 114 26 57 43 99 5 17 114 70 119 79 61 9 11 70 52 30 80 12 96 74 64 49 99 39 14 87 108 6 29 111 96 1 70 42 69 4 63 77 28 37 2 89 108 10 79 94 17 91 32 51 47 61 108 57 42 90 96 
6 29 115 75 34 36 73 80 19 71 14 79 60 17 79 113 67 49 42 111 90 60 71 43 82 22 80 64 69 32 4 58 1 35 120 28 76 45 78 30 117 90 103 60 58 3 8 113 81 96 9 101 79 69 78 116 104 27 111 70 105 88 57 41 20 86 6 77 77 72 47 110 60 33 63 108 99 33 61 67 95 117 66 3 60 96 120 80 74 27 30 83 91 8 6 44 59 66 102 95 
120 67 32 79 43 74 29 9 43 73 81 5 58 10 40 89 115 84 7 65 77 1 48 42 67 33 44 68 68 21 39 89 57 66 3 34 113 33 25 61 28 27 20 12 95 17 105 79 52 108 25 28 117 54 5 5 67 72 56 37 34 17 7 49 6 47 99 96 105 62 117 110 33 75 109 86 116 84 62 103 109 14 108 54 120 116 72 5 72 55 43 76 119 85 67 37 24 64 100 16 
68 18 74 13 34 56 108 76 30 57 57 77 48 46 10 44 31 92 62 93 90 76 11 95 18 91 45 50 79 93 26 26 108 18 90 79 98 2 18 21 52 87 45 62 67 8 93 59 62 57 102 102 66 74 117 104 111 117 41 3 69 1 56 47 54 7 96 10 103 61 15 20 82 53 73 105 55 17 53 87 49 47 64 88 15 85 55 86 57 118 12 117 98 55 50 58 87 47 95 86 
74 102 81 5 112 63 47 99 31 37 51 87 95 15 92 75 52 100 76 23 120 28 47 37 59 119 90 52 92 40 54 68 39 66 68 16 114 46 21 33 1 66 86 56 4 24 90 33 45 95 92 113 21 81 50 17 34 78 87 95 19 13 77 102 57 98 19 32 66 37 110 70 8 100 72 93 104 24 77 98 24 34 25 21 120 23 66 68 62 33 66 69 63 5 78 66 76 114 77 117 
84 83 30 12 23 34 35 95 53 89 23 28 34 25 117 51 88 57 77 71 5 39 39 5 17 82 84 46 12 78 83 32 15 7 52 82 20 66 51 74 40 94 55 87 104 28 33 31 30 40 95 19 34 82 15 56 69 85 59 77 119 53 31 111 103 65 96 93 26 108 59 96 91 116 56 25 6 96 105 77 99 101 36 110 1 28 29 49 22 62 35 9 81 79 71 109 53 48 109 75 
12 102 51 69 80 19 65 80 10 109 84 110 5 72 37 19 59 120 28 95 70 11 36 67 103 46 36 66 35 46 107 11 82 35 5 16 111 35 94 81 115 38 109 36 23 71 120 93 120 97 76 52 113 45 101 106 103 96 29 29 16 18 96 97 99 81 85 101 94 65 5 78 77 114 60 6 75 53 39 41 92 63 82 58 110 115 85 49 6 107 56 23 23 69 1 1 55 65 99 102 
24 23 92 70 44 7 114 94 9 49 111 78 47 103 3 14 112 5 68 73 82 11 92 36 120 72 91 100 61 34 99 75 1 53 17 101 7 45 15 8 104 69 64 118 71 107 24 63 27 38 107 44 35 20 109 13 30 72 100 67 85 32 61 95 104 2 64 23 76 2 89 34 86 16 52 60 98 64 4 43 78 105 49 118 83 74 71 57 26 26 69 114 9 70 84 119 66 62 46 110 
97 113 69 116 15 82 19 58 65 90 99 34 53 47 116 29 64 57 62 87 43 43 53 98 79 49 117 100 98 90 91 41 109 13 16 109 22 47 72 40 54 41 92 107 95 109 33 76 63 97 42 85 87 26 76 59 20 8 110 51 26 67 87 61 117 67 2 2 51 10 82 46 85 5 31 89 20 110 41 73 9 114 102 99 21 66 11 29 110 74 77 107 78 95 115 41 104 23 31 35 
101 23 6 26 119 113 108 36 93 74 15 82 15 19 80 15 66 51 43 87 75 50 58 36 120 114 45 116 55 46 113 18 69 22 82 112 31 7 27 47 37 43 100 70 30 79 78 83 76 21 74 35 99 48 43 89 10 114 24 67 46 65 99 76 71 96 105 43 55 20 45 32 29 37 108 19 75 67 31 102 11 107 83 64 94 22 60 54 1 47 21 7 41 67 76 94 119 20 2 114 
102 20 37 40 114 57 68 1 41 82 109 26 110 13 62 66 118 14 91 28 47 57 113 80 117 45 61 57 5 70 114 8 61 26 112 115 22 76 99 56 15 110 20 62 79 104 94 43 119 33 50 117 23 73 110 87 105 15 85 19 21 56 60 10 34 80 74 14 76 105 11 101 62 88 9 75 28 45 49 35 74 16 90 53 22 120 89 33 89 22 104 98 40 73 6 5 8 15 96 105 
29 78 19 84 38 69 30 46 105 67 32 3 16 21 9 101 89 113 31 49 56 40 114 81 68 75 58 30 57 112 26 16 81 108 19 104 82 8 95 90 118 3 78 76 46 28 87 70 95 66 74 43 69 50 118 103 83 15 80 49 110 116 5 13 3 64 55 110 110 51 22 36 14 41 66 115 21 106 91 35 70 25 15 88 89 43 48 76 43 51 26 76 83 110 56 79 99 110 48 14 
31 53 74 105 26 37 102 108 103 59 82 16 2 50 94 120 60 85 93 12 63 113 53 37 100 50 48 95 33 70 15 96 95 111 71 6 37 12 41 110 40 89 66 74 44 113 75 108 109 84 68 66 118 14 105 15 27 62 113 5 81 91 33 47 19 66 107 65 116 112 15 103 26 54 40 21 53 109 41 81 84 90 74 13 9 15 12 42 106 41 48 61 54 117 120 103 20 77 39 42 
118 29 24 45 84 99 80 102 4 82 119 31 81 118 97 81 112 72 4 76 25 37 99 28 2 118 45 50 110 106 36 10 25 110 7 73 19 32 22 32 35 39 26 118 82 105 76 12 10 87 116 91 45 119 119 21 103 50 3 44 61 36 101 6 54 70 13 48 14 116 107 81 86 63 42 7 110 42 110 72 57 80 40 58 100 11 111 67 44 39 76 7 29 96 58 92 24 27 47 4 
35 92 49 94 62 71 99 84 90 39 84 105 23 5 44 9 22 64 77 42 20 61 112 11 31 74 57 80 16 79 91 36 67 64 11 63 119 89 37 117 114 41 117 102 44 9 39 115 28 17 84 49 87 24 70 104 53 26 95 22 93 12 70 47 82 12 36 101 28 118 1 68 5 2 117 99 86 31 65 42 111 21 46 33 68 49 105 67 61 7 26 58 106 43 57 56 60 86 16 53 
45 70 75 54 16 36 109 6 46 104 87 78 87 104 73 85 76 90 119 29 117 90 6 67 20 97 46 79 60 88 78 73 36 75 73 60 33 101 50 34 80 36 98 46 105 67 1 80 119 55 36 19 16 13 69 38 40 62 110 102 113 99 99 120 32 92 67 24 71 82 36 52 109 73 108 59 5 60 86 39 81 22 31 81 84 120 108 55 82 27 25 35 13 107 6 104 45 74 36 8 
98 72 57 107 40 19 4 65 106 85 111 20 37 102 104 11 82 33 116 61 39 74 12 99 20 119 41 67 95 64 17 8 77 111 1 7 11 38 109 64 113 79 89 23 56 118 67 103 60 82 77 31 87 87 88 55 40 97 50 110 57 90 96 83 6 5 83 38 108 13 64 25 116 39 64 1 107 67 95 37 57 20 47 93 57 103 78 65 55 49 92 36 65 64 92 71 1 107 102 120 
28 96 86 38 78 82 24 68 4 109 57 120 43 41 31 42 52 55 37 34 115 53 96 85 72 59 39 27 94 117 105 58 53 110 107 7 105 77 93 17 12 75 17 20 44 44 91 51 61 96 61 96 80 87 104 32 102 110 67 86 13 47 8 18 58 65 41 64 86 54 53 86 25 113 8 40 32 109 72 9 72 3 66 103 95 56 30 77 109 31 110 18 42 75 72 57 66 101 84 53 
10 13 119 26 90 120 96 117 11 58 74 53 79 3 24 24 48 114 64 10 120 33 45 1 19 89 28 68 2 96 96 23 72 77 74 22 34 120 75 87 103 80 105 83 19 19 111 26 20 120 26 103 25 33 74 2 66 2 70 64 56 7 41 80 76 58 120 25 85 67 42 22 70 99 30 29 6 40 107 117 76 38 97 39 42 75 1 26 81 108 6 81 74 58 84 21 77 16 80 105 
74 13 63 49 34 100 98 64 47 85 110 119 116 84 51 100 43 61 62 116 27 22 29 71 105 112 118 82 6 103 119 3 88 29 2 40 10 31 47 53 63 21 87 117 44 68 96 46 47 67 58 47 77 7 59 43 93 22 3 116 69 103 2 7 4 115 54 1 5 83 77 30 73 96 1 115 65 46 23 69 38 18 28 50 102 103 8 43 27 20 68 9 111 43 7 101 85 44 116 38 
69 71 80 55 49 54 83 26 83 78 7 7 57 41 7 31 106 78 30 35 120 65 1 21 10 32 52 105 97 20 73 41 10 35 1 75 109 64 3 32 83 76 74 44 39 104 119 14 43 10 100 11 103 92 115 77 106 10 91 102 41 86 56 109 14 28 5 80 41 76 42 82 47 46 88 20 108 17 92 22 32 95 100 25 91 39 58 120 101 69 48 49 116 108 46 86 16 105 60 54 
104 91 106 79 11 8 48 81 6 5 13 74 62 108 117 46 48 75 17 120 39 13 45 25 89 108 115 17 86 33 68 112 1 33 63 95 112 90 24 38 118 5 29 42 97 84 93 70 18 44 94 21 70 50 16 51 19 6 24 14 73 25 120 23 77 50 26 38 101 62 81 85 2 15 85 33 82 14 110 83 62 95 62 46 9 86 60 72 32 120 77 6 78 11 5 20 43 58 1 84 
101 83 69 111 39 39 106 15 101 75 48 62 79 54 7 8 32 56 43 113 49 63 39 40 79 37 4 48 4 108 112 76 68 119 67 69 106 77 56 111 97 51 77 6 70 92 5 65 35 101 72 83 12 29 105 117 14 82 109 93 100 3 13 92 91 16 40 81 38 28 50 56 4 23 100 52 27 77 31 115 109 9 43 20 15 64 61 90 16 97 96 5 30 34 92 94 101 82 22 111 
25 109 36 117 51 37 80 104 1 25 120 28 111 101 101 109 35 9 57 116 8 35 47 63 92 48 28 3 57 53 46 86 119 98 64 31 91 21 101 104 95 100 110 85 36 102 90 31 31 113 56 53 78 91 97 114 33 115 94 3 100 25 118 23 53 1 30 3 57 69 111 32 51 40 58 1 64 2 59 72 81 43 89 67 23 24 80 58 11 51 16 5 20 37 7 24 27 41 100 78 
61 107 52 110 24 53 46 21 67 97 28 95 52 47 112 23 108 84 24 1 96 111 61 93 7 119 15 117 104 108 56 22 88 68 72 75 60 77 69 64 116 48 14 106 30 79 97 51 64 28 15 59 36 114 108 47 3 77 45 85 26 99 92 74 28 93 49 49 79 38 101 8 98 116 19 49 38 58 37 50 115 93 71 41 65 110 79 119 67 23 94 110 103 73 66 89 78 14 76 2 
5 9 37 36 116 51 105 17 8 104 58 61 68 11 38 106 97 52 25 32 46 36 8 15 50 45 15 61 84 48 85 41 28 2 54 102 8 100 56 81 103 13 75 42 73 58 30 73 34 77 94 101 94 12 36 4 47 95 100 93 74 23 47 52 93 20 1 1 81 33 86 83 10 89 6 30 89 59 62 84 9 57 90 80 106 102 28 46 23 112 21 20 103 114 100 77 86 37 35 21 
20 111 5 9 20 20 71 42 9 22 77 41 50 52 50 104 13 80 87 69 46 50 53 17 71 97 65 16 34 30 26 80 3 84 72 17 13 29 90 95 77 40 55 62 102 38 86 23 63 104 104 18 66 35 95 67 20 17 33 20 4 21 52 23 116 13 59 73 48 19 112 44 20 94 67 46 86 2 9 2 88 96 47 57 22 2 92 69 58 21 111 73 49 37 48 107 115 77 9 114 
76 91 15 75 52 64 108 97 112 50 77 73 26 45 56 51 69 111 72 81 30 92 22 65 37 59 55 74 114 10 68 105 82 17 116 105 10 118 25 87 11 18 77 81 37 42 89 110 62 47 60 35 61 115 51 38 67 85 7 6 94 104 21 10 71 2 59 40 25 1 81 112 77 120 5 2 112 47 32 4 5 35 67 11 83 102 31 100 108 61 1 8 117 32 74 91 59 46 94 96 
96 44 83 111 65 83 87 87 26 73 91 72 34 5 107 52 84 72 16 13 103 61 66 94 18 92 78 82 13 64 59 57 47 94 40 50 120 28 39 38 39 103 96 72 16 117 68 49 73 12 6 105 115 50 47 113 70 59 99 82 33 117 44 48 62 43 108 36 28 33 113 98 93 101 61 83 70 85 85 6 87 14 29 23 102 98 40 55 52 52 39 99 79 36 53 117 111 15 114 23 
9 90 53 41 71 37 2 110 46 59 18 112 18 38 61 81 7 59 91 68 20 61 53 73 92 87 58 46 69 55 108 90 37 17 36 48 25 94 79 34 112 94 86 86 39 52 43 12 38 86 9 85 54 7 50 84 69 116 61 24 117 21 29 56 25 1 13 82 113 1 63 8 100 65 47 114 30 52 75 116 109 55 61 31 39 74 26 40 52 11 8 46 119 111 102 97 55 5 118 96 
39 52 117 67 31 116 68 59 39 84 115 110 75 46 58 23 74 24 65 24 93 85 31 11 88 75 37 102 79 55 26 105 12 77 115 57 52 34 114 115 24 95 50 17 8 18 61 88 65 49 101 68 72 29 88 20 73 14 86 14 118 29 79 96 37 100 35 93 23 75 87 79 61 1 14 22 92 111 80 54 23 120 118 96 6 96 104 86 112 32 23 91 34 43 10 41 94 94 101 78 
62 77 103 32 28 61 42 81 105 17 56 62 23 6 17 59 115 57 3 67 2 73 17 29 102 102 17 113 62 15 111 81 9 54 50 48 18 35 89 10 105 104 18 4 69 100 91 86 114 13 27 88 78 67 80 120 58 43 4 24 1 72 13 101 56 38 99 60 75 105 94 32 65 80 6 18 11 2 67 106 34 103 27 55 85 24 116 109 80 7 45 77 93 106 54 61 26 29 57 107 
39 28 28 97 25 77 95 119 104 16 77 47 55 116 26 83 103 49 116 14 49 71 95 51 49 96 109 82 10 94 21 83 74 1 66 20 20 100 90 57 15 47 111 107 116 87 115 84 15 4 106 9 67 36 37 34 88 40 72 11 31 54 79 78 46 68 43 101 13 27 38 72 64 97 33 71 61 51 85 86 116 88 79 18 11 56 96 70 82 8 55 4 78 104 58 71 114 81 66 49 
19 106 43 33 107 22 65 79 17 46 58 9 79 72 16 7 57 78 92 10 120 96 84 106 78 8 28 40 62 70 25 110 50 59 26 10 75 52 73 17 13 104 80 62 61 6 48 66 95 105 57 74 17 27 71 86 26 88 106 30 27 105 4 44 50 22 61 63 46 77 60 95 100 114 25 65 87 107 14 30 31 88 23 77 30 119 56 71 33 40 65 46 115 3 96 64 79 27 1 117 
66 53 25 102 76 55 92 26 43 12 49 15 68 7 73 120 94 117 65 70 74 85 90 4 40 59 29 108 96 26 74 26 66 46 48 55 60 88 42 14 82 92 85 62 44 45 5 95 31 63 71 39 28 29 1 43 96 97 18 106 44 92 5 93 55 9 59 68 103 70 71 105 108 38 3 29 81 19 90 82 80 118 105 46 84 110 43 24 25 49 9 38 37 22 86 91 51 63 97 43 
5 83 5 60 104 25 28 61 73 75 12 19 80 10 52 111 69 53 81 52 89 88 10 60 21 59 83 34 62 110 87 80 85 65 71 39 58 52 84 57 112 32 108 49 101 1 43 72 23 66 83 86 97 66 12 22 65 89 61 97 8 17 58 40 23 108 18 22 66 45 102 58 12 39 34 69 82 2 62 94 14 4 42 87 108 34 3 103 36 29 20 36 67 23 104 11 14 70 31 35 
12 30 115 81 52 23 45 86 115 24 115 93 76 20 37 71 3 98 92 20 58 21 103 61 88 20 115 7 104 19 88 60 58 26 10 75 103 45 43 111 110 7 98 12 116 99 6 42 71 36 102 98 104 101 34 66 69 6 100 22 90 24 116 10 93 15 43 11 41 33 100 3 8 4 38 119 20 41 102 40 3 89 43 61 58 92 107 52 25 5 88 80 114 20 93 26 76 53 57 99 
117 71 26 59 20 3 103 42 47 28 93 106 119 7 59 97 113 112 49 1 77 82 100 27 21 28 32 109 42 31 106 44 103 49 46 82 63 87 62 107 44 14 99 64 13 23 64 51 97 99 76 99 20 40 79 116 80 78 14 23 104 71 51 25 20 88 82 86 79 50 8 102 117 81 49 66 64 28 79 106 37 11 106 13 118 83 36 71 27 66 14 106 105 110 55 37 30 77 66 31 
56 16 38 112 7 32 12 89 34 4 106 104 113 109 65 61 18 103 17 63 109 38 72 74 56 58 68 20 17 94 6 68 85 107 15 40 37 61 7 44 34 45 43 108 43 101 75 44 2 42 74 81 103 76 61 113 112 110 71 94 33 90 20 51 63 95 51 64 117 51 79 12 47 76 5 113 50 117 70 75 23 87 36 17 63 22 52 79 21 25 115 14 73 29 76 64 23 74 28 62 
86 112 87 69 2 62 119 24 15 66 8 120 70 84 35 103 50 79 10 14 85 81 81 41 96 47 17 48 56 85 93 98 70 79 111 30 5 36 32 16 46 82 43 5 95 115 47 118 55 50 83 82 26 86 104 52 31 29 93 58 44 110 78 111 43 64 16 51 69 54 28 51 29 101 4 25 102 5 85 74 65 66 17 26 52 38 23 24 46 14 72 89 56 66 101 26 42 23 108 101 
97 73 59 93 109 70 83 41 24 12 37 113 74 38 103 118 44 91 110 2 21 22 75 118 6 72 14 17 48 20 53 18 29 97 92 92 117 66 111 41 43 27 13 10 77 20 46 9 3 74 43 37 18 76 37 48 115 12 40 96 56 32 98 79 36 73 97 68 36 71 89 72 83 13 18 43 40 52 98 53 91 45 66 105 74 64 39 1 99 15 73 27 117 69 92 52 7 10 59 33 
104 55 92 104 89 97 67 54 51 80 90 47 17 111 113 43 65 59 9 108 25 103 48 43 59 86 97 44 26 96 14 1 44 83 46 24 76 9 38 115 39 88 86 82 98 60 115 76 31 33 48 16 27 51 17 84 86 48 1 89 69 113 60 68 26 39 46 77 88 11 57 75 112 54 66 107 77 60 8 54 3 111 91 12 86 111 120 60 48 1 40 12 62 21 62 51 59 119 77 58 
7 73 12 33 22 20 9 39 108 89 73 119 13 46 62 14 2 7 110 28 34 108 105 104 21 92 32 50 21 25 52 114 120 117 46 107 32 111 79 46 71 114 47 44 44 77 51 67 90 30 7 102 12 19 91 67 41 91 89 11 25 60 20 2 90 7 77 39 83 49 61 82 78 30 15 85 39 3 36 2 4 87 91 94 54 34 44 81 3 30 37 64 98 8 53 63 51 59 12 71 
35 34 118 29 18 4 50 95 47 33 96 27 31 1 41 65 54 2 88 118 76 31 111 40 90 70 60 16 94 18 32 68 37 70 19 103 69 73 4 82 63 27 82 9 12 90 65 29 13 85 81 41 42 18 59 72 96 57 97 58 58 101 91 24 57 3 15 23 56 71 17 65 53 6 66 110 63 57 97 111 90 39 102 17 2 81 70 32 104 29 83 36 66 94 55 90 111 31 15 63 
80 81 91 87 30 73 88 51 61 61 28 10 24 105 102 84 47 15 30 4 85 110 108 63 15 91 101 14 16 79 99 93 51 90 39 19 62 87 74 55 24 58 17 51 22 19 65 61 50 7 101 19 104 107 120 48 116 120 41 35 5 66 79 68 28 78 93 39 53 87 4 116 39 41 37 92 54 27 19 86 3 65 17 47 72 98 115 11 32 103 50 62 30 38 69 65 19 72 94 13 
80 107 96 89 16 58 49 86 26 90 47 16 104 13 100 8 14 63 54 50 76 55 65 113 71 23 74 94 27 117 68 34 81 15 102 53 83 46 16 80 116 51 48 61 31 78 39 56 80 77 84 120 51 73 7 1 95 27 26 85 79 38 2 84 88 85 14 56 86 74 99 34 3 109 79 14 68 81 114 65 32 83 78 49 85 14 49 66 54 85 57 84 72 83 25 16 28 92 24 67 
91 8 2 62 98 114 61 9 13 106 76 9 114 4 99 87 84 11 20 101 40 72 54 81 102 120 55 19 119 95 38 39 60 91 64 24 59 27 43 34 82 75 19 101 115 113 39 66 30 19 117 105 57 56 58 64 45 23 54 118 23 65 95 20 54 21 15 4 80 82 76 34 45 103 105 65 18 7 119 22 93 93 23 96 115 114 61 94 101 49 55 57 21 108 11 83 92 51 76 10 
11 108 51 100 102 11 34 101 118 89 120 9 60 104 70 28 107 55 42 100 9 75 107 112 111 72 10 37 56 97 25 90 86 40 31 105 70 106 26 14 60 111 91 38 78 70 87 4 97 42 25 110 94 32 88 113 113 115 29 113 85 76 18 33 5 4 21 21 44 65 85 33 106 6 34 91 69 101 110 86 12 68 82 36 44 76 57 11 3 20 59 105 83 22 77 112 29 22 96 91 
20 42 92 58 85 31 96 27 42 108 103 24 6 21 29 4 69 43 78 72 65 21 42 35 115 44 11 108 16 72 42 97 5 72 94 7 31 28 27 70 89 113 73 70 18 50 98 108 81 32 119 91 24 27 105 4 89 120 111 118 99 97 7 109 29 14 13 37 11 85 114 11 25 22 59 63 58 37 84 52 24 79 19 18 98 59 64 67 19 78 42 120 22 80 23 42 92 44 109 28 
105 72 120 72 36 12 96 73 112 34 116 35 57 48 43 46 7 110 76 55 64 1 54 42 116 101 60 56 70 66 11 34 4 43 77 50 10 119 33 5 29 26 110 102 47 62 71 94 95 29 1 25 116 49 23 84 12 41 26 80 106 117 10 65 45 30 21 72 7 43 111 47 25 94 50 10 74 92 45 88 1 34 50 6 119 30 23 90 79 112 69 1 89 26 23 101 27 74 28 23 
28 51 52 59 56 107 41 51 84 59 33 53 30 69 9 14 16 52 38 60 104 32 17 82 76 68 38 18 47 15 53 72 81 72 47 97 95 117 91 68 116 116 36 17 66 14 89 21 66 59 13 49 41 103 48 22 4 68 16 110 21 67 35 93 113 10 119 59 71 100 56 101 13 58 32 118 61 114 35 101 116 79 110 119 8 87 51 96 30 3 1 77 7 26 15 28 49 107 29 14 
45 55 34 103 118 37 55 62 120 84 111 14 102 21 19 112 10 8 109 103 38 100 80 34 57 50 75 42 88 119 115 100 52 117 107 38 120 33 111 107 95 56 27 98 80 49 19 40 56 6 38 84 91 93 17 115 74 59 78 72 26 36 43 37 5 105 73 25 110 12 26 98 71 102 65 56 2 55 43 33 116 112 82 85 25 82 66 8 28 75 16 76 75 26 35 119 85 7 80 57 
77 94 18 1 17 3 89 69 15 93 100 111 118 2 97 95 5 120 77 45 86 27 80 97 46 30 108 64 26 16 60 31 107 97 10 21 15 56 39 13 79 3 119 13 70 21 9 76 15 42 50 30 97 41 8 22 107 28 72 6 102 52 69 13 31 70 40 17 119 118 16 45 94 96 90 51 65 96 85 76 94 32 22 73 115 58 26 52 111 70 34 55 73 1 33 38 51 51 80 20 
79 52 51 8 46 40 9 107 45 53 105 44 32 90 111 32 120 63 3 6 117 62 59 53 35 19 81 43 107 34 49 47 59 116 48 9 113 16 2 74 94 35 24 96 46 9 50 20 101 103 88 82 74 59 27 1 97 63 9 64 106 98 26 65 29 86 40 13 103 7 102 19 17 33 117 30 57 26 92 37 90 63 110 113 76 20 80 82 28 14 22 107 74 90 61 80 115 88 6 47 
68 114 23 28 102 109 12 2 40 27 20 67 9 114 60 72 97 103 108 68 60 72 56 80 101 99 104 13 119 52 95 58 63 35 41 29 117 11 93 15 67 37 46 68 38 73 24 48 101 51 15 67 81 73 56 37 70 7 26 72 97 110 60 8 12 32 72 79 51 15 111 66 71 80 50 9 75 48 26 24 39 9 45 63 48 24 108 7 69 116 99 113 51 59 76 115 73 113 106 13 
69 7 110 68 69 36 46 7 13 55 79 109 65 86 20 67 97 72 43 75 83 38 93 47 16 15 65 15 75 64 58 75 45 21 19 28 54 102 23 65 5 108 55 114 44 96 49 83 113 30 53 80 2 65 61 48 6 101 86 4 96 69 13 102 63 56 115 111 65 49 101 63 12 54 14 117 63 119 38 26 92 45 105 54 68 108 14 99 82 98 46 56 37 120 88 3 114 69 73 56 
6 33 62 85 77 48 44 100 6 48 78 97 25 58 39 17 20 21 88 46 52 12 33 6 120 103 67 36 96 25 92 11 69 14 25 96 35 73 7 80 6 38 105 29 24 85 11 30 70 22 56 60 58 36 89 118 14 111 40 119 76 113 33 53 41 103 48 96 91 113 99 106 37 116 16 23 96 75 12 47 32 19 93 69 90 97 116 31 119 57 71 83 85 91 42 72 86 49 116 49 
61 99 112 97 59 77 66 2 57 11 77 108 106 31 69 62 81 42 35 69 34 84 91 10 40 53 69 91 82 67 76 76 104 60 47 87 12 86 58 66 56 7 23 48 30 24 37 40 48 24 43 54 58 4 93 120 46 75 93 34 44 23 111 92 2 107 59 37 71 16 115 21 110 20 37 96 83 13 31 107 8 11 89 85 107 97 19 65 33 89 112 38 41 101 87 43 59 87 79 11 
75 113 58 77 68 31 83 77 109 116 85 5 115 30 73 60 102 77 20 15 63 96 88 80 18 39 43 94 95 2 109 90 38 11 16 89 54 60 71 36 74 75 117 94 118 13 16 1 98 111 102 73 21 60 108 61 77 37 105 114 90 106 17 10 69 21 77 28 24 106 75 103 76 99 75 96 82 7 41 66 76 78 71 61 27 119 9 98 46 26 104 73 98 39 82 108 49 103 10 66 
92 90 108 60 62 118 78 37 47 75 55 116 79 79 27 1 21 116 84 118 63 31 61 61 24 111 14 109 36 2 119 17 96 9 50 103 90 11 84 35 21 45 120 54 23 43 51 54 21 114 50 104 100 93 115 116 40 33 7 21 14 78 91 18 29 10 39 24 5 39 76 81 60 64 73 34 76 56 64 115 108 114 25 85 65 62 91 32 117 13 22 68 40 91 39 60 91 8 65 106 
6 51 114 15 46 88 24 72 5 74 15 65 33 65 63 34 72 36 82 120 67 47 8 29 118 112 8 15 30 64 11 84 51 86 67 20 61 68 111 64 76 96 71 54 119 74 114 54 50 91 107 92 92 1 72 108 14 72 106 112 66 16 8 47 58 56 4 37 67 32 91 10 33 90 48 55 75 80 25 116 57 111 97 1 2 44 114 26 52 47 25 78 95 47 120 103 71 111 27 87 
10 74 34 55 27 91 56 99 40 94 67 8 94 15 55 102 52 97 69 60 106 36 76 104 110 75 27 85 112 8 58 115 95 53 106 59 70 60 15 42 55 18 67 93 94 15 79 85 117 78 37 119 33 65 6 45 31 95 112 52 91 32 110 9 100 101 43 85 63 35 72 49 94 46 3 62 51 103 6 86 4 6 31 113 37 84 38 42 85 47 68 76 67 58 20 119 9 2 35 46 
68 102 19 31 55 118 6 7 103 18 83 42 48 118 17 102 94 53 30 100 114 108 22 93 41 45 6 61 26 48 78 101 58 48 11 29 83 10 34 43 25 113 11 58 93 52 38 84 4 99 74 55 87 88 82 3 32 19 11 110 101 95 115 25 40 55 112 48 8 60 79 7 73 18 84 77 61 78 56 76 32 79 65 64 89 99 19 28 40 50 36 18 58 80 106 100 1 27 53 25 
86 35 41 47 75 29 1 24 56 47 46 109 56 76 99 71 93 98 75 40 75 70 119 105 77 103 120 93 47 41 115 41 13 15 111 55 86 86 21 107 40 12 73 47 49 29 34 11 100 94 38 52 53 44 68 111 5 87 3 101 3 3 71 39 120 4 40 58 15 61 21 112 86 31 56 76 72 98 7 6 27 47 51 4 74 4 18 94 7 78 6 16 19 2 105 118 72 74 118 43 
111 87 47 110 79 78 18 118 120 36 25 115 36 22 9 54 65 26 116 8 26 32 43 93 32 113 89 37 22 53 15 100 52 13 53 8 95 28 63 32 1 91 112 76 19 14 40 66 94 16 75 50 92 116 25 101 46 49 118 34 58 36 96 44 19 37 44 23 36 52 95 55 5 105 87 14 118 47 21 97 49 97 26 56 8 80 103 116 55 91 72 65 88 29 77 13 91 104 79 2 
108 120 11 108 7 1 105 28 82 112 93 8 43 63 45 102 114 53 91 44 104 16 30 9 48 105 65 15 64 75 7 26 31 72 56 15 113 33 116 40 119 11 105 53 76 94 95 63 115 107 30 91 7 5 54 39 89 35 58 64 43 75 89 30 47 31 18 91 119 99 109 22 29 6 43 110 20 91 29 102 88 89 12 87 70 15 111 49 100 40 17 1 105 111 109 56 118 118 13 117 
30 106 104 47 59 32 41 82 30 32 93 43 76 93 3 70 111 86 84 18 35 6 45 102 5 105 62 16 7 113 17 24 80 10 11 54 40 62 58 99 120 13 45 49 63 53 50 70 62 49 13 95 71 52 36 65 27 91 73 7 109 112 98 26 7 116 64 10 76 94 120 57 42 61 42 32 30 90 36 22 61 6 103 106 27 67 70 93 21 101 102 40 8 13 57 13 53 120 66 11 
2 39 86 83 91 26 106 95 65 22 106 89 31 55 99 7 32 80 53 90 63 67 85 35 111 73 119 93 86 53 39 23 6 74 69 77 94 59 18 27 50 72 87 23 115 57 60 27 28 53 67 62 118 62 104 78 29 47 64 100 80 95 3 18 16 20 15 31 97 109 23 81 75 80 51 86 21 93 50 55 89 25 29 81 1 82 86 48 116 74 32 57 37 47 42 21 56 80 108 29 
42 87 77 97 113 22 22 84 87 86 66 3 58 34 49 20 20 12 52 85 91 21 27 10 117 82 101 10 17 60 85 1 79 78 21 91 107 5 58 78 1 117 59 116 93 38 79 21 29 73 36 118 59 24 116 77 110 62 1 3 100 24 116 111 36 5 37 25 95 76 117 100 64 86 65 84 5 14 100 79 92 1 9 40 26 43 39 102 36 24 3 51 17 62 10 65 41 73 89 112 
61 72 114 54 21 43 94 3 51 51 68 72 116 12 13 57 96 61 27 117 110 86 88 69 29 5 114 102 95 35 86 16 44 94 1 13 107 48 62 87 96 39 83 111 6 1 5 61 22 39 54 107 55 105 10 7 20 12 76 10 99 118 85 47 3 63 118 30 30 41 23 110 26 83 25 75 31 15 27 45 38 43 58 38 68 115 108 70 48 85 108 73 35 10 64 68 93 36 111 109 
33 95 32 48 106 68 111 26 17 79 13 27 17 115 54 104 23 58 12 72 29 44 42 79 29 4 7 11 114 12 80 112 36 81 33 56 90 50 35 86 49 47 101 57 41 95 95 65 61 93 32 82 67 54 113 63 105 66 4 60 7 46 27 73 120 78 114 82 65 78 81 66 26 74 45 77 48 56 42 105 50 23 26 58 89 109 81 106 62 112 4 58 115 90 53 50 71 73 105 95 
81 96 2 20 109 87 29 100 25 1 68 29 15 74 81 5 27 43 60 7 71 111 30 115 35 104 26 74 15 67 3 63 89 51 43 26 112 96 113 48 24 98 47 16 73 39 2 87 56 86 112 24 33 51 58 99 14 81 21 29 58 59 59 57 68 32 93 63 1 101 25 80 73 96 62 26 10 74 108 77 13 81 83 35 107 70 18 74 100 33 53 3 114 16 36 23 33 103 57 50 
120 36 26 47 65 91 106 45 11 65 66 36 104 44 36 66 73 25 7 69 96 108 120 70 47 42 24 82 31 29 70 71 83 36 63 96 24 33 8 62 100 21 26 26 61 21 41 119 60 47 66 118 102 96 116 51 25 90 30 21 97 109 111 18 23 66 62 25 6 117 64 113 104 91 103 52 63 23 54 114 7 10 79 112 13 11 63 64 59 7 36 54 21 45 17 3 71 29 33 22 
8 36 61 47 18 42 75 98 117 19 15 74 67 93 72 117 22 70 12 57 97 80 30 95 115 74 4 58 67 99 26 45 109 100 106 40 12 66 36 60 110 8 25 94 120 52 58 112 117 56 22 90 42 101 53 40 15 61 41 76 84 94 58 86 65 84 112 36 63 77 107 90 72 69 34 79 73 28 44 25 62 66 96 97 119 76 21 115 49 26 34 55 33 50 62 99 55 54 99 11 
75 8 23 119 13 111 51 70 76 70 107 71 79 53 8 5 111 33 36 35 12 84 84 73 50 63 56 52 89 107 73 97 55 62 118 11 69 112 63 99 35 78 55 85 40 106 43 16 107 86 29 48 36 95 13 49 111 84 3 89 89 109 48 6 102 2 61 64 59 97 26 60 91 94 96 46 67 5 88 78 91 51 91 33 26 12 72 20 6 10 96 106 47 2 117 114 60 25 23 86 
72 109 77 64 113 24 71 117 47 35 41 21 112 14 78 76 33 28 14 7 76 99 103 83 45 8 99 84 87 35 25 53 32 2 59 117 4 53 60 42 24 70 20 55 27 59 59 47 15 1 114 92 63 1 55 95 40 108 10 20 40 4 7 73 80 79 74 2 27 117 80 33 26 67 109 14 11 30 38 61 85 50 54 88 64 60 71 90 23 112 29 3 119 75 98 70 57 22 34 102 
40 115 37 56 27 50 76 1 93 59 113 44 19 93 54 6 28 97 91 36 115 31 99 112 7 75 73 34 97 95 23 42 113 94 38 45 4 100 6 26 30 19 117 75 25 93 38 111 103 68 30 89 67 36 47 15 54 54 85 31 95 46 112 1 9 45 62 45 105 81 75 71 86 22 89 11 112 103 4 117 67 14 46 107 46 33 100 102 2 108 90 65 89 87 76 65 103 23 27 82 
