121
31 36 48 98 106 13 47 57 53 10 28 27 72 9 85 47 111 96 113 91 21 71 41 105 98 3 111 64 49 23 65 87 32 59 64 40 64 84 22 107 94 33 78 109 72 72 106 52 79 34 5 118 106 41 51 113 90 105 28 61 57 58 19 49 71 18 33 43 21 26 1 54 91 97 64 84 113 95 115 26 63 40 67 88 120 109 99 48 30 82 98 56 70 79 94 89 36 28 46 107 90 12 25 92 8 8 104 88 115 4 1 39 74 91 91 1 111 10 108 26 28 
40 95 36 91 89 119 120 10 94 59 106 110 72 36 16 75 18 69 22 44 96 36 72 70 90 95 30 116 95 74 95 75 8 80 33 68 29 104 115 89 70 37 75 100 88 71 9 3 51 120 48 68 73 79 63 39 56 102 96 108 28 15 67 67 68 106 104 13 87 18 63 116 79 20 59 21 70 11 24 93 89 9 111 17 39 1 62 90 55 5 112 35 2 98 76 24 49 49 24 72 59 48 77 93 97 84 69 8 83 59 6 91 92 83 64 41 41 5 110 2 11 
76 45 96 82 10 36 63 20 54 96 115 31 61 58 10 96 25 87 27 49 10 118 3 116 101 87 84 12 11 105 94 38 59 100 111 113 12 116 102 31 54 60 114 102 103 95 28 89 41 58 76 48 98 96 4 37 32 78 70 49 118 52 17 110 117 116 54 15 61 44 70 80 22 117 93 83 72 64 107 7 7 81 93 46 120 35 60 23 116 62 108 76 85 75 98 84 111 56 5 79 65 105 19 86 21 34 27 101 100 61 57 72 98 93 51 52 77 118 102 116 6 
15 104 94 98 113 120 97 90 53 101 71 64 28 55 79 114 8 10 72 5 22 57 116 49 45 20 15 65 98 45 66 72 15 119 2 48 51 10 49 117 20 100 99 89 110 24 51 106 106 101 43 59 120 6 34 25 66 19 68 39 48 46 89 43 27 78 108 8 30 25 83 59 113 89 13 54 92 30 18 50 67 31 81 1 43 21 61 81 70 47 6 54 15 91 27 79 53 76 30 58 79 14 100 118 77 30 48 101 114 49 25 88 99 105 66 18 42 30 88 52 62 
68 13 18 55 119 56 95 104 64 115 92 115 79 73 2 36 21 119 8 32 12 22 6 61 14 52 88 81 41 110 102 8 80 89 83 107 57 110 88 62 59 29 77 103 15 32 48 105 118 23 63 116 118 60 11 97 61 55 102 113 9 90 45 94 22 3 48 59 103 13 90 17 78 64 111 26 38 15 43 93 74 81 102 40 82 104 72 47 51 102 107 33 80 63 45 17 90 11 9 66 59 54 67 106 26 92 98 6 32 30 24 60 10 103 12 33 51 98 14 50 102 
87 85 27 64 71 40 18 91 89 30 102 80 81 116 113 81 29 75 36 30 4 105 92 61 46 95 10 78 28 3 68 101 52 19 1 107 114 87 45 71 96 57 24 95 11 117 85 116 42 46 57 100 80 107 37 4 33 15 74 114 18 35 14 31 113 8 116 65 10 54 89 107 50 14 5 114 26 9 92 7 39 96 50 50 73 4 57 55 53 79 98 50 45 118 10 48 58 39 50 84 106 94 41 113 53 77 64 88 34 27 16 10 66 117 99 48 58 31 23 19 29 
109 23 12 72 17 45 63 82 82 112 43 7 46 78 14 1 96 59 25 62 59 62 118 80 115 2 88 32 34 64 15 52 57 119 89 19 88 119 112 47 34 28 56 17 77 26 73 85 48 48 41 53 115 26 107 96 77 14 108 10 97 89 34 100 44 24 89 76 81 81 112 72 4 15 9 64 30 20 48 52 39 77 102 16 40 51 73 66 74 101 76 103 45 49 21 62 74 15 98 56 85 110 101 29 20 91 6 83 94 11 69 103 97 54 56 11 89 73 66 9 27 
43 91 28 90 17 17 19 118 16 103 88 83 88 94 119 25 69 4 63 73 118 76 112 35 78 58 12 51 103 88 73 93 111 22 100 73 99 51 28 26 100 113 111 60 77 71 81 105 107 87 75 108 31 5 52 61 44 106 65 90 21 61 55 84 45 29 109 49 115 119 27 29 50 112 87 119 45 64 108 58 26 41 87 78 96 101 111 57 2 37 34 93 7 71 38 71 80 100 32 119 53 81 30 89 26 76 48 54 13 65 11 80 15 97 41 30 103 78 21 71 42 
120 118 76 10 46 12 74 73 73 52 65 65 117 110 40 105 77 61 103 113 68 43 90 48 113 21 34 63 50 13 43 31 15 44 79 104 1 50 110 65 98 79 6 108 61 47 64 93 120 96 3 49 10 38 88 4 17 8 83 97 40 95 44 108 120 55 60 15 27 48 3 55 37 16 65 105 54 86 70 69 96 20 119 13 28 77 39 19 38 56 42 8 1 107 102 89 18 81 3 49 104 24 102 104 16 60 77 17 111 33 34 51 35 37 81 42 91 99 107 23 99 
52 97 88 100 2 82 55 43 101 113 103 25 90 74 59 80 87 44 88 47 64 115 19 33 34 57 61 64 67 91 92 103 74 41 112 8 66 29 17 54 109 7 63 90 61 45 113 19 29 89 70 6 15 96 7 102 109 105 28 25 79 78 6 79 11 22 79 95 15 16 95 93 8 97 16 9 72 32 83 83 30 113 39 39 21 7 91 104 6 76 92 63 29 87 7 66 60 10 19 46 116 115 19 97 83 102 23 79 78 48 10 107 104 40 112 26 25 47 29 120 85 
90 73 113 84 26 63 5 33 107 64 71 65 57 52 86 53 16 10 67 8 38 66 49 77 105 20 6 93 88 13 43 81 76 40 83 102 7 14 44 100 82 41 100 68 5 85 66 26 84 46 26 61 119 89 34 105 60 23 31 75 75 81 45 94 117 16 3 13 52 66 74 101 16 69 76 41 99 117 46 34 25 1 89 119 33 25 44 8 118 9 3 17 55 58 108 47 12 77 4 92 120 59 34 47 61 27 23 17 44 113 68 51 30 22 46 81 76 105 119 87 99 
97 80 8 100 61 76 42 28 84 21 75 46 41 89 12 102 115 83 63 18 68 14 97 87 96 113 100 80 117 50 48 9 116 61 25 114 44 9 115 120 81 41 84 100 2 37 100 25 50 117 98 77 67 116 116 91 17 18 74 45 42 11 60 32 64 100 112 70 92 73 104 93 100 46 64 4 35 91 79 96 96 26 73 113 101 106 57 78 70 82 101 83 83 85 49 96 111 99 24 103 22 73 83 44 87 39 116 116 116 84 11 88 73 73 29 71 118 54 48 63 32 
72 118 47 75 94 35 3 24 118 98 86 34 85 76 3 95 81 24 73 61 94 14 104 19 75 48 81 63 72 73 111 101 113 1 54 12 11 44 3 119 24 117 78 5 52 63 20 98 52 107 45 102 22 117 27 16 13 41 51 37 109 34 44 105 83 90 62 60 17 115 99 95 12 66 71 8 114 93 95 58 54 109 3 63 53 47 30 95 69 105 22 24 74 78 15 36 101 120 102 35 96 119 15 78 6 83 109 49 76 60 100 17 24 1 86 25 42 80 83 11 33 
57 120 33 50 106 25 51 54 74 116 75 59 13 55 77 1 18 27 111 93 105 87 77 5 85 50 60 60 89 31 72 70 94 21 38 37 20 85 91 85 77 80 96 117 98 47 81 79 11 22 44 42 58 26 7 112 54 103 59 83 80 27 57 13 47 91 3 40 100 96 112 29 22 61 62 47 86 46 36 63 70 52 67 75 84 88 52 37 99 25 81 112 22 23 33 117 66 103 60 97 106 36 57 117 101 45 1 2 33 30 110 108 40 91 66 84 95 67 58 82 43 
24 117 12 14 23 57 101 58 112 84 43 28 108 79 43 114 101 114 73 59 22 28 48 50 95 16 104 102 21 56 15 23 118 70 59 82 111 66 72 28 76 10 106 41 59 63 68 100 90 72 80 38 93 59 115 109 39 10 57 37 88 113 24 57 109 97 75 80 9 5 11 75 1 69 72 49 12 111 10 99 31 109 20 97 53 47 73 100 54 80 5 51 79 29 48 51 35 50 50 24 19 7 89 67 83 52 67 39 4 41 97 80 76 52 84 20 86 17 98 24 97 
53 18 80 77 12 84 30 30 113 73 45 120 13 53 45 16 81 43 103 111 33 28 60 59 69 58 92 36 90 6 16 75 83 61 29 26 14 13 74 46 87 34 75 15 42 11 47 6 27 113 75 106 52 5 13 99 19 83 31 2 39 56 80 101 97 96 97 65 72 103 21 33 19 38 82 45 60 87 3 59 50 32 71 68 111 64 29 82 80 110 81 78 55 80 69 91 103 110 58 112 69 97 73 41 100 29 3 3 40 27 45 15 8 101 41 47 16 95 119 27 103 
6 42 66 31 25 52 92 32 88 22 42 54 117 13 10 13 110 40 99 89 45 43 91 72 115 95 23 71 39 69 65 58 72 3 70 120 65 5 26 102 61 38 104 41 53 70 23 48 36 80 72 64 2 54 118 40 37 41 86 52 102 65 75 83 56 120 41 2 61 69 89 108 36 99 76 65 99 28 40 99 54 4 9 12 55 52 27 23 32 48 59 82 54 13 31 2 44 89 41 21 79 83 105 50 30 55 66 94 23 77 57 98 112 31 79 45 62 109 78 89 74 
73 68 113 44 46 50 29 14 83 30 115 19 101 4 100 63 96 100 66 17 10 29 48 10 25 77 102 63 23 37 59 6 39 44 67 74 46 76 91 26 70 48 43 48 112 68 16 77 48 98 120 87 49 37 41 33 70 13 81 91 88 61 32 43 36 105 15 21 64 46 77 99 40 53 32 28 15 109 45 26 61 95 34 107 9 110 81 51 91 48 65 39 43 5 99 48 73 73 70 25 102 93 105 48 12 94 83 24 112 27 104 31 93 9 95 91 23 66 2 80 84 
46 1 18 117 35 67 43 56 99 3 101 30 29 53 103 107 46 51 11 95 20 71 34 103 98 76 64 98 115 55 2 70 67 92 25 60 97 64 7 99 5 37 17 54 46 25 84 18 71 101 114 36 92 40 94 95 98 65 106 61 27 103 95 43 26 115 65 1 5 7 2 16 109 36 54 115 83 106 73 81 8 73 94 119 29 28 42 29 118 54 68 68 28 20 94 23 1 55 53 96 106 90 117 19 106 112 84 5 88 54 8 47 57 36 88 113 115 93 56 91 38 
117 79 90 69 63 72 17 97 9 94 109 84 26 112 81 77 115 114 111 2 4 69 33 95 10 20 56 86 93 61 102 33 60 86 112 89 44 118 55 25 83 54 28 15 84 32 106 64 28 45 45 100 81 11 117 63 1 16 80 94 107 5 25 25 15 84 40 100 44 79 47 91 94 31 87 104 112 93 70 99 116 3 86 1 63 51 81 58 82 21 90 16 8 53 93 1 12 76 103 24 80 82 114 18 75 65 23 92 74 8 97 79 34 28 51 6 75 49 117 117 28 
52 32 27 83 27 53 74 1 52 53 70 92 59 21 64 48 1 25 33 96 59 106 50 52 45 91 13 59 21 115 36 23 36 1 103 28 37 63 74 112 110 120 17 114 108 5 66 11 47 39 1 111 25 99 48 45 4 99 72 101 45 100 110 88 70 1 51 14 25 89 37 101 25 69 43 1 67 109 23 81 97 105 13 37 35 27 20 6 50 90 59 117 108 20 55 1 18 27 21 36 38 100 4 32 108 62 7 116 64 106 96 14 27 29 48 54 59 67 1 69 6 
98 20 1 60 76 85 59 90 96 25 29 12 7 92 7 8 59 31 18 75 54 78 16 30 27 11 109 17 24 96 9 68 38 51 113 120 102 17 116 114 32 53 24 110 28 10 22 44 50 13 109 98 10 54 114 119 14 92 56 6 27 67 101 111 117 8 96 115 28 59 83 80 61 112 82 42 39 66 111 103 116 35 30 104 77 28 66 96 109 47 48 54 89 38 97 30 101 113 18 43 22 106 53 14 58 11 72 79 33 42 85 66 101 101 85 119 60 70 52 104 30 
98 81 116 60 21 72 68 88 108 101 114 120 23 99 1 70 41 74 102 94 22 28 1 41 81 66 39 43 10 14 23 24 4 58 97 36 70 110 116 113 101 46 63 23 90 80 15 34 35 83 56 80 101 20 109 91 3 77 11 107 22 87 33 12 97 21 3 55 108 25 24 65 99 74 60 77 58 70 94 32 41 111 35 106 16 22 94 65 46 99 95 6 24 81 52 97 65 4 52 120 80 91 4 31 88 12 2 30 25 61 110 63 81 14 64 46 73 64 18 44 109 
20 46 38 75 6 56 117 69 55 5 16 75 80 16 44 64 74 90 12 111 100 4 21 13 27 42 116 97 78 35 17 102 11 112 44 115 39 47 34 22 40 106 60 120 118 86 33 66 108 94 72 41 118 2 113 117 101 66 77 62 117 42 59 9 85 48 120 50 52 115 107 49 59 54 88 104 17 57 88 95 43 101 50 60 86 19 101 74 43 36 67 108 10 67 109 83 72 35 114 49 62 8 51 34 90 114 6 39 18 103 76 60 28 69 92 34 106 106 6 2 97 
118 94 86 19 46 25 82 60 25 30 64 6 12 43 44 50 64 100 46 55 54 91 35 8 54 40 75 105 8 120 38 87 41 24 74 60 25 23 43 76 37 116 28 63 12 4 77 94 102 27 9 24 47 20 98 30 60 39 95 26 117 65 44 84 91 28 25 106 75 100 82 78 113 116 68 29 62 76 74 23 32 95 49 116 80 15 73 46 18 105 54 42 101 41 8 5 72 42 5 33 40 12 21 106 64 102 19 99 103 34 60 111 25 69 49 56 116 23 64 27 39 
50 31 115 15 39 18 112 84 113 87 104 50 30 47 29 22 51 55 10 18 4 16 21 95 64 96 30 87 55 103 43 92 97 26 34 62 16 5 39 104 31 50 108 55 39 90 114 54 12 8 108 105 72 84 29 50 68 21 101 109 9 51 12 25 95 65 56 70 120 114 109 102 25 72 58 27 102 39 80 68 72 82 39 63 24 106 31 112 1 62 42 88 107 5 85 72 41 107 27 21 71 67 98 68 36 99 99 109 48 84 92 47 77 70 32 43 62 94 105 20 20 
44 113 49 30 49 73 33 1 8 112 45 108 30 86 79 23 48 16 56 94 49 60 91 15 66 91 79 119 80 46 51 116 13 62 21 27 102 113 74 86 105 104 83 46 84 33 8 9 47 42 46 81 47 84 65 64 11 68 110 100 8 61 89 52 3 119 57 95 49 10 95 11 113 58 36 89 18 36 25 45 105 52 41 104 43 28 97 76 17 73 31 80 87 103 113 117 56 32 44 80 16 14 91 91 119 61 26 45 43 43 64 13 66 69 117 35 2 31 74 116 91 
96 12 7 91 15 112 67 49 2 1 37 34 38 118 75 91 86 73 56 23 97 108 83 12 92 105 89 39 51 56 44 87 65 71 12 99 105 36 111 90 72 6 34 114 27 6 25 59 51 105 92 118 89 100 11 104 104 26 19 75 65 120 98 14 30 23 35 107 77 17 88 56 119 93 36 117 38 84 43 96 105 12 43 105 23 75 9 17 78 48 47 20 17 72 96 55 36 62 106 87 58 49 15 60 87 110 15 107 88 81 83 37 1 30 80 18 110 43 39 107 47 
88 115 92 1 11 23 37 28 93 23 114 7 43 88 49 113 25 37 88 105 107 17 82 106 68 57 5 63 119 41 111 101 27 97 1 34 21 64 39 22 49 76 83 101 78 64 107 114 13 86 47 37 118 40 83 78 8 15 96 68 75 108 60 63 28 4 10 73 112 25 24 67 19 26 97 55 116 79 11 54 8 51 63 43 78 29 92 42 118 40 101 8 77 2 17 59 2 90 5 92 19 119 45 14 38 117 28 87 75 65 32 89 22 34 110 11 101 43 117 9 94 
36 50 69 32 63 2 112 39 112 33 88 55 60 29 71 75 3 38 39 91 19 17 66 21 80 31 22 79 100 107 103 77 1 55 55 55 52 88 27 75 19 91 13 76 96 39 112 45 115 111 14 119 90 81 84 28 2 13 30 86 61 19 13 81 97 86 65 43 44 97 68 94 41 43 53 39 69 71 44 46 107 75 65 73 99 17 103 81 22 104 92 47 67 48 78 85 6 42 35 62 26 41 53 18 72 76 106 82 84 107 60 98 101 95 105 95 50 69 106 17 4 
114 34 25 47 42 13 69 26 110 108 82 58 13 120 14 7 50 104 61 67 6 95 71 19 13 11 120 41 65 10 104 5 78 85 109 59 36 48 57 32 77 31 38 93 43 83 49 76 117 55 18 94 47 81 107 105 94 78 75 49 8 30 107 86 115 77 73 104 26 12 36 25 73 6 27 15 91 56 67 75 74 19 88 84 19 20 95 97 85 20 38 13 115 38 109 86 22 39 59 50 25 115 85 45 1 11 84 118 65 1 33 93 89 91 90 17 90 31 114 84 92 
88 92 85 53 22 58 87 24 25 37 39 81 36 5 72 47 108 71 21 86 9 113 100 20 9 81 113 5 34 39 29 8 64 40 90 103 52 96 26 39 62 69 38 60 56 20 96 51 42 78 111 73 90 34 65 75 40 1 13 47 84 66 93 82 79 52 111 36 74 2 89 54 100 81 17 75 25 98 92 59 52 118 72 85 98 41 115 10 81 99 32 34 76 29 119 102 75 59 33 62 53 110 95 14 29 115 24 105 100 22 37 59 108 60 104 83 58 57 42 38 31 
20 15 23 6 65 107 50 115 25 80 55 37 70 57 54 60 17 73 2 55 6 12 63 109 19 100 23 26 64 1 16 68 96 12 55 66 92 26 96 97 51 38 20 4 31 51 91 57 88 3 34 55 81 26 72 18 114 4 94 81 67 12 38 32 56 46 37 68 74 73 8 106 58 114 118 47 69 55 1 77 6 20 104 50 1 4 114 16 12 119 63 113 30 44 112 54 100 70 25 24 23 19 8 23 75 1 3 63 90 96 51 102 73 38 72 107 23 64 103 86 11 
17 65 95 86 80 93 43 11 100 117 16 118 22 49 99 98 99 19 41 115 34 106 92 50 26 37 41 14 6 15 105 55 119 2 55 90 65 29 25 11 96 78 20 64 74 10 5 109 110 47 30 55 8 67 103 92 52 64 84 28 51 29 38 97 109 11 105 94 60 33 46 37 93 110 120 34 78 32 10 35 77 100 41 12 89 120 96 24 24 72 17 112 42 35 50 16 91 53 107 7 69 8 6 66 79 5 112 22 19 70 102 118 99 23 102 86 74 64 48 99 90 
21 51 38 2 95 40 83 88 45 99 100 14 26 113 39 62 21 14 2 23 107 66 28 10 109 40 114 83 26 53 114 91 46 23 115 62 11 23 49 87 43 25 22 19 76 82 54 87 6 103 117 2 102 78 57 113 7 111 27 13 46 88 47 15 71 67 24 106 39 100 114 118 66 17 8 54 83 101 8 14 19 91 90 115 118 45 24 26 112 80 60 78 29 61 79 5 95 30 66 25 105 24 73 101 77 94 83 93 85 118 7 109 74 107 87 74 44 35 114 62 88 
46 59 32 43 15 7 33 114 103 12 74 78 61 56 118 93 5 81 67 23 85 96 76 96 110 50 13 95 15 14 21 110 100 46 84 88 41 97 3 57 5 16 96 17 73 109 80 107 74 37 29 57 42 75 76 62 3 27 83 49 109 17 68 102 49 111 64 58 68 110 81 36 21 55 98 14 8 51 117 109 18 80 104 65 106 112 24 54 36 22 93 74 64 5 116 90 3 87 83 11 47 54 67 92 63 102 22 120 76 44 76 65 92 99 91 13 99 74 14 4 43 
74 8 10 94 111 46 33 35 87 32 32 101 72 48 30 110 42 49 71 14 69 103 7 81 25 79 58 65 67 116 2 8 25 85 2 17 108 50 109 88 86 84 30 104 114 57 88 8 81 76 103 101 16 52 56 89 75 76 105 90 7 39 60 21 8 84 48 27 54 49 117 120 60 70 68 113 93 55 29 13 9 52 40 37 55 91 75 18 36 34 63 73 60 108 9 77 111 109 19 40 19 53 116 58 52 7 52 53 47 117 86 31 61 85 42 27 70 90 4 11 90 
15 90 63 33 66 92 8 117 79 62 34 105 111 20 38 6 102 90 106 103 38 73 35 54 18 23 49 68 59 24 20 13 69 72 112 51 77 100 113 41 40 26 42 117 16 31 63 13 87 114 70 42 90 44 112 106 106 101 105 26 114 5 54 117 52 88 102 12 6 7 27 100 39 95 83 9 99 27 61 115 61 115 107 106 74 103 29 69 114 99 44 55 103 87 113 82 102 59 90 33 22 21 74 38 43 113 111 2 62 73 89 29 92 89 49 92 86 2 94 77 72 
57 73 21 52 27 23 119 88 70 98 94 5 86 46 22 94 67 96 24 114 37 82 85 34 57 52 45 44 63 21 47 35 47 101 71 94 26 77 49 102 71 49 58 1 12 35 70 84 117 31 29 96 31 37 93 58 7 103 45 71 96 37 12 69 83 44 50 54 120 106 75 35 18 45 73 70 20 18 111 39 41 56 56 21 40 83 106 85 48 72 58 41 79 79 2 58 33 98 24 66 53 8 65 25 101 33 93 27 49 57 102 9 36 25 108 34 45 112 26 23 101 
36 18 77 89 79 114 35 9 40 61 115 120 43 18 119 45 86 6 56 40 112 61 61 99 72 61 39 61 53 85 75 116 36 76 116 103 19 69 90 94 113 39 62 77 115 79 113 16 79 93 103 103 116 109 42 17 36 87 107 87 28 90 64 52 35 85 51 93 86 118 22 75 32 120 102 32 23 63 24 60 90 19 79 120 36 115 17 27 26 10 8 116 80 103 31 5 110 34 67 61 51 74 66 35 5 23 52 23 113 27 48 69 7 73 111 16 73 38 8 76 67 
73 116 71 38 50 18 37 83 112 55 45 33 114 27 43 44 102 68 42 110 95 89 101 53 119 45 4 45 78 64 107 57 59 15 78 116 81 95 119 102 22 22 105 51 109 28 38 60 73 35 105 76 16 41 104 101 3 79 112 67 100 5 116 81 75 40 2 104 69 115 64 81 16 102 113 54 110 46 57 98 49 49 25 87 95 62 71 9 57 23 28 31 67 98 28 47 81 71 71 67 25 63 115 3 74 60 20 72 50 12 57 70 54 31 9 51 46 97 77 18 96 
28 68 44 98 99 68 87 59 36 15 75 28 41 104 56 77 35 95 4 99 49 28 99 51 81 52 113 106 62 98 3 13 100 31 88 115 13 71 62 30 75 81 34 38 9 56 66 21 112 84 77 114 29 82 9 56 31 57 62 21 83 41 97 59 47 77 68 51 30 69 61 113 12 11 23 84 108 47 18 89 37 77 25 15 40 5 51 69 27 82 76 85 86 75 55 54 91 104 102 86 75 105 2 113 74 86 46 59 27 111 61 45 29 15 16 29 74 86 114 54 75 
35 64 101 63 68 100 15 13 104 24 43 17 76 116 92 108 31 93 110 79 75 73 102 90 32 44 12 42 78 9 84 17 36 79 94 52 82 27 52 80 65 65 47 108 77 89 117 82 38 27 9 88 47 99 94 34 52 84 78 81 57 67 15 13 43 39 104 24 114 52 113 49 20 1 33 89 57 77 39 20 75 54 46 30 48 57 87 50 7 89 56 32 114 81 46 8 23 9 109 24 48 12 84 41 84 94 53 46 111 17 65 9 108 99 90 17 93 90 67 55 43 
71 104 101 78 57 30 72 50 37 101 27 91 60 84 103 20 38 63 87 92 60 34 43 94 52 40 69 55 33 49 109 110 22 22 34 100 90 82 73 120 27 24 107 19 72 108 35 48 68 1 24 106 117 109 33 55 93 43 9 117 82 8 22 106 17 48 118 99 7 75 88 44 53 58 38 117 22 19 40 18 96 7 48 8 99 51 26 94 31 80 105 63 100 9 55 48 17 69 76 80 55 83 42 119 119 34 12 72 37 68 40 38 26 27 15 31 64 66 1 51 21 
109 16 38 25 117 92 106 17 53 60 20 85 79 63 58 112 79 54 79 50 6 57 106 19 86 59 76 79 100 39 84 9 100 89 118 7 57 67 106 28 61 64 52 106 45 87 39 35 59 109 33 56 50 79 52 27 61 91 47 52 36 46 54 53 1 110 31 67 67 37 102 89 39 13 52 2 88 68 106 25 25 26 77 8 90 75 36 119 31 41 4 25 116 9 102 31 26 67 96 19 44 88 116 120 11 17 60 58 28 48 61 30 3 111 99 75 46 118 83 78 63 
9 31 68 56 47 110 88 67 118 104 72 64 94 39 47 97 63 41 8 119 46 75 110 11 104 69 93 77 11 34 59 73 36 79 27 66 66 14 25 79 26 21 89 60 6 95 3 46 43 61 10 116 78 99 40 77 26 59 2 63 13 108 105 16 73 29 14 29 19 69 54 113 49 8 90 45 115 9 62 77 42 90 89 71 52 69 44 39 9 113 14 8 23 49 31 27 61 11 70 27 85 13 111 5 1 86 40 50 11 27 93 9 22 48 62 5 17 15 100 72 87 
109 66 119 38 13 113 119 120 51 31 107 75 120 8 88 46 3 118 2 50 108 80 20 71 103 58 80 60 52 50 58 69 54 21 84 17 70 81 61 48 77 117 108 33 108 42 78 8 4 102 8 51 87 87 56 107 28 32 40 120 108 34 53 83 55 116 56 24 102 110 17 15 79 50 55 34 85 52 68 14 47 78 13 117 89 40 105 69 66 89 5 21 48 47 11 29 73 48 30 102 36 72 43 103 6 36 11 16 116 56 20 70 57 78 53 102 103 14 90 72 93 
92 72 117 112 80 40 74 50 54 8 34 88 40 118 62 80 29 25 11 9 20 25 91 35 19 31 67 21 95 56 56 53 49 69 30 26 41 60 89 19 64 114 76 112 35 15 95 93 13 79 74 112 21 78 27 95 52 45 17 86 77 56 13 25 2 90 8 8 11 30 58 4 20 76 80 115 70 23 19 9 10 30 92 40 52 95 3 38 26 77 27 58 18 2 24 20 48 118 48 49 31 20 85 65 9 75 9 61 96 93 110 83 37 79 42 56 86 53 8 62 84 
49 115 103 75 25 72 49 65 72 96 58 94 69 56 46 73 49 89 5 32 63 81 66 63 61 98 94 37 110 94 18 111 70 96 62 63 107 96 38 12 20 3 85 93 97 82 14 48 12 109 91 19 113 103 16 19 23 42 113 20 95 98 13 84 96 94 70 87 46 100 110 59 104 95 19 24 63 74 111 32 68 19 65 76 80 3 109 38 98 40 80 77 54 7 92 58 60 15 116 24 105 19 111 1 105 32 46 45 102 82 5 37 26 38 47 93 47 14 20 8 81 
107 87 22 37 100 55 51 49 116 111 3 98 63 38 70 38 54 40 78 1 68 22 116 32 63 78 27 22 40 39 62 114 45 37 119 83 49 117 24 5 35 111 101 15 58 24 76 109 114 39 97 88 47 42 32 89 40 88 86 48 89 65 97 112 120 22 11 59 8 42 31 13 20 97 22 61 88 35 37 110 43 28 10 43 13 101 73 84 22 93 12 97 64 116 118 57 31 74 82 114 102 80 81 42 49 115 34 15 71 40 20 62 101 68 118 82 32 45 34 43 87 
92 6 49 58 25 99 28 38 115 112 2 32 104 84 47 1 87 98 5 70 45 29 39 39 12 62 79 34 103 9 108 100 39 43 37 9 44 62 103 67 10 17 107 58 98 11 78 32 38 76 23 41 46 27 71 57 53 98 36 48 29 25 14 115 18 52 97 95 14 92 26 116 88 5 109 101 119 44 120 106 62 57 115 92 34 96 93 21 31 13 86 6 37 73 2 92 66 4 105 5 8 2 92 13 86 114 13 117 105 38 67 67 5 24 94 32 6 103 113 68 63 
29 72 37 75 10 16 92 62 114 48 81 42 9 60 58 88 52 13 94 20 115 80 114 56 54 118 3 46 93 62 51 89 88 63 113 30 90 55 70 26 27 19 87 66 46 48 118 99 18 108 85 27 68 66 28 6 68 66 6 90 39 58 71 99 103 39 116 51 35 38 48 118 81 104 23 2 79 92 66 72 43 28 89 98 50 1 78 14 45 56 90 4 56 59 104 66 107 47 104 51 78 13 30 94 16 111 66 26 104 107 110 35 29 115 18 48 94 81 47 86 28 
74 16 54 28 60 98 26 39 75 24 4 42 87 33 38 118 18 44 20 5 84 17 48 60 50 1 108 3 18 118 29 77 108 15 61 35 50 85 85 17 93 118 102 109 94 18 76 53 19 51 79 18 55 108 94 82 100 6 119 62 60 4 85 45 5 75 75 89 116 79 91 71 37 9 91 32 96 112 84 118 87 106 27 69 50 12 117 80 4 35 10 9 108 95 104 81 96 7 91 107 54 17 21 6 40 108 111 28 50 80 39 49 93 69 88 45 21 73 94 73 110 
45 116 54 30 41 101 112 20 72 120 27 68 95 105 108 102 115 16 86 101 92 14 12 19 96 92 70 23 78 22 104 23 75 29 44 24 16 27 69 7 52 106 58 36 94 3 4 120 12 6 61 96 114 96 47 29 96 68 20 35 92 1 102 113 50 96 15 90 101 61 51 7 27 8 82 96 30 113 102 60 111 37 120 87 80 98 83 100 99 109 13 26 11 78 80 110 16 8 69 71 97 107 15 117 83 111 25 67 69 112 49 116 67 50 62 36 101 88 58 107 17 
92 103 68 13 35 70 85 46 118 59 50 7 99 22 47 112 31 116 110 101 57 104 77 115 103 49 98 83 47 7 113 65 39 33 76 49 23 75 19 37 101 50 40 91 26 6 109 89 36 67 91 51 103 31 69 31 1 18 119 69 20 104 63 9 39 34 57 44 97 91 86 27 102 47 115 7 82 18 80 116 72 17 52 94 47 109 43 96 34 26 4 110 4 92 64 5 113 31 52 79 87 61 45 60 73 60 101 70 51 119 87 87 105 109 7 48 62 60 64 92 88 
8 45 10 82 86 48 82 95 107 85 52 24 57 92 119 19 24 92 106 11 43 16 8 64 84 117 83 100 103 15 50 107 36 115 102 56 38 120 34 15 75 92 76 8 49 48 99 113 40 45 45 83 80 112 28 80 7 94 25 4 63 107 27 16 84 4 85 44 112 114 45 36 3 107 120 69 48 28 90 31 66 9 92 17 100 70 46 67 71 23 37 18 40 16 81 36 49 105 17 22 119 103 26 103 103 63 85 50 81 61 20 18 84 33 9 14 98 93 79 90 9 
26 37 88 76 9 75 75 7 75 4 38 6 107 36 22 114 5 74 92 109 118 8 45 98 116 29 53 22 28 95 4 55 95 96 36 26 25 104 24 98 84 93 8 105 62 119 83 62 108 7 97 26 118 98 61 102 87 34 72 7 51 45 85 118 3 110 52 27 48 119 4 114 119 32 48 37 24 33 3 60 67 2 83 43 110 100 33 55 105 8 72 47 39 3 92 30 88 81 26 13 74 116 25 62 93 117 89 43 57 80 26 89 53 116 24 50 71 105 87 44 30 
93 119 84 110 40 118 113 5 92 47 10 4 30 117 25 62 105 100 4 94 21 119 18 97 16 100 12 13 6 81 8 111 54 58 31 9 47 71 91 22 115 85 104 109 44 53 88 104 67 8 11 12 36 67 61 76 36 34 64 107 106 71 91 9 32 66 5 92 68 34 8 17 84 5 11 117 109 57 102 91 108 111 93 52 8 45 108 104 35 22 77 23 10 44 14 106 110 49 89 52 34 91 85 109 44 111 83 57 2 19 53 43 24 38 62 97 42 10 73 106 78 
25 104 74 3 48 1 70 44 16 119 83 61 59 29 74 1 108 65 16 45 61 64 115 119 9 32 19 59 115 93 118 19 82 26 70 120 113 92 54 10 108 47 78 29 72 36 75 88 17 46 10 99 109 24 60 34 17 92 99 104 105 100 51 2 33 72 8 71 61 30 103 32 63 10 59 40 28 101 81 62 56 23 115 112 23 69 5 15 57 104 29 28 64 66 14 68 33 30 74 90 84 49 21 41 94 117 111 48 104 27 4 100 109 88 70 108 10 25 35 91 27 
61 66 68 34 58 45 61 35 66 78 102 100 48 118 100 56 5 14 53 71 40 74 72 30 78 11 61 44 101 118 13 81 84 114 27 38 7 105 75 55 99 94 96 22 105 22 32 115 45 5 90 30 41 72 88 10 71 109 13 9 55 47 90 69 92 1 67 56 89 57 89 46 57 18 71 86 109 37 99 34 82 25 99 53 71 11 41 56 55 22 19 75 120 36 90 104 6 48 44 89 108 1 83 71 11 65 119 1 101 102 53 17 60 34 113 99 61 42 97 21 30 
18 33 97 117 29 72 9 20 16 58 102 38 70 63 11 28 5 82 28 56 105 59 47 112 13 118 42 68 3 47 34 11 106 103 115 108 26 42 84 60 112 76 92 118 50 83 60 94 30 32 67 87 14 26 64 88 87 37 8 114 31 37 69 104 24 89 49 45 1 104 67 106 33 51 110 59 34 35 74 46 78 33 21 85 45 109 68 33 109 31 62 29 49 68 66 103 8 108 79 110 83 87 64 28 12 49 104 64 42 68 58 89 108 28 18 89 57 79 22 3 2 
49 112 29 56 81 109 19 38 14 55 88 55 31 36 23 82 22 11 9 2 103 103 91 41 21 111 82 15 29 15 33 44 61 55 73 107 59 11 61 40 41 78 44 46 100 58 54 38 101 28 36 92 82 120 103 52 9 22 10 100 55 77 103 24 10 15 59 96 117 2 26 23 116 30 50 5 119 5 97 58 56 92 46 61 21 117 10 13 38 59 62 106 59 84 84 36 64 93 82 20 96 95 111 8 84 55 23 55 45 25 89 28 45 42 19 116 53 70 9 9 106 
17 60 88 119 67 90 49 44 23 104 43 51 3 58 103 23 68 82 114 36 20 33 72 73 63 9 95 12 9 41 23 32 60 73 40 87 69 68 100 20 50 16 47 86 64 34 105 90 62 88 50 73 48 97 56 108 72 19 61 47 31 75 87 57 51 76 114 38 119 92 39 75 38 50 7 109 83 93 16 4 94 89 42 72 19 85 71 76 54 99 87 40 93 11 93 66 27 112 71 102 24 34 45 10 38 65 114 94 68 119 23 15 117 62 42 58 97 23 106 76 33 
50 40 85 28 46 82 20 36 48 111 67 114 98 107 1 64 10 59 9 63 56 33 52 94 108 110 8 117 67 6 44 63 120 8 41 32 106 108 40 23 49 112 5 95 22 12 31 3 17 8 77 47 2 63 75 118 6 62 61 69 117 1 81 41 75 80 80 101 97 68 77 86 71 87 25 97 119 12 111 49 26 7 53 87 73 90 99 97 93 105 73 67 74 65 117 35 4 119 112 117 89 71 37 55 12 106 56 105 42 70 64 98 12 61 38 43 16 119 64 100 101 
69 25 81 98 81 51 61 113 83 119 79 45 80 39 66 53 31 107 23 31 104 120 51 98 21 104 18 89 35 16 95 21 15 36 70 2 43 76 73 13 99 107 5 62 109 116 81 100 76 120 8 2 18 111 83 95 85 69 97 81 104 97 48 103 22 13 107 98 8 46 93 83 61 118 65 6 77 8 51 80 46 19 25 102 81 95 46 42 113 16 38 43 18 117 69 114 80 95 74 99 5 6 40 105 77 97 3 34 32 10 78 64 40 79 107 7 9 104 99 1 48 
32 32 29 31 35 39 93 108 80 44 70 79 58 27 2 59 8 1 57 53 76 70 69 57 113 97 93 101 85 70 66 114 112 65 44 74 107 21 114 32 30 90 84 20 20 68 111 75 55 71 49 109 23 80 38 3 61 85 52 47 87 113 97 120 103 72 8 21 31 80 108 12 18 76 83 112 117 20 93 94 34 90 103 57 66 28 40 59 1 57 3 43 73 96 112 118 9 82 83 37 25 45 105 57 67 60 4 22 44 44 71 33 21 4 31 46 2 113 41 54 12 
64 35 44 4 115 6 97 65 57 71 39 117 115 69 7 11 53 41 5 11 22 40 14 107 21 112 23 30 4 45 81 61 62 120 54 24 64 7 74 86 3 68 25 8 27 52 23 44 4 99 45 102 70 78 55 4 23 65 114 114 69 25 96 41 6 113 110 119 2 6 64 78 62 93 31 101 69 45 102 3 67 92 106 5 6 110 4 105 12 107 76 97 54 86 6 115 114 81 66 15 72 38 102 57 2 113 42 26 42 23 25 108 73 95 45 99 33 19 10 53 119 
86 26 64 15 18 27 100 65 13 27 109 120 13 30 100 17 50 26 31 84 114 47 103 82 8 65 112 34 85 110 71 39 96 104 18 69 46 54 72 4 120 79 23 13 111 3 13 86 103 23 109 101 63 55 36 55 101 38 75 74 117 95 57 76 117 65 120 19 67 80 50 87 80 39 17 118 67 92 53 9 70 57 102 40 38 83 70 72 67 39 37 5 77 119 113 21 10 74 26 71 91 53 31 75 47 15 49 112 23 120 15 118 87 89 120 15 100 27 25 32 32 
81 47 62 86 31 29 97 53 109 16 77 35 3 78 31 102 75 116 8 49 42 117 90 54 87 26 38 10 68 46 50 107 53 50 94 118 12 16 74 27 20 76 108 31 95 52 114 60 80 61 116 113 68 85 72 5 23 69 68 106 108 98 97 87 57 76 63 57 106 76 100 104 82 57 22 78 1 57 21 118 79 63 71 41 113 111 37 26 91 34 82 67 27 92 32 3 99 34 29 80 20 8 90 41 105 64 11 47 56 110 14 90 32 77 82 2 33 107 108 69 46 
36 36 14 109 7 52 97 66 19 3 26 17 59 61 66 120 86 99 100 20 60 107 34 38 87 41 101 60 55 74 90 95 84 54 89 2 21 77 39 29 68 117 89 16 58 40 9 1 41 105 46 97 28 26 58 38 10 69 77 86 29 66 48 47 85 107 82 83 36 8 9 33 27 94 111 79 76 92 81 58 98 63 103 11 3 30 77 114 58 85 120 19 11 60 37 35 41 27 45 43 115 96 21 8 99 112 86 113 53 48 94 90 91 14 8 85 84 38 67 118 111 
21 34 11 34 69 80 51 66 100 52 56 42 104 7 23 44 72 14 29 110 101 118 75 83 28 1 109 91 96 80 1 69 37 27 8 106 59 103 106 47 11 25 11 19 113 93 35 39 11 37 13 109 13 9 58 102 59 11 21 24 92 43 37 30 42 13 76 8 59 41 12 24 102 51 44 1 36 92 29 96 94 30 116 106 22 82 90 106 28 19 28 9 41 111 92 7 64 50 114 17 82 80 8 90 8 16 119 13 38 95 66 47 36 48 117 58 5 87 71 23 5 
8 41 70 9 1 20 32 95 76 33 60 83 41 19 65 117 79 56 30 80 65 120 41 22 93 87 71 79 100 39 92 82 93 12 17 4 69 59 78 105 110 80 11 16 19 73 110 79 24 76 30 12 85 85 73 3 59 4 78 84 47 36 72 90 95 19 22 52 82 99 15 27 72 74 74 47 68 116 40 59 8 53 41 82 55 104 81 24 12 68 98 110 36 69 116 113 9 119 18 106 11 114 96 34 65 72 26 35 114 71 99 28 67 47 89 17 92 35 63 118 16 
88 96 104 95 71 61 93 46 12 10 7 56 87 56 115 74 80 47 19 107 51 85 118 16 41 101 50 48 104 5 6 106 90 8 111 115 49 15 53 28 106 76 106 11 119 118 25 29 120 40 68 63 39 9 17 59 53 53 5 35 61 51 100 30 119 51 98 96 66 6 118 102 90 19 98 24 77 50 97 81 69 50 82 15 103 43 106 8 83 38 106 48 106 98 97 85 28 115 5 107 54 50 19 8 12 70 68 82 112 11 47 88 108 2 21 67 72 37 15 16 77 
71 33 41 43 27 116 92 52 16 22 83 36 72 18 32 3 77 43 83 109 34 64 65 68 15 81 39 108 34 95 15 5 94 103 76 109 59 1 105 33 116 87 94 97 118 66 41 52 7 114 73 68 15 75 5 96 40 55 66 81 9 63 63 12 44 10 74 20 44 39 30 45 98 100 45 68 77 10 41 109 82 23 71 103 31 95 108 23 62 54 52 61 49 66 9 18 71 75 75 55 112 114 117 84 89 56 67 59 49 52 61 70 23 108 37 3 51 46 1 1 117 
99 44 31 73 88 64 23 35 12 4 32 34 73 23 41 15 41 80 97 47 70 71 15 41 32 84 102 18 50 83 49 93 69 36 120 63 13 47 46 31 54 58 35 80 79 103 21 52 52 108 5 42 38 83 12 85 97 92 54 83 55 54 77 2 88 66 43 44 95 83 35 71 55 85 3 88 108 90 25 52 58 19 15 69 79 102 47 51 71 87 67 92 65 109 52 7 29 74 69 79 82 49 99 99 24 30 71 119 103 111 61 100 15 58 40 16 84 118 50 48 36 
47 8 9 73 105 72 100 70 12 79 100 98 118 1 1 6 32 66 74 69 48 86 12 12 79 105 49 109 71 47 18 111 26 76 10 92 13 59 55 118 12 47 1 114 116 73 83 24 13 59 45 103 103 104 18 87 27 67 77 79 26 79 77 49 8 118 96 81 59 48 27 73 117 32 110 39 62 119 13 44 87 105 117 98 68 2 33 20 47 59 100 58 35 104 97 100 57 91 9 19 48 46 107 9 93 49 23 66 75 59 57 117 34 99 39 31 55 36 5 82 104 
42 97 60 32 42 107 33 58 99 119 91 67 116 49 12 79 63 83 40 41 18 10 22 23 94 69 27 70 14 58 21 27 52 42 88 106 40 82 50 97 86 41 95 59 111 113 45 81 76 65 77 33 116 5 4 75 105 55 63 85 33 104 29 58 100 5 49 93 93 101 103 112 88 41 10 105 109 99 9 45 94 59 72 64 109 6 97 31 71 36 29 50 10 33 69 17 4 56 9 50 23 105 71 67 80 41 40 104 82 58 109 101 83 86 2 94 99 64 108 48 60 
34 110 10 83 119 101 85 14 24 75 17 43 10 74 50 115 20 119 47 19 11 5 9 16 114 37 2 73 63 21 3 47 26 92 63 29 7 28 45 34 66 74 85 49 39 99 53 44 68 89 31 92 98 99 101 37 84 44 77 26 51 116 119 49 110 61 119 23 63 62 67 4 58 98 10 25 74 93 11 34 118 72 99 19 9 83 99 104 16 107 58 83 48 16 91 23 33 32 104 108 84 6 112 53 59 61 78 3 119 116 98 104 48 8 72 42 48 115 66 9 35 
80 41 60 21 7 113 80 31 23 101 26 90 55 115 103 46 78 79 85 87 116 48 29 19 49 21 8 108 118 84 8 19 102 117 24 118 86 33 40 108 92 9 37 40 21 113 86 11 4 81 119 94 44 6 91 16 62 66 31 5 102 56 117 36 114 114 3 23 109 88 15 91 116 120 119 47 117 46 9 45 91 92 111 106 48 62 90 53 93 115 75 51 105 91 44 1 8 54 14 62 111 105 91 118 8 68 45 19 13 92 25 8 17 57 34 38 64 85 16 55 94 
27 25 53 30 96 53 86 61 45 64 108 39 117 61 20 87 67 47 75 86 80 18 78 93 17 64 37 95 113 70 93 15 65 69 109 50 112 119 104 39 93 73 9 69 58 33 97 46 92 4 103 44 70 46 56 57 49 44 48 61 77 41 58 85 39 13 16 16 37 114 108 23 53 100 35 70 7 105 114 42 40 12 6 64 65 12 88 113 64 118 48 93 4 103 98 77 77 18 19 103 91 45 4 5 112 110 61 81 39 95 68 10 48 66 15 66 84 3 13 105 8 
52 103 10 29 33 49 106 4 116 39 101 96 73 18 46 93 71 47 82 112 85 107 107 34 75 50 107 24 60 71 4 88 62 87 1 91 108 100 33 27 117 102 119 119 58 118 116 33 87 118 40 17 13 87 111 68 18 31 99 99 84 18 23 92 15 9 30 48 82 48 120 16 52 93 65 72 68 6 70 97 90 49 45 61 43 113 4 28 64 117 21 38 4 57 38 97 77 83 119 120 67 70 100 49 63 86 58 92 118 35 41 43 49 55 8 112 28 12 35 15 69 
16 52 97 50 7 22 44 34 102 90 70 119 31 27 55 11 103 1 49 1 38 117 29 5 113 17 76 16 65 13 80 59 33 104 84 34 28 45 117 3 81 36 33 101 81 71 3 17 11 119 40 21 106 66 17 53 96 113 107 106 117 41 64 29 118 20 72 94 16 97 119 45 32 31 46 27 63 8 27 39 115 114 33 103 81 14 42 93 91 54 40 88 63 6 88 91 28 110 66 117 16 112 80 88 73 107 24 82 18 83 23 105 24 5 7 108 79 35 84 116 14 
16 39 6 72 71 110 18 117 91 44 106 28 76 19 94 119 59 83 66 58 42 18 27 6 113 107 50 72 110 37 105 98 92 49 120 112 27 16 13 92 88 73 56 101 85 1 10 32 116 65 97 84 106 23 45 88 110 1 10 71 102 84 38 35 63 72 116 38 65 3 14 98 99 119 99 23 32 75 4 64 34 76 79 7 118 55 116 19 44 83 22 5 18 90 72 23 24 41 10 120 101 36 51 15 28 50 89 15 1 52 57 84 13 10 80 91 23 26 104 33 72 
18 57 39 47 42 51 38 23 33 86 72 80 78 102 119 66 18 115 46 100 92 59 96 67 104 31 92 92 10 41 21 85 110 83 120 27 17 112 72 36 1 107 53 70 86 104 27 48 55 103 11 7 69 67 71 109 37 55 103 46 99 57 104 61 52 104 30 113 11 17 108 75 33 91 48 28 82 62 31 85 83 16 32 38 109 94 3 13 115 73 87 38 26 65 19 36 47 42 71 93 68 80 56 102 47 103 120 100 119 25 53 101 104 102 55 114 60 97 104 69 25 
85 8 84 29 105 5 3 40 95 60 64 35 10 75 64 105 118 6 38 79 64 2 104 75 68 9 102 18 13 53 93 36 116 65 73 44 87 66 106 40 83 55 28 82 116 31 93 81 108 111 109 114 81 116 14 43 119 15 99 41 77 34 111 45 31 85 1 7 54 17 72 20 16 119 44 37 34 6 120 43 12 91 92 72 54 51 5 102 71 75 113 10 49 2 93 50 63 42 24 97 72 29 105 14 100 92 110 49 78 119 101 23 63 45 107 80 88 95 12 112 49 
38 52 17 21 37 42 90 104 27 40 10 90 106 54 10 61 65 96 52 40 30 38 87 53 78 34 90 68 12 23 117 101 12 74 57 106 77 95 46 101 105 48 54 106 32 91 66 72 80 96 17 108 14 78 39 10 35 119 103 18 32 50 2 95 42 55 54 44 1 95 52 87 59 92 77 78 16 9 27 118 88 82 52 75 37 66 69 118 57 68 95 20 90 95 120 48 44 96 31 67 105 46 92 57 93 101 77 120 116 19 107 103 32 98 101 83 93 13 63 31 38 
23 38 89 4 55 4 49 108 20 62 42 34 65 11 59 61 11 37 99 65 57 103 26 2 1 101 103 98 54 68 70 48 90 82 50 5 38 117 70 94 6 44 114 46 18 52 42 36 53 10 88 101 28 72 13 91 36 58 13 79 71 63 41 36 93 70 6 54 12 60 17 81 69 80 4 40 4 8 87 39 51 53 95 75 102 106 79 16 94 98 11 85 26 67 78 8 35 110 113 32 76 65 5 42 95 87 57 106 22 111 21 8 52 29 5 28 109 21 12 73 65 
82 71 97 39 74 1 2 35 50 79 25 32 32 41 103 82 55 26 61 8 42 79 113 39 26 36 12 42 39 46 56 114 23 118 102 30 54 107 96 95 85 86 90 52 54 95 73 63 11 58 42 34 31 28 35 35 55 13 119 22 51 12 76 38 47 78 17 118 3 54 1 83 74 25 8 117 91 82 52 82 58 14 30 103 87 11 39 70 67 46 46 106 46 17 85 34 26 10 70 90 71 65 91 56 77 35 33 104 30 60 110 108 76 43 29 77 120 117 18 85 63 
39 106 31 6 115 70 64 15 76 105 47 60 110 117 64 87 78 6 1 109 79 106 86 79 37 24 10 67 119 77 12 93 53 4 60 12 99 40 29 110 67 28 99 109 14 46 108 103 34 57 38 47 74 58 117 61 21 6 115 120 102 61 87 38 28 78 103 113 5 37 98 59 110 39 77 16 5 45 97 30 4 69 98 32 64 90 15 76 98 62 91 86 73 94 80 98 71 46 61 74 58 45 6 7 53 89 21 102 107 4 97 120 118 103 108 101 114 16 1 4 106 
36 103 82 66 81 120 57 59 30 29 105 34 26 57 77 90 111 13 104 85 70 107 19 90 18 46 21 6 49 92 47 64 49 116 59 28 49 64 104 19 73 75 23 7 57 105 3 108 14 96 45 79 33 57 46 112 97 115 15 87 111 40 79 27 89 19 111 6 2 98 51 32 74 85 4 74 83 15 112 93 2 114 23 50 116 72 81 10 96 108 5 62 27 12 5 74 13 117 24 113 37 69 16 59 57 69 77 9 4 100 81 85 112 9 74 41 96 32 33 89 88 
39 49 25 24 40 27 13 15 69 88 84 50 59 16 62 1 5 104 102 117 106 64 15 81 85 9 97 100 29 93 70 110 78 8 66 87 119 36 7 93 11 21 70 10 106 13 60 68 7 75 107 92 25 111 105 56 19 66 98 53 12 75 80 54 51 87 56 53 87 105 30 49 98 29 120 75 26 84 84 64 72 54 21 15 45 9 77 96 105 33 87 64 68 120 83 46 18 67 75 97 70 93 95 99 118 108 7 91 4 24 35 70 103 99 74 45 42 113 47 82 1 
106 83 25 117 17 44 116 78 68 35 101 117 108 44 117 56 119 43 117 72 87 72 3 95 105 38 50 100 19 19 92 78 47 16 87 9 12 4 78 75 71 37 31 44 52 102 48 112 4 38 46 114 51 71 101 27 115 103 4 114 108 21 27 117 20 103 70 10 65 75 92 111 29 28 5 31 49 54 86 88 49 84 16 15 110 33 46 63 41 50 81 55 13 48 120 88 47 46 6 92 114 1 62 5 105 35 37 25 34 42 112 75 102 68 39 86 83 23 35 34 46 
39 16 86 93 88 74 106 71 15 83 48 45 67 8 2 81 15 69 84 43 50 111 6 58 43 103 110 62 106 50 7 107 34 70 40 21 116 111 108 54 94 71 92 60 99 97 50 94 94 1 11 117 69 54 98 102 73 89 83 113 72 66 22 112 113 70 105 12 52 72 85 26 99 62 4 29 34 27 55 32 3 81 48 23 61 78 33 44 23 97 93 102 90 115 59 68 112 95 11 81 52 67 100 76 20 32 118 98 80 41 109 74 70 81 5 83 61 79 45 28 114 
21 44 77 42 94 13 35 9 112 109 81 116 7 35 50 61 77 38 26 68 66 43 80 63 6 5 86 120 75 85 62 6 86 96 75 49 40 69 113 93 105 108 99 41 82 62 35 1 9 64 4 87 60 46 14 116 93 36 37 64 14 52 115 62 44 100 31 9 85 22 99 30 43 71 48 60 3 2 15 79 102 112 119 92 109 72 90 58 70 85 47 41 113 114 34 119 23 44 109 15 80 93 41 84 14 15 38 104 57 7 41 42 108 102 39 106 62 36 67 93 78 
76 21 26 55 28 108 33 66 42 110 58 86 30 111 112 60 28 19 48 92 75 45 115 21 31 5 94 2 36 88 76 48 35 60 91 90 101 58 83 57 32 56 7 40 79 106 42 113 38 69 57 29 14 100 66 39 92 10 115 72 93 111 106 47 103 86 59 108 12 27 20 108 65 73 66 35 110 15 51 118 116 20 65 55 57 109 28 117 110 83 90 85 111 61 2 39 36 81 56 47 42 71 65 61 76 40 25 68 42 34 52 65 98 78 44 97 93 60 63 45 10 
111 29 96 20 105 20 17 60 68 60 51 35 79 10 94 105 101 27 119 88 3 23 115 3 100 110 10 64 10 60 3 101 9 15 48 20 98 117 54 36 8 109 25 9 33 67 51 74 102 53 100 55 103 108 11 8 98 9 13 69 86 50 8 21 10 4 115 45 7 37 47 110 4 17 58 90 23 46 17 86 52 73 33 87 34 6 82 62 19 17 88 43 64 84 105 27 100 19 72 119 112 77 56 91 119 40 14 12 83 114 105 66 14 18 88 116 103 60 116 61 115 
32 29 60 65 32 98 27 35 42 81 96 52 50 116 105 102 20 82 45 30 68 88 26 68 57 33 120 33 36 42 44 47 71 31 65 83 24 9 61 72 73 111 91 8 90 15 3 110 78 55 60 80 43 118 65 80 25 78 24 48 16 48 111 89 71 118 55 57 69 80 62 80 3 10 33 31 95 36 71 90 118 49 69 117 85 51 102 93 116 70 109 55 15 96 92 5 42 16 91 74 100 74 87 75 106 43 36 76 22 33 12 73 92 99 46 34 75 116 109 84 100 
65 37 46 120 49 21 103 92 113 79 118 113 93 73 5 22 112 39 50 72 85 84 90 11 55 79 90 44 88 61 81 25 60 52 17 73 46 40 106 45 31 49 14 88 26 42 2 33 98 84 93 80 82 107 9 18 42 32 63 62 109 111 37 107 105 104 107 105 36 23 51 104 61 42 116 89 8 78 44 79 87 102 7 31 77 55 19 60 109 30 13 84 64 56 111 50 80 10 116 70 69 110 119 30 39 80 35 117 33 66 74 6 24 26 40 33 31 74 52 65 100 
27 99 36 4 1 49 85 114 31 116 52 45 46 99 52 62 15 58 107 81 95 30 30 37 80 27 50 27 64 40 75 25 85 88 41 63 69 76 116 111 23 63 52 108 54 21 120 68 100 99 96 37 31 95 67 88 10 68 120 1 35 21 95 108 80 54 45 46 42 92 24 93 20 42 71 79 34 103 39 97 63 21 14 118 93 40 22 60 20 108 16 96 72 19 104 39 112 72 98 69 9 116 7 110 3 61 106 47 24 83 66 43 13 81 21 19 19 37 88 11 1 
2 106 111 110 106 64 53 26 57 36 114 33 30 65 95 24 101 56 12 61 59 38 69 8 105 111 13 43 53 64 59 96 110 119 5 98 91 113 93 26 93 114 56 35 94 108 75 28 111 49 63 49 66 97 67 116 118 89 48 83 44 32 26 105 15 16 6 29 79 19 82 116 5 28 62 22 100 83 56 24 93 114 13 55 72 20 90 57 87 108 91 93 110 71 97 92 21 5 45 111 104 1 106 15 14 102 42 24 113 29 45 31 2 106 114 20 97 75 101 75 67 
2 55 42 4 53 101 66 25 95 12 37 77 120 61 88 9 89 110 50 73 42 4 66 10 37 83 16 20 83 96 19 43 63 27 117 47 32 12 76 113 79 70 1 120 42 64 91 6 53 87 41 44 42 115 86 111 47 41 83 64 101 92 92 7 47 86 95 43 85 66 17 79 34 72 84 8 10 105 43 74 118 81 41 100 119 46 71 85 28 35 119 25 117 86 77 106 47 15 22 118 44 53 18 40 117 42 18 30 57 110 99 24 6 73 62 49 6 15 79 77 43 
65 56 13 42 7 49 119 65 47 106 9 86 54 55 115 43 23 20 37 26 84 49 104 75 98 104 29 43 56 27 94 71 7 14 84 17 113 39 26 90 120 11 53 80 42 2 22 78 16 114 30 95 77 98 99 55 26 85 56 101 113 68 115 35 118 110 89 34 41 104 12 49 95 75 116 44 71 47 7 57 39 13 11 67 17 13 79 30 40 103 112 5 112 57 95 72 53 65 26 112 24 100 12 91 11 95 88 3 52 34 22 74 55 21 37 75 58 37 36 86 84 
71 106 119 28 53 97 118 96 26 36 17 35 13 18 105 21 93 108 108 42 21 81 61 84 82 69 43 59 100 16 92 59 65 94 34 4 45 113 50 60 3 61 27 77 13 15 59 102 111 20 98 58 82 100 83 67 27 101 34 55 101 18 106 50 78 32 66 6 79 104 93 106 96 65 9 22 45 97 2 90 61 50 81 1 43 101 90 53 51 11 33 28 90 57 86 6 2 44 105 116 113 55 48 33 120 16 85 82 104 45 116 81 109 39 98 93 110 1 63 56 36 
17 82 70 11 8 74 42 87 72 117 100 87 20 31 59 55 5 39 119 67 19 102 29 20 79 64 114 24 28 44 3 112 87 84 38 3 56 71 2 101 94 46 66 120 108 86 74 33 68 19 28 3 99 93 25 41 45 51 5 49 64 54 34 87 108 96 95 26 102 20 35 106 51 9 27 89 21 99 5 36 101 111 20 5 54 74 58 41 7 101 120 29 45 117 102 81 6 67 39 46 48 22 76 15 47 67 90 23 104 23 1 37 33 20 10 13 68 41 81 93 11 
8 31 83 63 119 31 76 96 5 32 84 114 56 99 40 57 45 115 58 94 98 83 22 75 76 2 50 114 67 48 56 76 69 17 57 47 79 44 74 8 69 8 31 8 74 18 70 17 98 4 66 69 49 83 86 26 60 33 103 67 114 9 83 69 106 54 83 114 39 67 80 83 65 38 54 20 72 114 5 72 86 48 39 57 92 102 55 102 54 8 116 71 1 114 9 111 108 37 55 72 63 27 53 8 72 41 12 94 104 20 98 26 79 99 80 106 72 58 63 42 108 
54 70 55 87 107 23 49 25 39 42 67 1 94 46 15 56 2 38 111 115 37 104 13 26 51 41 10 86 46 102 20 24 67 63 38 117 51 41 118 10 24 83 38 110 34 92 60 46 22 88 2 21 1 24 108 87 97 117 38 71 7 100 53 17 12 54 111 79 25 35 75 61 30 81 23 120 85 60 74 3 100 98 66 62 23 65 9 8 16 71 91 77 56 90 27 120 12 94 41 59 96 106 114 52 56 83 76 36 120 8 53 72 36 78 3 35 40 47 117 18 97 
76 24 97 118 55 32 75 76 85 51 69 24 10 51 34 25 20 36 113 88 67 1 45 47 110 42 90 90 7 105 16 63 120 50 58 71 97 2 106 7 37 1 99 76 106 103 11 100 96 48 35 15 60 36 95 81 86 97 8 70 41 21 2 28 119 18 28 18 89 31 85 2 119 52 106 120 53 41 53 52 97 51 67 97 114 98 15 22 102 111 43 16 26 103 28 106 62 118 39 56 97 35 33 113 14 72 61 26 93 99 36 113 37 113 88 119 115 15 23 84 54 
43 69 57 59 77 26 12 43 61 79 70 72 52 62 98 33 94 37 19 100 70 27 69 15 67 42 59 37 47 56 52 35 116 78 66 84 12 39 7 51 12 93 27 43 56 97 77 52 82 54 11 4 3 110 9 66 107 85 39 65 117 119 12 39 12 10 47 80 72 34 95 49 53 72 61 71 65 118 19 70 72 49 13 89 31 61 37 116 35 110 21 46 22 118 66 8 22 13 113 27 112 25 33 5 48 116 96 86 34 3 71 37 91 35 98 72 100 107 19 85 49 
91 8 75 42 120 19 26 91 1 23 58 119 87 68 22 27 92 109 61 44 92 81 92 88 79 39 8 81 60 77 95 93 30 9 20 103 42 103 114 17 15 54 38 37 10 101 107 11 81 106 112 117 73 75 38 44 97 87 28 69 72 85 13 25 119 117 86 25 54 82 78 76 88 11 25 109 4 16 87 104 92 88 24 70 31 103 62 69 81 21 74 86 67 75 90 72 40 81 48 29 93 102 6 88 62 54 32 67 99 51 26 57 25 11 16 75 3 71 103 23 38 
24 3 11 12 20 16 102 31 62 65 101 3 38 39 43 53 103 106 100 106 32 7 30 26 36 61 47 88 85 76 86 95 57 71 73 25 79 73 26 52 5 63 68 120 22 51 110 104 110 5 74 3 9 78 28 31 11 49 105 92 64 106 64 60 41 21 72 23 3 99 52 62 9 76 113 64 86 20 40 93 98 22 23 38 74 113 55 107 108 23 66 64 22 66 76 67 82 14 89 25 72 94 29 116 76 77 102 54 49 87 32 103 54 40 2 4 8 98 104 114 47 
107 9 98 8 23 30 104 86 44 36 38 47 34 25 119 11 78 99 3 110 109 26 32 50 62 60 65 6 63 45 25 63 67 27 37 42 55 111 60 44 52 30 55 89 22 119 32 82 40 68 92 108 59 87 45 50 47 98 19 60 82 23 4 74 78 69 104 1 22 102 12 16 41 94 79 84 120 73 54 110 3 113 41 38 82 28 54 14 111 113 12 96 16 79 66 95 115 35 94 48 4 103 20 50 100 100 59 49 43 9 6 36 39 48 89 4 44 70 66 91 11 
103 51 82 94 99 63 101 25 100 15 108 48 19 101 50 7 112 24 106 115 13 67 40 98 97 34 102 62 15 81 33 59 52 67 66 60 12 114 106 83 17 20 61 40 67 7 7 83 49 67 1 11 75 118 18 56 48 6 118 93 32 8 85 59 53 71 14 18 83 64 4 8 96 104 88 93 47 113 26 98 85 83 103 50 55 5 100 112 39 89 82 39 98 14 58 37 98 23 13 6 96 50 24 97 69 45 69 59 69 110 18 95 67 47 17 26 52 68 47 110 3 
100 16 56 78 63 48 120 66 60 3 52 27 8 39 50 93 66 58 62 47 26 37 16 49 33 17 8 48 24 117 50 57 104 97 93 12 8 38 19 120 37 53 9 76 44 63 47 93 51 22 85 16 35 44 58 17 96 9 115 90 75 15 95 42 54 17 97 65 68 31 108 74 61 22 49 61 44 99 79 54 85 17 67 72 1 91 104 41 18 8 9 3 13 46 75 87 23 10 88 7 88 92 117 93 5 30 47 6 47 14 104 74 27 46 9 63 85 33 53 46 24 
85 104 73 37 57 20 80 92 39 40 35 4 111 108 87 16 60 119 65 1 28 13 112 3 84 33 77 86 48 5 42 93 92 84 56 52 91 13 25 50 47 62 54 95 17 51 95 67 112 44 47 34 59 119 84 83 3 76 50 21 50 108 24 103 19 10 61 90 58 87 40 37 25 57 90 60 15 14 88 56 26 76 41 118 108 74 82 79 67 100 105 41 13 72 61 117 120 15 111 19 22 20 46 86 8 72 7 100 10 76 86 106 45 66 88 2 41 25 119 116 52 
110 89 61 17 92 97 35 99 6 94 87 31 73 46 6 57 118 108 64 70 116 113 101 58 50 3 93 115 85 43 65 103 65 22 19 20 46 24 68 119 55 64 19 64 91 76 89 107 76 96 38 33 100 57 108 25 89 86 46 94 39 28 90 50 67 103 70 82 74 60 2 117 20 54 75 59 65 75 26 71 7 84 36 6 43 100 79 55 11 4 109 109 78 38 39 37 34 14 16 90 79 71 62 104 82 62 17 19 41 46 111 4 10 73 100 57 116 104 7 92 72 
80 19 34 10 115 67 72 75 39 60 96 86 4 13 66 75 1 105 45 33 47 98 15 40 12 59 65 42 12 39 100 1 57 79 55 67 84 71 41 65 89 36 112 115 115 10 107 9 63 49 39 76 92 92 88 21 39 16 96 25 81 60 62 103 46 91 117 58 20 11 101 90 13 52 5 61 58 112 19 74 106 117 54 117 82 23 74 117 36 62 73 119 85 82 90 7 36 54 57 79 8 12 74 66 66 94 57 91 81 54 11 94 44 96 56 56 83 53 54 64 75 
32 13 58 56 112 44 16 112 117 32 72 16 20 81 51 1 41 48 43 55 83 87 79 55 34 88 65 93 78 79 86 83 12 53 34 105 14 39 96 71 43 103 7 110 80 38 61 33 89 24 92 47 60 101 104 96 53 81 104 7 24 13 54 6 108 1 40 58 58 11 110 8 53 66 112 83 108 66 94 40 116 100 5 105 41 16 102 113 97 28 13 79 94 97 102 81 17 16 81 56 40 60 61 119 5 81 54 11 7 7 52 110 28 107 115 87 34 71 86 97 29 
4 5 78 104 35 56 106 119 54 31 118 41 110 31 61 78 73 37 82 95 7 64 40 56 9 40 120 68 14 51 111 4 31 20 1 27 84 45 87 52 40 48 39 10 55 109 21 63 94 90 19 30 82 110 43 55 17 99 107 1 78 105 116 24 61 110 52 2 42 33 120 74 69 34 118 58 47 29 10 20 97 104 93 54 77 40 64 46 46 76 50 51 95 69 22 22 60 66 39 60 86 3 85 66 32 109 76 109 5 76 93 65 107 70 20 120 60 96 38 46 69 
84 52 9 75 48 26 47 66 3 119 23 99 80 29 85 75 56 103 65 22 50 36 92 104 70 19 97 105 80 92 65 55 97 51 95 1 50 40 93 77 70 59 23 98 75 27 17 35 30 22 120 15 70 33 42 48 41 17 86 79 119 12 40 115 50 2 60 29 48 75 61 49 115 22 105 94 44 1 43 28 71 27 1 105 50 37 35 37 14 73 72 31 116 63 62 36 65 65 55 99 64 40 41 92 72 20 93 29 10 75 27 92 66 92 56 43 35 75 104 57 103 
70 103 42 92 35 37 59 6 33 83 4 29 94 112 62 72 96 83 51 104 75 23 80 81 90 44 79 5 53 38 31 109 54 111 110 97 3 84 69 105 12 46 70 3 93 22 49 32 54 55 101 119 97 35 85 50 78 106 32 111 15 81 47 109 68 49 76 37 5 83 29 50 60 18 7 27 74 23 44 45 118 75 91 98 30 20 88 117 76 99 99 25 53 1 55 83 16 9 89 62 36 83 69 12 94 22 60 81 45 107 68 117 110 59 12 73 26 82 111 109 112 
36 5 67 23 75 69 15 51 41 14 57 104 100 46 107 62 58 45 49 7 65 31 3 89 61 117 34 18 115 45 41 48 104 88 79 74 75 98 97 27 113 95 89 17 54 33 23 45 2 110 39 42 80 51 42 5 28 12 61 6 55 3 73 100 12 116 37 115 20 91 120 25 41 31 21 9 23 93 118 18 35 34 82 107 107 105 15 61 35 91 7 113 35 24 30 53 25 110 67 105 13 64 90 52 76 14 94 29 106 43 101 35 73 33 8 89 73 105 48 10 9 
