121
106 18 117 63 112 47 92 33 105 101 2 112 120 85 87 98 11 120 103 4 73 65 89 15 84 52 88 16 101 97 4 62 111 116 5 89 60 91 86 21 42 106 35 114 63 26 47 93 1 83 27 64 85 10 94 109 50 13 24 111 83 84 15 45 80 3 67 33 3 29 14 96 91 85 106 56 91 45 17 32 2 49 10 117 92 44 115 120 9 17 46 82 42 108 52 111 10 62 21 117 40 100 61 110 118 31 68 74 76 117 47 107 44 38 117 79 5 104 5 101 72 
82 51 108 53 64 89 35 69 119 23 44 63 92 76 20 59 65 9 64 46 75 20 76 72 71 114 33 13 41 108 66 89 22 31 84 15 96 106 73 86 9 114 82 96 15 90 31 23 107 115 33 77 113 23 32 12 119 93 75 67 75 95 66 35 76 32 82 107 60 10 115 108 83 60 12 111 27 67 71 55 14 26 82 57 117 69 99 96 16 46 71 7 95 2 40 50 99 12 24 38 70 91 52 20 12 115 92 111 59 23 49 2 52 52 56 10 39 33 116 60 66 
119 57 61 114 57 82 77 19 84 52 12 54 63 85 12 32 117 33 29 93 95 2 12 57 55 82 43 45 82 90 27 29 42 59 36 60 29 58 114 7 96 96 38 6 114 28 34 37 29 69 69 78 41 52 26 60 87 53 7 66 65 86 18 24 115 76 24 87 29 64 101 15 95 72 29 116 52 6 53 45 49 115 114 120 4 47 82 106 105 120 51 2 35 22 81 32 100 28 32 51 105 30 92 23 114 1 29 12 20 40 106 27 13 84 69 75 31 65 27 26 11 
86 80 41 7 87 55 86 36 70 41 87 99 36 116 111 1 37 92 115 9 57 118 94 97 98 9 21 81 69 92 49 64 55 22 64 116 91 95 110 83 18 101 109 5 106 17 50 40 93 96 20 46 53 101 68 100 97 44 110 13 40 104 96 103 22 112 63 87 21 81 120 22 21 19 71 73 95 85 6 94 28 105 59 72 115 44 120 48 63 38 7 76 21 44 69 47 100 83 86 63 100 26 53 115 82 70 28 66 113 56 88 35 16 43 96 75 81 25 39 58 9 
95 73 40 42 108 28 29 26 119 24 30 103 78 47 76 51 93 41 6 52 97 79 38 119 101 107 69 86 72 34 73 99 104 79 13 24 62 51 72 8 91 82 82 66 16 88 2 83 76 49 95 41 48 73 52 113 34 30 54 97 90 18 71 87 57 2 88 41 56 105 106 21 95 120 85 102 36 111 21 54 51 70 21 14 63 89 3 15 76 61 65 59 118 112 94 56 86 81 26 83 69 54 92 1 1 81 8 43 71 112 100 88 10 62 38 11 12 7 4 78 78 
22 5 107 115 86 27 6 53 53 112 77 73 75 59 96 119 101 115 48 43 113 51 103 84 79 110 17 61 39 13 51 57 14 28 61 119 54 19 88 36 89 12 35 16 41 3 68 28 100 62 115 62 9 16 88 71 68 84 9 55 50 73 99 68 101 56 14 41 42 47 87 43 11 38 35 67 48 43 9 83 119 40 82 51 48 110 36 35 71 61 72 102 22 11 77 54 68 53 64 20 45 116 13 22 57 1 66 108 106 97 21 7 45 29 120 76 119 58 85 74 36 
32 120 12 24 65 60 102 113 68 60 6 60 101 22 60 62 22 2 45 60 30 62 56 48 43 84 97 21 22 52 103 31 57 106 36 106 73 63 74 11 29 91 36 22 38 64 113 111 57 15 54 88 58 4 14 103 63 118 53 11 66 34 60 18 27 70 6 28 61 98 57 68 11 47 68 94 41 2 66 83 42 85 4 69 70 68 22 87 101 9 59 115 57 92 86 29 8 18 100 91 56 44 57 54 14 83 40 18 41 28 94 62 16 120 82 10 22 102 54 102 64 
17 21 117 91 37 48 97 84 43 80 40 35 54 49 21 15 21 95 52 41 54 33 91 68 94 19 25 17 96 116 4 41 58 65 39 113 119 35 21 12 96 115 23 14 10 118 32 9 17 75 17 3 71 12 73 70 13 116 47 60 92 60 26 33 85 97 90 30 68 70 107 62 31 97 74 62 97 3 80 34 74 113 106 110 95 60 99 75 10 48 72 71 78 83 107 69 33 93 90 26 27 110 43 109 89 37 35 68 20 15 53 63 88 85 16 3 4 49 71 81 25 
57 3 103 58 13 54 12 88 110 77 46 66 4 87 74 97 16 11 102 1 70 89 31 103 90 12 95 77 88 75 44 119 23 27 49 116 54 71 108 72 88 69 99 73 51 6 99 17 33 34 50 120 23 66 58 92 61 37 29 98 36 69 67 26 43 86 51 47 10 7 24 117 60 104 59 72 109 42 38 48 58 95 49 2 111 14 49 16 20 7 15 38 90 86 30 2 16 64 3 105 92 13 103 23 65 2 1 74 56 61 30 107 80 20 54 120 108 22 42 31 54 
94 113 33 120 76 65 73 87 38 20 88 84 41 69 68 30 82 35 110 9 40 57 11 44 42 10 119 38 114 14 100 67 97 32 87 67 96 14 65 104 43 9 78 37 31 14 30 47 99 61 9 115 46 37 36 87 41 14 89 56 100 54 32 65 4 29 119 54 95 68 56 5 118 62 78 107 62 81 40 89 105 17 111 109 14 77 63 112 51 2 21 105 65 110 102 96 16 85 20 34 26 28 42 3 101 68 105 91 3 4 99 9 70 90 108 38 12 52 93 12 95 
93 114 58 104 76 4 75 117 17 20 15 58 16 52 93 109 20 117 40 12 116 38 23 15 113 117 93 102 73 60 49 67 1 21 81 19 11 83 71 1 48 57 108 111 7 31 97 33 104 103 114 104 77 99 63 75 24 22 70 65 4 3 61 104 36 38 99 48 113 92 57 65 107 5 33 6 55 77 6 85 17 54 57 31 73 20 32 88 42 104 60 40 86 87 45 57 64 79 105 43 114 84 2 76 33 19 109 90 25 109 108 48 108 79 116 49 45 111 95 63 31 
33 47 32 117 50 40 77 107 71 75 95 76 29 54 4 38 60 120 56 86 61 118 70 13 63 64 69 91 22 39 46 109 75 24 1 41 57 53 42 41 25 61 107 36 104 59 114 78 24 16 116 54 61 11 27 102 112 52 4 85 36 57 65 44 32 50 64 54 82 75 117 69 47 96 103 9 59 114 38 77 74 97 27 33 94 96 80 53 39 47 23 7 41 25 91 86 43 24 100 104 52 59 60 100 68 41 24 19 28 34 60 65 104 95 43 72 50 34 43 84 57 
51 86 54 8 67 106 111 54 26 51 8 82 102 18 51 42 85 59 112 66 71 38 68 103 28 86 5 95 93 7 99 28 37 60 86 59 65 102 14 85 83 76 65 104 100 51 16 90 119 25 4 11 23 115 25 18 91 36 2 23 115 106 103 50 55 91 61 62 69 46 90 41 84 46 102 76 69 116 58 12 14 13 27 116 46 8 62 16 47 114 6 87 14 24 7 26 24 5 105 101 118 51 37 28 27 46 85 4 63 23 48 96 73 87 69 115 52 18 94 84 98 
80 62 44 62 27 51 103 113 14 31 115 104 23 94 94 47 96 115 62 82 106 39 7 38 82 30 98 72 53 108 41 116 64 43 1 90 116 1 11 104 62 4 36 5 79 28 32 86 114 56 5 18 23 22 100 109 70 83 90 116 47 79 38 112 34 11 55 20 29 120 74 3 60 25 88 32 3 29 17 38 74 82 103 98 24 65 81 40 83 21 21 114 110 60 115 65 96 73 100 98 103 52 93 26 55 9 33 30 76 33 36 43 56 14 94 67 50 98 101 100 96 
118 98 10 114 10 114 5 91 51 114 73 54 48 29 109 9 6 91 43 104 31 105 56 15 78 70 35 96 9 52 66 92 80 24 83 58 7 112 10 2 47 60 63 98 13 17 91 74 15 44 74 49 23 68 71 6 2 21 97 92 61 45 75 2 39 94 88 44 41 100 74 94 43 24 71 70 26 33 112 55 15 9 109 32 86 32 39 99 63 28 50 25 105 16 77 85 3 1 62 9 52 112 107 28 50 23 101 115 30 56 81 49 118 113 47 51 30 56 69 23 49 
20 55 25 25 120 30 13 16 100 58 14 94 2 9 118 111 46 107 2 4 114 17 70 101 2 40 99 27 10 6 10 88 63 22 76 19 81 19 20 35 62 33 92 117 49 12 40 78 91 113 43 58 79 85 112 31 104 50 117 40 77 71 20 8 47 72 52 77 43 31 40 106 66 51 66 17 89 9 94 10 71 53 80 37 55 29 106 28 8 97 112 64 14 19 93 32 83 69 57 56 20 78 118 101 14 96 111 42 28 115 51 87 76 113 86 111 107 93 83 107 62 
98 5 80 119 100 58 100 101 64 97 117 4 12 47 98 55 94 51 101 39 75 5 19 11 66 89 109 93 113 45 21 2 69 5 29 60 57 13 74 69 95 99 89 99 38 56 75 2 93 111 85 34 81 53 53 30 84 45 93 114 23 100 7 1 22 19 1 94 38 49 62 117 43 90 65 2 104 38 31 51 70 8 31 61 9 57 79 37 15 56 103 6 21 89 58 101 31 72 85 13 47 96 1 30 84 54 106 20 106 73 38 118 115 74 3 10 85 85 45 74 102 
72 72 24 107 81 50 40 32 69 89 95 83 116 11 68 25 49 7 78 47 37 1 89 14 82 27 36 22 71 32 104 89 87 81 19 69 3 65 74 99 14 82 77 5 99 38 94 102 2 20 17 111 40 114 12 81 13 33 90 73 59 109 25 57 25 52 46 114 30 37 89 106 110 9 58 70 69 9 65 108 24 29 106 31 5 66 1 65 67 19 30 23 38 113 41 22 35 78 90 33 27 4 74 78 99 46 4 87 45 65 82 47 12 115 102 47 84 25 119 50 21 
106 36 12 85 96 70 96 72 48 9 97 52 95 108 66 98 115 27 107 14 52 112 52 66 57 65 97 71 87 39 88 90 103 39 54 111 19 20 4 58 5 23 102 24 91 52 51 3 112 71 110 109 10 11 41 6 33 47 82 47 93 113 104 79 94 19 86 56 71 107 45 39 105 99 101 24 4 92 94 54 46 74 48 41 62 18 23 96 30 37 36 38 84 66 51 12 87 76 27 111 64 13 70 119 87 115 52 77 2 38 110 111 98 16 111 52 114 86 95 104 66 
28 40 22 11 107 45 56 56 21 100 30 92 93 72 20 116 10 50 48 53 13 104 57 119 101 100 93 106 78 117 93 20 25 10 24 11 29 84 100 13 53 96 27 84 85 117 120 115 15 117 53 10 88 39 35 5 109 34 91 51 50 5 53 99 64 78 119 6 37 25 51 93 28 8 2 90 64 89 30 45 31 29 68 111 80 64 60 41 110 58 83 81 44 71 45 36 9 114 73 102 95 5 10 109 71 93 23 50 114 104 96 17 61 41 25 113 5 42 85 115 65 
20 97 71 112 41 106 96 17 30 35 68 30 22 79 12 119 113 56 46 22 65 114 88 32 86 40 112 5 6 117 9 58 81 35 111 41 115 87 14 18 86 92 55 73 119 113 36 109 108 83 97 13 9 1 88 95 63 101 102 56 42 30 89 100 112 79 118 45 45 32 14 32 8 77 112 42 79 2 73 80 51 35 54 50 116 26 106 51 20 2 6 23 7 114 3 118 93 4 44 77 50 30 29 1 116 81 39 18 5 92 35 68 11 107 1 44 106 35 12 116 78 
13 25 97 42 95 81 110 58 78 45 86 40 52 119 11 3 88 26 8 13 104 81 11 50 78 53 30 37 53 113 115 93 52 8 94 52 16 53 116 71 40 10 58 114 73 83 98 72 43 73 109 116 76 49 10 36 23 118 71 13 73 70 63 46 33 46 114 73 42 43 58 120 33 4 2 5 29 66 82 47 63 77 65 60 34 97 38 3 18 31 26 87 52 73 120 79 63 15 74 28 52 40 46 80 15 36 66 111 87 69 27 71 11 102 16 16 116 79 47 90 71 
97 13 98 97 43 10 72 14 103 61 51 33 68 110 71 38 35 97 90 95 63 36 117 100 45 1 36 10 61 16 8 6 83 43 14 3 46 35 96 61 78 9 118 39 88 106 70 2 15 36 16 117 17 117 21 53 40 29 72 105 84 41 104 70 101 58 34 97 44 119 88 104 54 69 95 115 22 13 78 36 21 84 108 107 55 28 68 90 36 9 87 9 44 88 61 72 107 81 79 29 102 43 53 106 70 37 25 113 119 108 115 35 35 32 39 44 30 15 28 15 92 
48 19 82 31 107 44 76 27 25 81 83 8 119 64 34 33 25 96 59 8 47 113 102 74 37 109 58 18 109 93 81 7 55 24 80 25 57 14 33 42 25 103 66 110 18 116 76 70 50 95 71 112 85 116 33 86 108 86 71 14 112 97 25 8 119 78 81 91 105 44 55 67 105 37 10 35 3 113 23 67 50 103 99 25 100 58 94 74 1 78 41 88 16 1 32 19 12 75 69 98 1 111 51 13 62 106 19 78 19 11 49 36 48 38 28 40 103 58 16 6 102 
31 26 84 120 11 97 102 52 16 33 19 68 97 85 118 36 87 55 111 45 76 107 28 110 26 73 63 16 45 7 57 76 103 114 56 74 4 77 30 29 110 95 35 87 106 92 73 102 69 19 27 45 18 74 117 82 48 80 28 74 69 7 96 90 12 45 39 10 84 19 53 108 94 72 60 58 109 45 35 74 55 117 33 2 19 37 103 7 6 50 25 49 58 12 75 19 96 115 22 85 67 97 51 42 85 96 92 115 60 84 50 88 69 33 9 93 25 4 59 11 105 
29 91 30 47 101 12 39 114 99 87 18 46 80 91 64 118 96 38 57 3 32 17 101 1 114 61 36 92 75 31 101 107 8 19 22 30 82 117 34 9 13 111 110 51 74 5 105 43 70 75 49 101 87 117 71 3 100 94 117 68 103 68 48 95 109 100 53 113 89 107 112 82 55 73 29 96 78 68 64 74 21 27 28 55 32 33 31 97 104 100 5 93 75 37 69 60 45 100 37 104 61 82 30 21 62 39 78 114 18 97 26 85 103 120 4 93 82 88 84 22 30 
51 62 2 81 66 27 100 37 22 118 91 28 88 55 17 20 101 88 64 14 91 2 108 30 88 21 4 107 98 108 74 53 12 14 30 30 13 48 18 104 93 57 108 81 5 31 120 76 3 115 36 56 58 51 23 72 9 83 3 5 85 98 64 88 57 99 43 53 10 81 90 15 57 107 57 8 20 87 90 14 69 53 25 7 119 108 69 114 46 112 68 74 27 26 36 70 82 29 98 8 53 118 55 16 86 120 19 18 20 79 53 1 29 59 80 106 75 94 2 78 37 
69 107 88 54 29 20 27 53 118 114 22 95 12 77 43 27 120 66 11 76 80 17 115 11 42 39 43 40 43 118 21 88 4 106 75 108 42 45 53 3 38 92 22 116 78 90 86 102 95 21 30 85 2 73 98 32 57 63 109 81 59 4 17 38 25 32 56 103 1 49 118 91 47 89 115 52 50 109 41 16 13 49 19 78 41 87 49 49 49 104 30 97 71 97 88 30 6 115 114 17 96 33 110 54 83 2 48 10 23 46 110 28 40 98 91 70 100 96 45 78 4 
94 116 68 9 2 62 104 24 35 120 77 14 92 68 6 11 63 16 57 8 109 47 119 36 18 116 5 85 42 27 43 67 15 106 79 89 7 46 106 55 117 109 16 14 80 55 43 91 35 2 14 37 11 41 76 55 94 84 110 113 4 114 104 20 71 61 12 17 61 1 26 85 60 89 119 87 2 14 30 60 66 5 82 38 37 38 83 120 116 76 47 17 97 79 104 110 14 66 16 90 54 78 2 105 27 40 102 116 45 23 24 54 108 48 49 88 56 36 53 53 52 
51 52 41 68 72 97 13 67 42 85 35 78 55 26 21 43 68 19 61 13 84 60 82 44 88 92 98 119 42 102 72 54 14 119 79 30 107 87 19 103 27 5 109 118 77 75 55 36 44 55 78 72 80 108 41 101 69 116 28 43 106 38 105 107 41 17 15 95 23 100 75 9 21 52 39 87 97 69 26 96 84 111 82 39 39 61 62 114 12 91 35 120 15 43 18 1 57 104 63 74 23 68 3 68 80 102 52 101 102 6 20 115 99 5 53 62 11 21 36 84 66 
105 10 40 42 33 18 47 120 1 20 55 49 89 111 89 104 47 76 28 99 62 81 98 1 107 39 82 12 83 77 69 100 75 114 18 47 84 25 3 79 100 95 39 45 117 113 50 30 117 45 41 112 17 42 42 67 69 7 3 46 98 33 19 40 85 120 49 83 69 97 79 32 76 58 88 105 99 87 60 104 46 67 73 111 102 80 20 60 102 94 90 84 85 28 18 14 106 78 105 112 68 81 36 50 63 2 47 67 42 112 115 86 80 44 86 4 43 21 35 26 19 
107 7 115 23 68 7 10 93 94 87 96 39 43 69 37 79 3 46 24 58 88 68 75 9 14 46 10 22 55 55 62 75 50 46 77 69 99 29 86 100 108 41 95 106 23 67 43 41 102 105 119 56 96 79 89 59 96 109 50 52 62 25 3 8 70 15 83 76 79 71 83 118 78 5 78 23 49 45 107 29 36 118 115 112 78 2 52 92 69 54 49 117 105 21 86 116 6 83 23 23 44 86 75 117 33 86 5 54 68 44 26 102 8 24 17 83 101 56 38 118 53 
36 9 69 77 55 115 76 84 28 3 39 55 85 100 93 27 18 62 42 42 92 87 4 86 9 29 88 4 76 103 24 77 8 86 93 60 3 55 26 110 61 81 19 101 10 29 68 89 119 70 110 48 67 24 104 25 91 22 73 8 107 55 84 35 43 73 1 25 57 117 72 40 85 17 63 33 110 112 45 54 72 94 27 88 25 54 78 32 27 49 73 20 116 62 81 6 8 112 100 59 43 21 60 109 2 76 62 87 37 106 19 57 60 74 93 43 27 68 74 93 116 
104 51 77 40 112 112 59 70 52 89 31 77 103 51 59 53 102 104 99 42 53 92 24 36 105 50 78 39 25 102 95 108 32 15 37 4 88 19 55 14 49 15 83 11 71 81 32 64 94 116 36 19 83 90 111 2 16 84 45 85 109 19 10 90 30 101 20 84 86 85 85 89 55 105 3 109 92 82 52 47 7 86 42 76 117 8 117 17 100 105 6 59 104 79 46 85 72 83 75 55 14 108 47 116 44 49 49 41 16 37 43 83 112 70 103 11 16 80 45 84 42 
24 44 30 47 115 112 34 114 99 93 51 3 45 66 57 102 38 53 70 79 37 33 40 61 4 94 48 119 99 2 81 103 37 26 31 114 23 53 97 28 39 16 12 68 89 105 70 13 55 4 5 20 9 18 16 73 63 79 35 13 119 28 118 30 108 14 68 3 49 103 110 56 99 87 73 40 93 24 73 39 40 37 71 8 105 96 44 75 30 48 59 84 13 84 31 119 18 98 39 49 72 36 118 92 36 8 108 25 116 61 5 27 115 99 101 33 47 33 38 47 116 
112 118 43 49 3 104 47 23 11 112 52 47 44 26 117 31 84 88 10 66 99 14 3 45 86 75 104 80 16 93 71 98 115 1 71 96 108 1 65 8 20 116 86 7 48 74 87 12 35 83 107 113 26 65 40 53 117 39 108 68 72 67 40 19 57 35 5 54 50 114 32 52 18 66 117 33 63 76 9 61 85 12 72 25 74 29 2 9 72 51 110 59 94 107 62 74 99 39 64 8 116 21 67 85 5 4 74 13 106 4 56 74 30 80 60 23 66 2 28 26 5 
110 23 112 23 68 69 49 56 77 35 104 39 48 69 113 64 109 64 26 80 83 11 37 88 44 30 92 97 40 93 117 12 111 87 89 95 32 59 63 62 97 114 17 116 42 34 3 21 23 46 99 91 34 109 41 56 3 82 21 42 31 113 77 50 54 25 110 93 101 76 73 66 65 50 28 45 50 18 29 90 80 101 110 86 38 37 88 88 97 17 19 36 69 8 58 72 5 77 13 71 35 72 81 81 21 47 34 113 17 30 33 98 30 96 6 116 39 98 18 5 40 
95 15 4 104 40 46 61 43 38 19 59 12 100 59 20 49 11 3 118 24 91 34 48 14 70 74 77 119 31 67 50 30 113 58 87 109 62 106 102 108 114 65 19 17 90 68 31 10 81 92 71 21 21 100 39 27 85 101 61 84 60 98 119 118 37 115 90 108 65 106 58 12 36 39 11 75 105 2 51 91 63 7 119 14 76 78 115 56 11 106 49 8 43 11 46 19 20 1 43 118 59 52 7 87 9 14 39 65 70 113 107 93 79 5 78 41 29 99 52 82 11 
15 17 93 91 84 114 67 44 2 98 22 37 14 10 112 19 2 49 47 115 7 105 80 89 65 19 5 115 43 1 76 97 10 7 35 94 25 16 102 101 21 116 111 24 117 17 37 81 80 40 46 19 114 102 14 93 34 37 81 51 21 13 73 29 23 22 109 102 109 89 19 76 51 43 104 62 119 106 14 57 94 5 93 108 119 46 99 47 81 108 76 96 99 31 19 42 19 46 21 48 58 13 116 87 65 91 87 74 47 23 35 16 66 30 64 116 5 86 18 25 46 
118 77 81 73 13 40 37 115 18 99 14 5 108 92 63 9 63 104 99 52 76 62 65 8 29 65 52 48 58 94 66 109 26 44 16 14 97 61 82 14 102 69 1 69 81 71 6 115 95 110 83 28 120 14 7 56 64 95 98 81 11 60 22 87 109 25 49 53 96 84 37 96 29 2 2 34 26 96 110 47 107 62 91 46 69 59 66 88 115 90 40 24 6 78 118 23 6 59 117 53 59 72 12 24 5 91 74 113 120 115 81 15 115 118 29 76 92 88 116 71 40 
10 98 60 55 84 48 77 23 52 91 113 12 55 12 119 6 100 13 74 92 116 113 93 98 10 37 47 65 68 4 1 81 56 112 46 49 112 24 111 6 89 48 1 68 29 33 90 94 49 63 77 110 114 26 32 41 14 4 111 30 8 27 15 86 26 95 83 19 26 57 46 9 111 92 27 40 101 70 72 29 109 43 37 66 9 72 111 41 18 23 25 5 16 63 55 17 26 115 88 113 47 110 85 22 66 115 41 29 22 114 87 49 10 47 50 12 80 94 47 29 34 
77 3 88 94 42 31 33 56 45 26 51 117 119 5 89 10 113 112 107 38 113 61 54 76 50 54 31 88 117 35 71 107 66 98 81 78 83 105 44 83 10 74 47 69 28 35 117 94 27 66 82 66 32 53 92 118 96 7 90 88 6 80 99 86 77 53 7 78 59 3 41 73 3 53 100 2 28 23 33 75 114 32 118 27 83 28 40 9 92 101 79 55 9 80 5 115 90 48 89 30 48 54 84 9 112 69 56 66 4 13 103 53 100 84 40 40 24 58 95 62 62 
93 5 113 74 76 24 8 87 120 102 99 22 49 20 48 6 52 35 42 71 104 11 43 54 117 2 119 9 111 70 113 34 8 108 69 3 100 81 39 35 95 78 59 64 99 75 35 119 23 22 14 19 34 19 96 60 120 25 67 93 99 58 69 119 14 39 99 16 44 46 32 103 6 85 17 30 85 55 101 68 1 105 73 66 17 102 101 117 95 106 48 97 96 55 74 108 61 120 97 13 116 11 90 119 97 108 93 68 108 69 101 58 17 67 85 82 82 89 82 38 31 
31 113 74 43 55 4 37 119 92 110 75 14 56 60 11 56 75 15 9 29 120 73 93 69 38 117 9 105 28 13 47 10 107 52 96 23 41 103 22 71 75 107 1 19 41 26 49 116 87 12 27 84 28 64 34 17 58 51 52 101 84 119 27 52 107 97 108 112 29 3 92 117 83 112 64 44 62 37 21 88 66 37 44 27 45 86 97 117 29 33 40 72 120 78 39 112 38 79 58 110 7 107 26 61 79 16 2 37 55 24 91 65 104 13 113 63 1 26 51 23 77 
38 35 87 64 82 47 31 110 118 88 107 96 96 8 64 31 42 2 4 74 117 45 101 80 67 28 69 47 97 1 48 7 41 37 94 33 108 12 52 80 45 44 89 58 85 45 11 95 9 63 84 102 42 8 84 58 26 45 9 2 102 14 72 26 9 87 20 89 93 35 90 89 28 43 105 118 3 77 118 61 82 21 41 52 77 57 62 51 78 26 62 116 76 29 98 105 76 97 45 68 86 53 29 35 17 113 18 14 73 119 85 24 3 41 45 89 119 104 39 3 118 
84 105 50 36 53 28 107 105 24 89 32 44 29 2 103 39 3 45 68 96 46 36 69 108 71 33 12 89 98 15 98 49 25 92 120 27 65 82 43 92 66 114 69 1 60 44 119 77 72 40 50 48 44 90 75 111 5 6 3 79 116 21 62 120 55 42 15 40 100 93 47 74 86 43 33 105 29 99 66 108 77 77 22 101 117 46 72 101 68 112 19 47 98 80 94 101 33 83 72 29 83 113 1 61 78 15 16 59 25 40 82 98 44 38 76 14 20 60 117 41 33 
90 26 32 80 35 62 49 48 110 46 8 27 114 76 68 106 87 115 113 82 62 39 47 32 58 85 17 90 89 76 47 76 107 114 112 50 31 19 57 44 5 74 11 40 114 44 119 61 69 9 111 12 6 46 10 116 103 112 72 57 52 83 50 30 22 118 32 34 117 59 58 38 73 76 16 24 76 67 16 14 99 90 28 114 108 118 52 6 38 70 8 72 11 26 18 81 9 109 52 106 38 37 93 64 54 63 116 67 104 41 63 69 119 31 113 63 15 103 62 46 5 
47 57 116 7 86 81 74 50 94 117 51 66 19 32 78 9 77 53 3 59 31 115 60 87 44 25 88 45 21 24 86 60 5 26 43 25 5 111 45 108 4 101 63 61 79 14 14 70 119 49 88 36 72 111 39 105 58 99 82 76 69 82 8 64 85 113 94 77 16 23 14 86 40 32 33 117 104 22 13 108 35 21 19 48 78 120 11 88 55 83 18 73 97 30 80 40 80 67 69 66 120 14 17 84 63 78 66 32 108 34 116 39 77 61 101 89 16 68 57 98 99 
77 68 38 75 43 72 69 89 57 119 95 34 36 4 68 47 7 52 23 99 73 55 53 59 94 67 58 82 5 91 67 102 57 106 27 24 49 92 117 94 36 65 114 42 58 103 100 95 104 45 72 110 48 48 70 24 111 45 53 44 112 80 59 66 36 45 30 102 45 88 103 58 66 7 90 5 94 116 39 65 94 54 98 117 35 50 23 17 27 76 21 3 99 76 119 20 53 17 48 31 49 32 25 114 22 108 36 59 55 114 68 109 26 95 113 96 115 37 100 60 51 
79 113 22 62 55 62 9 8 74 78 66 43 56 2 37 57 86 45 38 61 90 50 64 62 112 25 111 113 85 63 62 87 18 76 13 64 61 87 16 14 23 34 84 6 65 9 23 113 113 63 103 102 48 94 53 120 45 40 34 34 72 57 27 117 117 97 63 114 73 84 64 47 106 70 65 63 14 3 119 104 62 119 64 9 36 20 46 80 4 7 90 98 46 114 77 30 47 45 33 43 89 101 94 14 21 95 51 21 101 104 108 31 84 37 11 86 3 31 1 59 65 
19 104 29 43 30 113 103 24 9 69 23 104 92 70 36 45 98 82 52 12 92 77 97 58 82 72 34 42 85 76 27 66 44 80 8 111 81 2 15 105 109 53 3 36 32 79 87 31 8 33 32 1 89 12 70 31 24 85 66 34 33 96 114 111 54 103 48 77 72 44 50 67 76 117 119 53 113 64 56 100 99 67 11 51 96 92 59 104 45 87 108 114 1 48 9 29 62 57 85 47 48 91 39 30 67 98 59 54 71 60 63 47 114 8 34 105 86 91 68 19 85 
30 95 86 47 103 44 73 34 47 56 48 81 55 56 54 58 94 120 67 50 70 10 66 69 91 26 39 43 15 87 79 10 69 30 102 97 116 118 59 82 92 117 97 80 114 108 83 47 53 67 57 93 67 12 115 4 50 16 48 45 103 19 95 115 27 1 64 4 19 96 106 110 78 95 95 115 80 34 15 78 108 68 25 83 104 45 98 6 46 65 26 116 69 37 35 67 109 19 118 15 55 70 51 9 25 102 4 109 44 118 6 47 30 78 64 98 110 7 57 17 119 
44 62 58 11 38 21 2 97 27 28 114 7 70 50 69 10 9 86 19 99 35 49 15 85 60 115 38 31 115 47 6 91 78 77 103 45 50 47 14 47 71 57 78 101 73 52 118 31 47 96 52 116 52 65 96 118 117 41 96 99 24 67 108 80 50 45 54 60 106 35 60 56 34 5 99 99 26 118 74 77 20 9 94 53 29 99 31 94 5 107 116 14 13 24 10 11 20 24 52 104 92 10 22 63 45 99 89 106 47 1 106 108 120 28 21 3 40 71 69 113 95 
104 53 66 102 2 117 32 116 19 75 118 85 1 45 90 73 13 26 45 108 52 104 94 65 13 59 117 40 14 92 76 73 115 96 54 70 94 118 88 58 63 79 64 35 48 83 50 29 100 98 11 9 36 119 49 98 110 92 79 12 26 20 8 47 96 42 31 39 62 49 29 58 10 73 85 70 46 29 4 43 58 30 119 118 101 3 113 25 27 38 112 33 4 66 96 78 23 51 117 11 90 69 62 48 34 77 60 30 63 62 54 52 74 33 92 88 91 53 17 23 50 
65 59 64 15 15 32 105 26 73 112 1 27 112 88 45 84 27 79 75 10 42 50 52 60 66 67 66 68 91 107 119 65 17 60 38 106 97 32 12 5 92 29 78 8 104 105 29 70 101 85 13 36 20 63 82 71 90 2 72 58 67 27 16 86 50 11 32 37 10 40 90 15 34 26 42 54 62 65 74 81 52 18 101 53 92 59 118 58 104 26 25 46 59 74 91 84 13 10 115 11 14 21 57 51 83 25 60 95 46 4 84 71 70 84 34 15 61 3 119 48 20 
80 120 37 89 24 23 33 79 40 81 24 94 45 101 74 19 107 34 114 9 87 8 68 104 28 92 7 5 51 68 94 67 90 111 105 104 120 50 105 60 80 106 74 2 49 69 75 101 14 16 95 58 29 16 99 84 8 71 24 114 112 95 99 110 119 84 37 76 66 106 108 27 82 72 85 27 71 23 95 99 56 44 40 44 117 85 89 88 30 39 31 96 10 54 58 38 96 80 30 74 99 64 96 116 100 100 97 117 18 91 73 115 17 108 111 112 120 84 54 36 42 
92 53 102 43 67 79 67 58 62 93 50 48 4 100 13 90 81 80 48 54 45 34 94 49 69 43 37 55 103 27 100 65 84 79 46 100 92 69 20 78 72 18 71 23 107 57 96 65 90 93 71 44 115 48 67 86 32 119 13 30 28 8 9 42 8 92 25 62 77 111 46 27 61 91 67 21 65 9 9 104 7 102 17 94 109 119 6 22 13 44 90 55 40 56 41 28 31 104 112 114 111 89 88 28 52 116 105 34 85 116 25 8 40 107 30 54 41 46 50 5 51 
25 77 28 109 11 35 43 116 65 45 27 2 95 34 13 27 105 86 115 111 36 72 43 115 116 65 107 96 43 45 61 53 62 15 99 48 115 46 117 11 44 17 114 26 80 30 55 87 27 63 52 105 48 95 34 30 25 5 59 105 40 99 52 94 19 79 68 16 113 100 18 29 28 26 26 25 83 47 44 42 92 88 13 86 109 107 79 118 120 7 42 69 75 8 59 88 9 109 6 86 41 41 62 7 19 21 47 1 40 64 51 83 74 92 107 49 46 88 88 96 75 
23 33 19 54 61 81 105 26 40 58 11 39 83 39 23 77 92 68 34 32 11 46 27 14 83 23 97 113 16 57 44 21 76 41 110 63 8 115 81 92 96 27 52 119 111 54 51 8 10 68 72 96 80 2 120 117 104 103 99 35 9 70 60 26 52 23 71 13 77 113 83 38 2 3 46 36 88 104 53 10 106 112 8 9 33 70 118 101 37 25 56 47 12 50 112 49 76 16 94 31 57 28 68 2 70 32 84 44 107 65 95 114 96 91 92 82 85 60 100 21 107 
51 18 81 120 116 45 13 52 67 78 94 18 39 85 80 57 88 66 59 25 65 98 46 95 28 116 13 95 80 48 4 77 72 71 72 11 31 118 39 40 3 90 22 58 47 92 99 59 104 14 99 7 115 5 14 106 58 47 4 115 27 6 81 25 43 33 17 10 112 36 65 109 67 119 53 53 88 53 94 108 92 16 58 30 53 110 83 58 19 74 69 120 9 104 30 59 113 107 80 72 110 101 89 62 23 2 117 6 111 114 71 28 91 3 93 43 53 90 6 107 81 
118 27 19 31 20 49 107 44 96 84 98 19 107 112 81 99 110 107 74 78 92 17 46 12 60 69 60 33 18 97 70 11 80 11 28 12 82 8 71 111 75 42 85 38 89 116 25 83 110 92 56 106 88 33 56 20 11 102 88 45 58 49 17 47 14 115 15 23 31 103 103 18 23 67 17 3 46 14 10 99 41 107 60 39 25 91 83 14 68 31 56 51 11 71 109 17 115 6 40 81 52 37 111 67 83 61 106 22 42 103 111 103 11 59 23 93 11 117 24 77 8 
118 15 47 49 8 29 30 103 10 90 76 114 97 21 61 50 23 33 91 95 62 91 105 41 67 111 24 53 101 14 33 89 74 10 116 103 102 79 46 80 20 11 94 38 1 90 59 120 80 3 84 4 115 52 49 48 27 1 102 7 41 52 69 27 7 93 82 24 105 64 20 91 59 85 98 39 1 103 75 61 10 74 101 97 33 62 95 16 103 68 15 87 80 76 87 35 76 111 50 28 87 3 97 39 46 58 74 41 95 97 5 108 15 66 29 49 11 4 87 87 68 
33 86 12 106 101 51 93 104 102 86 44 97 90 87 38 43 107 11 36 21 59 61 105 38 57 71 20 112 46 3 36 14 98 40 7 44 107 115 41 69 8 65 24 116 76 51 57 60 81 110 118 81 51 4 89 47 52 112 117 21 92 73 38 27 100 35 89 105 36 46 84 32 83 90 89 75 20 109 71 119 64 6 115 98 26 41 111 67 118 118 78 19 70 14 70 11 52 71 4 37 78 64 17 10 107 87 1 21 119 86 109 11 8 12 72 65 24 75 105 61 52 
6 82 120 104 92 82 114 36 11 43 96 22 33 80 87 43 98 118 12 91 100 92 75 70 74 34 103 99 26 120 1 88 30 87 96 22 4 74 47 55 39 22 7 44 102 45 87 64 78 4 49 49 5 46 101 29 114 81 63 58 14 1 36 8 13 81 116 107 87 98 10 54 72 70 22 63 97 46 53 102 3 81 42 74 90 63 2 74 84 79 102 35 36 52 106 112 101 3 117 65 59 58 81 87 117 60 15 51 51 15 7 107 11 102 51 29 118 77 46 40 80 
53 1 38 76 11 34 72 110 55 112 80 6 45 97 1 17 53 4 67 45 25 119 4 86 32 115 60 51 60 106 47 58 76 117 101 16 65 72 37 88 106 20 103 53 68 62 98 22 105 57 40 33 91 36 29 116 95 50 57 87 73 30 2 75 103 60 87 8 62 45 50 86 37 31 96 87 90 97 30 44 19 93 13 105 99 78 6 46 36 34 35 45 57 98 13 49 100 97 46 82 53 54 108 22 75 83 42 89 87 83 35 78 24 64 50 38 119 43 65 70 54 
97 58 12 111 96 111 46 72 66 110 105 90 19 112 84 70 93 16 3 73 79 48 45 92 77 52 72 111 40 74 6 113 19 51 64 108 117 88 68 47 99 86 98 94 48 36 44 53 112 12 90 87 23 59 46 75 79 89 93 109 50 69 15 7 76 32 111 4 4 77 37 97 91 13 89 33 12 109 90 83 113 39 55 33 109 3 85 93 68 55 23 8 33 15 120 31 43 8 68 40 100 95 109 50 50 87 46 39 96 60 100 120 85 34 93 120 70 113 90 68 76 
30 15 46 22 119 74 116 73 64 119 58 7 77 15 63 59 40 38 76 21 4 25 42 27 13 57 40 68 28 24 1 55 85 42 83 115 41 45 27 52 37 51 32 103 64 66 69 26 18 38 8 94 56 115 89 62 44 27 115 26 18 116 112 85 25 108 48 54 86 18 45 50 60 114 117 117 38 33 67 93 117 93 4 51 84 68 1 117 87 78 93 58 21 9 85 84 90 7 87 84 16 20 41 116 90 120 55 14 64 86 9 102 111 49 80 54 91 81 71 19 38 
108 110 103 27 35 5 81 103 45 44 83 118 71 26 39 8 118 54 61 103 64 91 32 117 92 100 90 119 24 30 70 64 110 105 36 85 33 42 105 54 58 72 7 72 19 80 13 94 15 13 86 68 81 33 14 54 70 14 77 120 23 115 43 28 51 84 1 43 24 29 100 23 2 17 77 29 65 36 83 81 60 67 31 24 38 56 19 116 93 13 119 117 46 75 60 83 3 25 94 103 48 49 44 56 56 81 72 10 13 22 55 74 95 73 45 99 51 90 86 59 6 
26 35 20 24 32 108 54 68 110 18 20 54 66 78 104 21 62 78 29 116 80 52 118 105 117 49 80 89 115 83 66 18 94 118 39 30 117 98 93 43 74 17 80 6 81 47 115 106 30 24 9 16 59 10 78 82 97 43 51 64 86 66 88 73 77 42 54 84 87 116 59 63 37 75 43 96 69 49 52 117 94 23 37 39 68 48 101 67 74 100 1 70 17 53 57 118 116 37 87 38 107 28 116 13 26 48 5 52 17 79 44 109 69 98 40 113 69 9 83 39 69 
16 101 61 47 40 21 65 35 95 97 88 72 97 113 62 55 76 37 91 70 14 87 8 120 81 29 61 20 63 5 18 88 100 39 115 100 35 106 119 73 25 10 25 77 107 76 95 14 109 82 32 30 108 84 39 114 12 117 72 104 105 48 32 100 85 45 120 76 75 56 83 70 81 8 68 15 92 105 78 78 70 4 44 50 89 77 102 21 59 117 9 13 73 73 118 45 98 67 97 97 104 27 14 20 105 73 80 37 15 85 119 42 97 118 11 83 60 81 104 40 76 
82 23 107 88 101 26 21 40 9 40 32 16 35 57 75 23 56 46 39 119 64 71 78 119 95 113 34 68 12 118 90 75 120 80 45 22 92 57 57 29 96 91 12 15 61 27 41 87 110 53 45 2 48 105 76 107 4 115 19 5 69 117 18 39 40 104 44 65 113 16 15 119 107 62 84 114 43 30 7 57 89 23 9 61 72 72 116 14 79 49 78 56 27 105 80 59 13 12 101 19 105 55 113 106 54 61 11 20 116 109 62 11 103 110 29 71 68 53 6 41 11 
60 42 54 9 69 6 95 89 13 24 65 65 46 101 119 9 93 8 105 80 46 94 16 88 75 57 100 55 54 86 107 3 68 73 42 70 86 3 6 70 49 95 71 58 51 95 9 79 1 97 102 58 107 32 13 92 1 118 107 63 48 46 12 25 15 67 70 100 118 3 27 42 110 111 96 75 3 60 21 115 51 84 107 22 104 38 33 28 81 47 115 88 51 24 72 27 109 100 42 78 36 7 85 89 60 37 32 85 15 43 101 59 19 99 50 52 45 23 7 80 92 
103 116 27 64 18 19 105 115 20 21 9 27 81 112 52 89 16 71 101 24 113 90 11 99 28 98 102 108 61 108 118 9 35 91 44 12 118 8 49 92 21 79 101 7 66 35 113 119 30 85 52 45 12 8 61 42 92 62 46 110 42 51 107 40 30 60 38 104 101 9 80 25 62 15 114 19 53 86 38 61 103 110 5 34 66 116 109 36 61 79 32 9 86 3 20 120 49 32 62 101 112 52 108 32 71 37 118 1 5 39 33 44 85 16 73 2 40 61 63 117 96 
117 52 46 83 105 95 46 11 70 90 3 30 52 11 3 91 10 89 51 38 32 49 68 50 16 106 14 68 9 50 79 42 45 64 31 78 42 28 22 34 119 64 32 57 84 90 120 100 32 26 4 66 4 16 66 77 70 18 45 82 86 76 117 41 31 42 52 71 27 48 68 67 28 16 108 58 117 43 101 29 16 33 112 30 76 112 74 7 98 107 47 74 48 95 30 110 54 96 120 1 28 100 46 46 46 19 80 11 79 43 104 72 36 112 18 58 83 50 40 28 88 
52 59 85 77 28 57 103 91 82 55 75 24 78 117 55 115 52 67 119 79 33 104 58 25 96 111 68 36 1 56 110 56 48 103 75 98 28 67 109 45 32 78 48 23 42 1 114 17 89 63 30 23 47 112 55 7 22 108 49 91 90 47 67 107 72 102 72 74 49 85 79 51 26 7 27 37 79 111 88 98 47 77 96 17 79 77 117 119 66 71 60 73 17 92 34 100 114 64 27 71 78 67 90 54 12 74 55 59 19 94 81 16 8 71 1 118 105 118 43 113 78 
111 35 76 79 27 20 45 43 81 32 90 7 40 107 107 95 66 50 7 1 51 41 54 84 90 64 76 26 32 86 102 117 39 69 80 85 117 95 19 19 60 21 11 45 100 68 105 89 53 106 34 37 114 80 84 1 83 65 40 20 53 65 45 24 96 67 15 8 47 25 119 38 105 64 105 39 67 74 5 15 80 105 96 58 43 118 87 120 77 118 93 4 75 5 83 65 14 41 111 86 85 110 77 97 34 63 3 15 114 81 20 113 90 98 82 105 9 69 16 120 43 
45 76 46 40 113 23 110 42 62 15 3 95 3 38 8 61 67 108 47 46 38 37 106 43 28 112 44 51 7 66 91 93 101 53 95 108 28 58 74 20 65 72 51 4 107 114 23 16 96 32 103 120 98 55 44 1 48 52 112 94 51 32 97 64 10 41 33 54 55 30 102 101 60 86 11 18 63 108 110 116 97 45 101 20 20 68 98 106 20 114 26 21 50 23 25 65 116 95 95 53 51 36 17 88 108 90 107 42 95 59 45 117 29 114 69 54 97 79 19 93 113 
26 107 112 12 34 73 69 15 88 87 66 113 33 36 74 51 118 8 99 89 35 8 83 110 79 59 101 77 30 12 32 118 71 58 120 88 104 81 11 64 49 36 79 77 3 40 103 47 59 97 85 73 1 12 65 78 68 49 6 77 97 87 27 11 108 117 23 49 107 70 46 97 97 56 54 118 13 58 39 58 53 36 41 118 20 97 79 82 57 22 63 30 32 92 26 56 75 98 35 54 46 2 71 19 100 31 43 118 84 81 91 62 65 41 95 5 34 106 108 57 29 
77 19 4 21 16 42 18 75 23 115 102 116 48 21 32 5 113 47 120 27 30 61 65 64 46 51 117 52 82 91 96 52 29 35 37 60 23 42 25 23 12 98 5 74 65 30 14 45 56 40 85 80 93 96 89 58 52 87 7 87 52 87 108 100 77 78 118 66 116 100 17 66 57 92 23 5 65 77 5 45 58 43 56 68 65 30 75 60 5 57 60 104 16 76 65 69 44 98 56 3 120 103 18 47 19 30 98 2 80 63 120 57 74 58 87 52 20 85 67 63 7 
73 80 64 107 6 92 42 33 95 19 69 34 47 47 65 2 40 57 74 40 64 27 16 108 13 67 109 19 63 40 102 62 5 108 50 12 4 56 89 69 97 76 55 33 71 87 46 61 117 105 4 55 24 93 37 104 66 110 68 11 110 106 40 113 20 21 101 57 3 25 101 57 95 98 31 12 53 13 99 84 50 59 48 58 98 28 9 112 25 60 82 87 68 115 25 99 51 2 81 25 98 54 13 1 20 1 2 58 34 106 46 79 96 59 92 46 99 26 62 13 6 
22 57 49 97 25 79 63 1 100 115 42 50 22 12 39 11 88 47 39 34 103 76 76 43 94 87 22 41 62 116 87 4 65 62 31 63 4 69 5 52 32 110 16 49 56 16 77 24 56 79 95 84 99 86 29 99 113 97 42 11 115 101 8 115 65 74 76 58 118 5 110 40 62 5 30 31 24 62 36 88 5 90 110 103 20 70 110 78 70 94 46 58 63 74 104 62 12 98 21 5 23 16 8 74 52 118 35 12 51 97 107 37 67 76 60 70 44 106 68 80 80 
27 77 93 33 111 91 118 115 76 28 30 119 33 96 93 32 43 73 97 117 13 59 38 96 41 38 29 95 102 117 42 78 58 103 115 108 117 99 76 37 45 2 106 54 95 104 92 112 82 79 36 43 31 31 71 66 75 63 61 94 12 51 100 79 37 77 103 108 10 69 114 120 40 12 59 7 80 1 99 42 60 39 54 9 37 64 77 87 52 84 8 68 108 93 51 8 73 41 9 71 69 72 99 65 54 15 109 45 108 75 90 7 46 82 35 92 74 5 67 4 56 
25 92 116 2 42 1 93 80 12 5 39 22 53 107 46 91 37 87 99 113 76 14 21 25 62 89 52 97 17 64 95 108 99 102 48 39 71 112 98 35 65 63 95 59 112 59 32 75 58 90 35 57 104 44 9 53 82 99 96 73 81 49 7 51 35 98 88 101 2 86 92 76 22 19 120 120 36 50 92 2 7 65 67 38 73 45 41 44 66 44 61 46 73 40 59 75 116 95 107 23 48 119 1 19 63 7 109 49 83 18 5 61 51 45 59 35 104 38 55 48 39 
2 108 88 96 24 17 114 34 97 111 35 73 4 92 113 105 116 120 113 95 62 16 88 73 110 5 94 46 69 96 8 30 113 58 38 111 55 12 36 120 51 88 103 108 73 118 16 59 29 93 58 88 78 5 120 48 51 10 102 43 89 84 59 30 60 48 71 66 107 99 70 29 82 14 42 78 103 83 11 2 115 29 37 51 91 118 55 17 113 77 5 1 78 86 107 54 86 16 87 6 34 47 35 117 52 99 73 66 82 3 72 41 50 41 84 108 19 18 39 36 84 
109 118 95 80 107 120 79 60 61 73 43 16 113 11 93 63 69 25 101 97 71 106 14 106 92 47 74 24 61 15 83 116 57 104 108 43 61 21 23 115 28 116 70 23 108 88 75 101 55 45 82 5 90 58 112 32 21 97 24 32 8 70 68 60 88 109 91 31 76 51 69 101 42 1 73 44 7 14 55 110 47 49 115 114 32 96 41 44 63 36 27 35 91 46 71 55 104 21 9 63 25 56 46 60 87 75 84 95 67 6 35 43 24 58 91 66 9 92 8 27 39 
92 51 31 43 90 48 31 85 83 18 14 97 104 96 68 91 85 28 102 73 21 69 18 24 92 21 89 99 2 112 4 42 94 96 39 103 2 4 92 86 98 89 101 59 5 119 34 98 88 93 120 55 80 4 107 8 103 11 10 95 51 106 78 20 40 60 78 51 69 78 17 86 27 68 111 116 12 64 16 37 90 116 100 13 17 19 5 54 15 120 20 69 19 104 113 82 80 32 14 107 64 95 66 102 12 88 56 7 86 90 20 35 89 117 71 31 113 71 9 99 77 
50 90 16 116 119 45 99 94 95 98 19 111 54 29 63 51 84 76 74 103 91 106 93 73 109 12 51 10 115 117 78 53 113 101 105 33 1 109 4 83 54 110 9 47 75 87 32 2 85 12 110 110 102 94 75 36 117 103 13 26 91 58 32 53 12 112 29 34 21 59 67 8 115 54 81 92 74 93 62 113 95 89 20 90 80 98 82 30 94 81 71 28 65 12 34 118 29 67 6 40 68 73 4 115 105 47 72 96 20 18 52 82 117 21 73 61 41 116 33 98 14 
78 26 18 98 96 36 85 95 119 14 61 44 120 82 87 119 108 114 95 38 76 75 20 19 68 119 36 62 94 55 100 47 81 79 39 2 88 17 59 100 1 116 117 45 52 22 101 10 50 100 50 34 95 14 41 60 78 118 27 79 74 92 44 80 21 34 44 24 103 68 108 6 75 86 70 91 53 18 13 92 54 37 50 93 116 72 51 105 3 54 61 3 96 47 52 75 14 85 61 47 10 109 82 3 72 107 54 109 41 42 29 3 58 81 49 17 3 65 117 85 26 
16 76 68 105 64 78 75 12 13 31 34 35 35 12 94 69 10 47 112 32 66 47 112 83 105 24 93 26 6 65 70 66 55 100 72 107 57 10 27 45 56 60 97 81 71 54 110 36 118 34 50 35 49 107 100 28 108 100 60 68 93 39 84 30 71 111 9 35 79 14 48 91 106 19 24 105 35 16 92 47 44 67 4 5 39 70 83 59 118 103 91 56 77 12 33 39 27 107 61 8 35 3 28 8 48 78 95 26 42 55 104 90 37 71 41 14 42 61 64 17 90 
30 60 107 24 17 105 37 41 81 60 62 7 76 63 74 73 9 19 95 106 90 40 58 105 117 106 56 52 28 64 66 55 47 112 60 35 67 99 98 4 73 94 112 82 67 75 24 113 39 66 95 114 11 111 79 65 49 3 16 40 70 84 12 78 77 23 61 55 49 114 94 8 35 85 54 112 98 117 84 24 62 27 54 31 112 91 66 52 50 31 93 66 12 109 76 106 70 85 111 24 25 8 105 97 96 41 95 13 117 111 98 43 56 46 2 9 54 77 61 38 44 
87 54 62 10 8 118 74 7 27 4 55 34 15 44 12 60 113 94 34 20 24 6 40 12 59 89 108 62 112 32 64 84 116 61 41 41 77 116 93 68 77 50 13 61 30 110 4 45 97 101 38 108 75 45 24 73 94 103 70 22 57 70 26 7 24 98 103 39 1 31 33 84 21 5 19 52 89 34 60 116 102 28 6 52 101 89 96 102 82 81 56 73 26 96 12 68 86 118 14 41 100 20 88 52 32 11 82 14 100 50 17 27 19 4 111 27 23 37 88 55 7 
63 30 56 47 24 115 106 8 81 109 74 6 78 71 11 79 42 112 108 30 13 109 63 81 71 34 96 33 29 19 113 56 95 101 3 65 51 7 96 111 72 30 37 40 67 107 111 28 58 112 20 68 29 31 90 71 8 15 26 48 70 12 109 39 55 67 16 45 119 19 11 28 50 99 112 25 62 110 73 54 81 55 21 60 40 96 39 26 15 98 76 35 77 52 116 2 75 35 73 32 100 110 68 69 96 29 92 100 10 58 99 90 89 7 71 2 4 103 103 61 74 
78 88 42 24 3 23 117 84 44 18 98 68 104 65 94 34 14 44 52 78 96 22 87 32 41 10 39 5 77 44 8 109 11 97 62 55 84 4 97 41 107 22 114 40 26 100 55 93 21 104 76 11 29 56 80 8 83 102 20 90 49 81 106 26 59 67 53 101 92 52 35 52 71 35 106 21 88 98 63 32 118 117 108 55 25 54 97 40 35 33 44 22 27 27 18 79 18 61 50 58 65 55 2 18 75 40 51 69 68 30 39 18 14 20 32 22 33 64 113 18 50 
27 41 72 106 42 115 100 63 19 76 26 3 15 7 14 44 31 49 56 49 118 87 13 115 18 76 68 108 105 83 50 22 102 104 46 103 6 113 73 29 52 68 115 83 46 28 113 47 33 6 46 4 34 8 1 51 94 105 23 3 33 94 98 12 81 31 61 29 110 86 5 40 24 45 63 111 96 97 99 76 4 5 45 12 81 114 102 111 35 59 7 115 68 79 18 7 14 86 98 73 56 114 96 99 83 72 99 18 97 94 111 44 89 104 100 36 89 46 114 8 87 
11 119 53 10 81 72 13 8 19 29 88 51 85 83 96 110 120 119 60 50 80 6 65 38 7 12 61 60 54 44 48 27 56 33 46 35 97 87 118 12 89 58 120 46 111 54 93 111 12 30 19 87 59 91 74 104 33 69 118 1 33 66 118 91 84 19 32 39 118 113 18 98 86 29 14 31 85 119 20 96 52 93 51 79 18 104 8 59 73 74 1 15 91 3 62 58 36 94 23 45 41 39 78 34 63 87 72 75 79 47 106 50 16 87 73 87 26 72 111 89 42 
109 65 2 62 59 40 64 59 107 90 85 6 64 44 104 2 39 24 17 11 80 82 103 100 81 29 67 6 9 2 94 57 100 9 18 67 16 40 47 50 91 17 82 26 66 82 34 115 26 1 30 64 75 108 100 36 48 111 56 53 41 91 20 84 26 67 67 96 31 11 96 8 64 48 120 68 99 13 93 27 45 50 14 41 114 30 5 54 53 18 85 66 58 80 96 13 56 49 38 111 47 33 40 73 35 47 59 17 62 11 96 111 17 95 48 78 22 79 114 32 43 
74 61 98 31 88 106 82 103 58 87 78 43 52 96 49 18 4 58 26 106 67 29 64 28 20 41 62 26 114 96 98 105 23 111 106 108 30 67 7 75 107 28 87 46 88 28 113 71 55 6 99 24 80 62 12 1 106 96 113 87 101 54 101 74 7 11 63 103 114 58 15 105 53 63 72 40 117 99 36 107 70 5 25 62 81 78 42 64 99 27 36 36 111 100 92 71 48 12 22 23 34 7 42 97 82 70 38 73 24 51 99 32 101 75 57 56 49 48 87 116 100 
27 102 18 40 67 109 56 58 3 32 67 21 5 82 60 117 81 92 105 46 105 52 106 100 49 20 4 70 38 9 39 58 102 91 58 80 38 18 25 98 39 65 25 58 16 73 10 12 63 41 52 88 80 3 44 91 92 99 36 39 98 4 38 118 104 2 102 97 8 97 50 112 91 32 23 67 15 112 34 101 1 24 11 76 40 62 33 4 3 106 21 97 31 33 13 120 99 98 12 19 54 110 33 9 33 51 43 106 94 73 76 43 3 101 60 101 105 51 21 89 2 
21 54 111 83 69 10 31 54 15 111 70 106 97 42 16 47 41 33 37 73 78 29 78 69 30 56 92 113 102 90 17 43 71 47 43 87 107 99 113 39 120 104 80 76 102 102 119 8 22 33 53 120 120 22 112 29 8 118 4 80 21 36 37 53 30 80 42 94 6 70 22 114 109 70 58 20 35 81 93 76 59 94 49 67 90 60 95 74 73 81 23 39 13 2 48 83 106 7 115 21 13 109 1 15 64 115 20 111 77 95 54 78 32 21 55 103 24 87 120 23 43 
74 40 110 26 120 22 75 19 2 20 31 6 96 19 98 40 89 112 102 17 29 37 84 17 87 68 93 79 63 41 48 1 36 116 1 58 71 2 68 19 52 83 17 86 116 68 71 100 34 67 110 107 4 17 72 58 95 54 77 41 44 115 93 49 68 1 13 29 8 48 74 23 51 55 115 106 12 15 46 24 90 89 40 120 106 91 69 98 10 30 100 4 20 89 66 49 92 62 93 94 120 71 120 50 102 22 60 116 96 84 76 69 30 23 111 49 56 64 85 39 66 
40 25 56 5 28 58 92 100 8 13 74 81 102 44 43 21 86 42 90 19 72 55 41 93 2 55 14 61 109 17 98 17 120 8 90 85 78 88 105 57 8 54 109 10 112 86 1 102 12 16 74 67 28 9 103 17 9 117 46 78 7 8 52 20 16 84 75 39 108 99 28 86 79 51 119 50 74 56 57 28 65 16 110 21 98 30 65 106 26 5 38 84 96 115 4 76 8 100 52 52 112 62 105 116 14 99 90 107 72 34 87 86 118 27 61 114 119 112 7 61 100 
84 109 7 56 113 77 96 2 117 85 110 89 75 80 87 86 64 20 80 98 88 80 8 73 90 24 52 75 14 9 81 72 75 92 53 49 21 51 55 99 27 105 105 96 76 65 14 97 114 79 111 10 56 48 116 6 120 10 13 18 51 72 107 12 93 20 23 13 31 38 52 11 31 71 48 63 10 85 37 9 73 98 110 118 56 98 24 88 99 34 70 120 103 2 70 103 40 69 48 44 11 120 113 15 12 69 13 80 107 94 65 28 86 93 10 118 67 11 103 17 89 
80 86 39 79 20 16 20 90 63 40 90 50 87 99 2 59 63 72 19 41 26 82 75 11 44 44 25 2 40 21 92 14 85 78 41 116 69 48 4 55 42 60 60 28 9 36 64 103 20 51 1 49 58 89 83 106 69 113 57 104 97 74 94 101 47 33 23 79 15 91 87 78 25 25 58 54 106 106 35 18 67 41 21 114 67 27 3 44 83 8 20 3 97 15 119 17 62 80 98 82 94 55 110 23 46 104 79 101 117 110 115 95 77 86 31 58 113 88 67 27 93 
34 27 10 3 74 105 91 19 48 95 68 26 66 46 1 8 17 28 35 33 96 39 24 20 13 103 23 120 40 60 106 43 88 115 64 6 19 22 18 2 20 83 93 61 93 101 41 25 73 48 81 33 85 2 20 63 58 109 6 74 91 94 53 81 6 64 12 72 91 93 47 29 117 96 58 117 51 76 5 46 25 109 13 61 65 103 108 16 32 103 18 65 19 104 74 27 13 103 110 81 3 64 78 45 111 36 68 14 33 18 91 108 73 18 60 98 14 87 93 115 26 
43 98 63 112 97 39 66 115 57 56 102 86 17 59 61 27 9 69 88 15 89 17 84 21 42 87 25 29 33 16 92 8 3 95 1 107 58 19 56 3 3 14 54 70 51 48 58 28 73 41 29 17 42 106 113 2 112 41 46 30 40 113 27 98 53 94 38 115 109 43 101 13 104 104 35 35 20 30 25 22 47 87 79 34 15 24 107 11 119 86 98 16 61 93 46 17 6 53 71 12 60 94 91 59 15 65 84 82 113 46 38 61 112 43 48 67 24 6 17 19 6 
99 10 44 119 111 105 62 119 79 35 16 88 116 56 64 104 100 67 113 42 15 110 108 54 35 79 67 98 11 11 14 59 33 90 11 31 98 60 88 92 2 81 69 13 73 85 97 90 3 105 4 109 31 76 13 13 103 41 87 71 106 97 11 73 84 104 17 52 3 3 110 51 111 19 64 44 17 107 15 106 93 30 108 2 111 103 56 16 53 83 45 104 46 112 49 109 103 4 107 114 91 64 89 76 64 2 24 53 19 85 59 96 60 79 86 71 29 36 31 116 25 
118 5 62 61 75 83 78 45 102 99 38 73 83 75 18 119 120 46 93 61 32 3 93 75 81 110 17 99 107 26 40 77 27 48 59 81 114 2 7 91 68 34 14 40 109 54 108 68 11 64 117 58 22 39 67 4 27 53 120 69 21 117 8 13 40 113 71 81 118 20 73 92 108 47 16 23 47 83 72 89 11 2 107 110 50 5 39 68 119 93 114 113 45 90 56 92 94 63 42 115 93 8 3 44 53 103 92 56 16 7 43 6 16 38 6 74 109 76 109 111 83 
51 81 17 97 16 10 113 81 104 96 56 96 47 56 81 50 51 58 63 70 56 2 48 74 90 47 25 4 9 41 17 28 111 20 82 8 111 99 111 74 106 95 45 111 71 9 47 80 17 15 104 68 10 45 14 2 90 27 63 117 43 102 96 84 84 69 82 28 66 117 36 37 87 90 17 77 44 18 10 12 94 3 1 81 84 109 29 74 16 95 98 85 55 100 43 43 93 52 80 101 40 13 76 87 102 2 46 52 54 19 10 104 30 35 79 39 116 68 108 102 113 
52 118 39 48 56 13 110 15 103 56 75 34 85 102 58 83 27 106 101 68 52 108 66 98 38 34 120 65 113 10 76 37 57 5 111 110 61 76 33 3 10 76 48 61 24 105 80 74 101 81 106 116 105 46 116 69 102 98 2 106 115 47 58 55 64 69 83 79 73 5 74 64 33 77 107 27 82 119 5 111 22 81 77 12 102 116 20 38 107 40 38 45 96 80 106 59 68 51 20 115 13 110 25 95 117 50 94 89 19 99 13 10 107 114 29 37 46 5 12 84 54 
51 5 25 105 54 119 89 19 111 91 6 63 87 58 117 36 96 114 74 48 28 20 90 47 93 100 81 65 116 72 10 117 3 89 16 77 58 101 112 7 106 74 49 90 74 110 17 78 35 112 9 82 67 87 93 24 108 118 58 119 7 43 119 83 9 115 105 72 96 55 78 105 70 111 74 93 120 33 14 85 54 58 14 28 49 105 55 24 69 88 120 77 88 72 94 6 16 99 51 105 94 96 106 95 78 87 31 106 109 35 120 33 34 118 22 33 66 75 25 91 8 
109 85 87 34 36 69 38 94 11 60 115 104 25 48 100 48 50 46 81 41 31 112 28 105 78 42 101 23 109 81 113 102 81 109 74 51 97 1 14 48 87 94 53 15 5 44 108 5 53 9 109 2 30 9 47 54 28 31 17 85 67 71 22 35 96 34 15 31 114 41 44 28 44 72 57 79 29 53 54 87 10 64 112 107 103 14 109 114 42 48 71 7 3 44 82 10 6 7 1 10 89 100 68 30 63 89 97 12 31 80 120 30 8 36 109 56 49 23 75 30 35 
60 107 24 6 99 117 67 33 1 85 89 86 14 8 50 68 106 31 23 80 65 80 107 101 28 79 114 74 98 4 106 11 69 112 28 120 19 12 38 99 100 37 62 33 3 113 118 37 76 72 26 34 120 112 44 15 1 111 3 80 72 11 117 30 37 35 15 45 118 50 79 74 47 16 49 120 83 73 97 102 58 91 3 92 84 19 117 82 76 113 61 42 25 100 71 24 26 113 61 28 92 91 57 95 90 67 92 47 44 13 51 111 12 17 17 4 5 84 87 79 26 
72 35 58 102 44 6 93 54 114 115 19 70 106 75 88 113 98 24 15 72 48 90 120 48 23 92 20 101 34 33 55 111 15 67 50 36 108 92 56 57 91 49 60 36 15 80 84 35 18 36 47 61 108 99 24 107 66 42 19 79 53 116 95 28 119 4 87 78 11 82 82 92 11 101 103 74 94 93 78 47 101 69 96 34 34 25 5 105 7 44 101 7 76 32 88 9 90 41 12 77 67 4 46 23 42 94 47 56 113 107 73 14 31 90 80 95 31 68 88 89 25 
83 107 102 70 82 117 92 109 78 104 23 50 22 33 116 1 46 110 27 49 21 73 27 34 20 75 78 32 34 72 7 95 2 109 76 23 10 5 32 25 35 68 48 56 88 22 36 97 79 105 104 71 10 1 110 38 43 119 67 20 94 106 44 31 118 50 17 76 78 85 6 71 86 22 91 5 91 47 105 22 92 107 112 4 65 119 68 65 75 101 57 114 31 94 2 25 89 54 3 55 87 25 104 104 104 53 98 106 47 15 18 98 113 6 4 39 65 115 45 51 48 
120 8 80 96 78 52 4 74 98 56 38 120 18 93 31 115 13 9 19 85 41 110 35 15 114 94 3 61 41 16 59 34 45 43 51 115 35 49 16 116 4 55 68 44 46 7 20 52 117 69 112 100 68 70 70 53 93 95 90 55 41 41 8 52 95 42 21 55 115 34 116 114 41 99 18 69 52 65 93 73 17 14 13 13 114 27 110 1 119 47 94 47 72 45 117 12 8 38 45 93 23 24 5 17 107 10 23 120 92 36 111 72 81 22 96 12 71 7 62 119 92 
17 99 108 36 17 38 20 3 71 96 60 69 22 88 83 22 107 23 109 100 118 115 89 111 63 61 22 80 91 31 56 74 92 70 87 27 15 96 14 2 57 15 119 66 78 21 94 63 51 95 74 83 74 20 92 85 70 63 14 107 100 48 44 90 81 117 43 93 6 24 79 7 12 58 65 39 62 89 65 69 24 35 78 18 30 109 50 29 27 92 96 64 113 60 42 2 90 30 104 45 1 54 82 98 77 113 99 26 55 25 18 92 11 120 106 101 65 97 80 68 97 
37 51 25 21 17 75 31 107 38 26 112 13 108 79 35 47 112 85 108 6 116 16 111 19 9 95 70 68 101 95 99 63 73 108 30 45 118 50 8 7 41 102 17 23 58 115 11 21 48 65 24 61 18 1 104 67 40 118 81 8 92 111 64 64 100 107 109 95 5 13 54 100 67 84 73 107 110 91 42 76 73 64 73 11 18 5 1 12 46 8 83 98 82 64 55 116 49 9 74 14 95 44 109 68 85 89 3 108 13 105 63 28 62 39 74 75 34 13 4 102 101 
23 24 13 34 36 97 68 12 50 106 1 85 115 22 29 94 26 46 66 98 30 68 81 72 12 35 117 60 20 93 56 116 75 29 28 31 57 86 17 9 61 88 35 61 81 48 84 64 68 25 93 106 103 44 30 28 22 8 30 47 59 102 109 5 83 15 53 84 56 31 22 78 101 113 37 57 9 47 104 114 83 51 19 63 17 96 65 105 58 53 69 94 68 70 5 75 39 82 101 109 79 119 100 52 35 3 15 68 10 63 52 106 102 29 27 103 57 78 75 13 115 
105 4 24 88 35 117 97 86 26 75 109 70 68 2 13 18 67 55 1 49 119 5 66 68 7 111 68 40 31 75 29 18 9 36 74 82 46 70 9 21 88 76 32 41 76 57 35 48 69 109 116 3 4 71 109 97 10 29 117 22 95 117 45 115 102 26 86 81 8 9 82 99 68 101 23 32 116 101 23 4 65 32 47 114 60 65 63 17 44 90 88 48 40 30 87 21 18 115 42 98 103 39 92 100 88 78 25 31 1 20 9 91 51 24 89 12 62 33 13 116 58 
120 28 116 4 42 10 76 79 52 2 18 7 85 18 71 1 33 10 41 84 81 6 16 18 89 29 73 16 5 40 38 97 24 83 75 15 102 53 118 80 102 105 76 90 21 8 20 34 81 73 118 50 42 13 102 53 67 108 6 27 78 10 12 80 19 96 27 88 106 87 57 70 56 91 69 118 31 61 9 38 91 31 50 12 107 23 84 3 68 51 71 90 33 59 71 11 43 118 61 58 23 79 114 26 10 107 42 115 72 82 22 31 43 65 49 96 5 48 118 109 87 
2 49 86 56 113 63 49 19 103 114 96 102 119 1 87 84 112 30 87 105 5 5 94 51 66 82 4 21 55 86 35 75 44 3 35 76 119 64 90 42 27 9 50 55 84 1 58 27 14 12 57 56 3 109 19 46 91 57 45 16 27 108 58 46 83 99 76 119 94 30 112 74 27 56 103 65 2 14 12 106 92 118 30 100 114 119 23 10 68 75 103 59 62 52 36 114 63 107 13 48 93 92 82 88 44 36 73 99 31 31 17 44 107 99 92 111 24 90 79 71 42 
