151
64 60 94 114 83 103 71 115 37 64 104 44 23 60 93 6 21 23 72 4 39 101 14 60 105 37 32 41 16 56 71 120 97 83 108 66 98 66 68 60 39 83 67 100 107 39 36 8 79 45 91 78 100 1 15 1 12 15 82 24 101 25 39 55 96 56 43 83 50 4 97 68 2 118 70 62 52 46 38 83 52 114 5 57 115 92 15 103 43 55 64 3 84 16 117 77 87 8 62 6 3 25 119 70 11 56 7 79 15 51 49 28 51 65 72 89 93 113 20 13 60 96 102 97 83 42 33 33 91 107 117 95 105 71 55 16 72 22 115 43 45 87 6 72 13 24 55 31 89 55 62 
57 75 32 29 91 2 112 83 63 90 33 94 111 24 56 108 20 22 114 55 67 75 44 112 80 56 54 100 76 19 34 49 21 84 23 78 39 3 75 23 60 110 52 53 52 27 1 104 9 103 11 105 97 32 12 56 108 72 29 69 17 47 73 99 53 79 13 5 71 105 86 74 42 17 11 107 67 16 50 44 112 13 24 23 38 44 39 117 96 93 34 28 10 46 79 62 107 64 40 89 11 33 85 33 86 5 75 24 42 24 68 12 24 118 105 106 114 94 24 41 100 90 3 21 31 86 49 21 2 57 27 17 42 30 40 103 76 103 3 22 107 114 94 23 15 14 78 10 12 100 30 
41 93 26 106 80 91 22 90 67 109 57 72 109 52 50 47 58 16 73 115 61 72 75 103 28 103 80 105 16 115 15 39 100 105 24 49 50 36 60 89 48 5 16 87 10 103 100 103 119 35 93 68 52 39 75 30 42 62 118 107 72 103 61 46 94 107 112 77 20 63 99 76 77 26 42 61 114 110 13 117 103 13 93 7 107 22 99 120 83 107 44 19 92 10 112 47 1 72 103 70 87 81 26 12 3 107 68 119 33 82 110 32 119 76 95 115 36 11 113 78 93 36 99 36 17 31 51 6 73 67 71 1 56 103 51 68 41 24 31 17 29 116 50 118 119 96 52 33 33 22 4 
67 39 85 43 66 38 9 7 35 111 83 54 29 83 3 55 24 45 73 43 25 101 110 74 109 32 12 98 23 83 28 45 20 35 100 41 36 112 74 85 100 49 4 114 41 3 42 78 71 92 25 105 34 5 50 112 73 106 46 83 5 99 25 79 107 90 87 18 64 116 103 65 27 25 27 95 104 16 7 19 69 55 106 105 109 92 53 79 100 39 15 50 56 24 78 97 90 99 34 93 12 11 66 85 6 62 27 13 16 86 86 57 83 81 97 10 16 79 96 18 87 2 48 11 61 2 33 25 29 104 62 113 79 37 85 102 112 7 9 95 12 41 5 27 92 114 94 110 26 65 109 
120 83 31 7 97 35 49 62 18 12 6 54 80 58 27 115 70 58 16 38 59 65 102 96 51 30 34 93 85 115 60 118 81 96 12 87 61 45 26 1 91 94 66 47 91 110 120 76 25 65 45 8 15 14 20 23 64 56 102 78 50 58 108 87 34 24 60 43 69 24 94 26 110 68 4 23 30 111 72 49 49 58 34 65 39 90 96 10 75 81 69 3 19 72 7 71 34 1 16 30 42 31 35 27 9 11 89 100 38 44 100 22 30 4 16 111 99 25 102 29 80 57 87 77 75 4 92 36 55 73 1 11 26 64 32 63 98 100 63 16 85 44 112 87 71 19 47 66 96 63 8 
100 90 21 114 95 72 33 12 56 109 46 9 9 115 28 81 82 36 44 19 101 24 35 27 33 8 43 114 115 6 6 17 42 64 23 47 99 93 1 65 88 16 37 13 13 64 60 26 65 75 61 105 64 5 56 74 86 102 52 84 114 36 92 22 49 2 113 97 79 4 62 87 85 57 79 60 115 114 106 92 8 110 49 81 76 18 50 54 77 50 38 30 6 113 92 97 32 21 107 92 109 97 65 14 3 83 7 58 72 110 78 94 7 113 6 96 102 97 45 36 77 73 95 35 85 100 81 35 22 26 117 49 64 55 40 118 63 108 76 91 113 82 28 30 12 51 28 79 62 86 89 
72 56 13 59 40 54 21 112 77 96 8 114 8 63 41 72 26 27 80 76 67 82 79 11 76 18 25 87 74 16 20 75 19 100 111 52 14 77 19 105 92 59 111 32 69 81 24 95 30 65 62 108 19 52 31 76 110 10 95 106 56 38 61 9 37 107 46 28 48 44 60 90 8 103 45 100 53 47 106 53 108 15 102 99 68 35 94 59 1 27 76 98 9 107 79 92 94 117 58 94 54 93 107 52 58 78 1 17 16 11 95 30 9 14 16 97 37 118 35 114 81 42 87 10 50 60 60 118 52 2 45 30 60 43 38 106 107 24 86 52 116 89 6 116 65 36 5 75 12 27 95 
35 10 16 8 92 55 10 113 86 116 28 27 69 104 88 6 93 84 6 114 75 15 11 38 10 55 100 81 3 15 26 105 35 20 82 102 29 34 82 62 25 52 4 51 39 33 61 13 7 97 117 78 8 68 80 16 39 24 25 115 66 41 109 38 24 58 16 79 79 6 61 97 2 77 101 106 83 70 54 72 42 32 117 60 5 55 93 12 90 34 27 86 65 2 119 100 82 60 119 44 100 90 70 87 41 120 20 47 49 89 79 58 44 100 87 5 77 99 41 32 19 90 5 20 47 48 20 93 76 81 1 58 84 54 74 81 48 48 16 44 24 41 108 92 95 36 114 110 91 1 13 
97 98 15 43 118 104 114 112 74 24 94 84 66 76 33 73 52 29 8 105 66 12 115 49 46 90 39 98 49 59 17 74 40 119 59 55 76 75 114 97 62 14 4 33 112 2 20 48 94 30 101 110 42 9 5 23 36 28 22 93 40 34 75 87 118 114 103 40 56 8 38 33 82 31 52 35 66 115 57 42 98 79 48 27 77 62 48 98 49 28 98 28 71 27 94 100 60 82 66 49 23 115 65 97 8 90 112 51 32 100 14 44 17 42 18 63 72 9 27 101 63 60 42 77 34 13 93 66 89 120 68 96 78 51 57 79 113 51 89 46 104 73 105 97 70 29 50 51 91 44 72 
99 95 2 25 16 43 13 115 37 33 102 114 117 72 6 10 114 51 16 85 57 16 24 3 9 102 80 78 76 63 54 102 105 88 63 68 13 76 11 87 50 24 53 21 8 115 10 4 43 66 91 28 3 120 92 2 95 36 78 81 66 68 49 71 57 86 75 65 75 40 4 97 114 55 112 107 39 35 1 7 55 90 119 67 7 73 101 24 64 115 62 71 104 3 65 90 66 8 40 97 4 59 62 93 51 73 94 106 18 18 64 31 116 23 15 34 13 69 9 14 83 115 51 35 8 19 120 70 49 86 13 33 14 80 118 56 29 39 26 2 1 20 68 34 16 12 39 35 95 115 67 
7 79 31 36 99 31 30 36 76 68 100 93 94 23 67 27 36 77 44 66 108 81 41 86 12 66 87 36 2 83 91 42 117 91 102 22 30 105 26 25 71 96 40 62 21 72 81 52 106 107 40 15 108 56 14 43 92 117 76 51 75 35 96 15 116 29 34 24 21 36 102 89 40 23 4 30 30 60 83 5 47 70 78 38 41 1 52 114 93 103 112 63 8 57 64 39 51 88 22 63 34 14 73 79 68 64 109 15 80 107 22 105 70 46 106 24 97 69 46 36 74 36 73 98 117 47 32 8 27 39 106 15 8 104 78 105 63 81 112 10 16 13 30 59 44 71 24 84 97 49 4 
54 80 25 69 25 78 58 15 85 56 90 44 11 107 95 34 4 24 21 117 57 101 35 35 65 91 40 68 90 106 35 56 66 45 8 4 42 114 113 70 104 80 118 88 4 45 118 67 51 56 60 23 70 3 71 106 101 118 114 46 36 101 16 95 77 103 54 75 89 13 11 107 27 84 21 112 52 97 108 119 57 104 63 93 19 111 64 73 7 10 70 3 14 62 2 103 72 35 31 120 20 23 111 103 58 80 9 43 13 106 91 54 8 51 51 18 57 94 112 94 91 22 108 83 62 95 94 64 40 62 47 99 4 38 114 100 100 87 24 103 5 38 25 91 26 118 102 7 101 18 99 
67 105 38 15 51 45 42 45 102 55 72 72 49 52 102 74 2 47 46 68 4 108 114 74 24 31 23 84 74 56 56 74 119 3 37 36 57 116 76 25 48 7 113 115 32 43 93 55 65 97 74 31 11 95 55 31 87 112 88 39 65 87 45 69 47 32 21 55 61 54 56 42 7 37 15 50 64 95 109 37 62 2 2 93 23 74 24 102 24 88 74 67 95 86 114 74 2 100 2 88 103 118 65 58 3 54 58 81 65 62 116 74 115 70 81 10 35 86 81 83 26 80 54 76 105 7 88 60 76 15 23 62 117 5 97 73 76 56 62 42 37 46 9 27 1 52 58 57 105 18 100 
98 11 6 112 31 77 40 101 66 93 109 86 13 48 72 46 108 64 74 55 77 104 44 119 67 97 63 84 5 118 11 65 56 80 74 34 90 95 71 9 108 71 16 14 27 41 80 7 112 41 85 120 48 67 46 71 78 99 46 75 118 47 74 65 98 53 62 25 98 61 71 100 116 43 55 17 57 70 33 24 48 87 12 59 20 3 1 57 88 46 104 47 40 91 14 44 7 49 113 60 1 44 1 31 35 96 103 58 49 76 8 99 9 87 58 114 6 87 113 3 57 35 20 116 3 115 59 73 37 55 93 42 74 70 3 16 25 44 77 13 61 50 65 90 95 84 74 41 86 57 105 
71 11 82 117 62 87 92 113 5 100 89 3 50 50 14 99 74 26 9 72 116 115 11 19 82 61 46 90 7 104 6 40 54 51 105 62 62 35 54 60 49 24 46 3 108 68 15 117 96 36 26 64 66 70 38 11 83 13 4 12 118 104 85 34 74 88 16 3 34 43 43 39 27 113 75 62 56 120 104 73 45 103 96 33 1 73 120 79 5 26 116 101 111 42 109 41 80 46 102 4 45 6 86 7 53 46 84 65 86 53 43 102 9 13 68 22 51 111 31 22 7 52 40 67 53 47 109 46 90 80 22 56 11 1 84 89 48 75 120 33 93 112 4 65 67 115 102 13 80 53 12 
110 12 72 73 71 38 118 32 53 100 35 38 40 7 69 14 95 88 46 30 100 90 84 101 54 111 15 85 31 110 31 51 84 52 58 85 34 50 40 94 6 106 43 83 113 90 7 115 81 21 44 103 12 65 118 118 31 42 52 82 71 9 25 40 13 107 93 105 30 14 1 17 25 30 48 120 102 21 90 114 115 82 104 45 44 40 107 54 113 44 100 73 79 56 40 92 99 46 47 119 119 114 7 56 114 15 82 119 68 29 44 99 67 64 46 48 39 78 27 40 16 40 21 58 73 58 27 39 21 28 35 27 21 33 12 117 17 67 31 119 39 30 110 15 89 70 103 95 30 63 113 
54 86 75 58 80 110 43 103 100 50 13 109 77 24 2 62 96 79 106 65 69 28 55 109 63 7 116 34 64 59 56 120 119 72 79 5 89 41 1 120 74 66 30 32 99 56 68 110 20 82 18 77 92 32 116 53 76 72 14 88 57 32 65 110 104 25 1 111 9 84 105 48 68 64 3 120 44 28 10 20 107 63 107 118 41 11 7 65 54 70 55 78 93 36 80 88 104 74 5 102 51 17 101 78 23 35 118 57 39 14 6 81 66 42 118 100 58 108 94 79 117 13 30 62 28 48 75 78 107 6 90 85 17 104 78 31 82 108 60 15 95 105 56 89 66 25 107 111 50 69 24 
95 114 85 93 11 104 11 61 20 66 98 93 97 45 72 42 114 67 29 71 20 28 109 107 37 30 25 66 22 88 85 12 4 78 18 68 82 59 48 26 56 98 105 115 99 67 62 36 94 51 1 104 77 9 8 100 38 6 80 77 116 92 65 2 116 49 38 113 97 91 22 15 31 31 42 105 82 35 105 26 26 67 23 3 30 53 6 80 40 92 39 98 83 86 43 91 60 60 72 69 53 120 82 56 91 29 100 15 29 71 4 80 74 80 96 46 55 75 100 54 73 77 55 23 117 12 5 110 38 82 120 103 51 31 12 83 116 51 58 21 8 12 32 57 33 75 89 60 84 26 37 
49 42 112 84 36 47 2 14 47 17 56 35 12 44 80 93 20 52 34 24 15 89 68 57 114 81 32 45 78 69 42 66 117 116 115 96 56 58 61 110 96 102 8 74 65 46 82 19 107 11 65 11 13 70 18 55 76 113 69 22 102 53 34 72 21 105 6 16 42 9 76 102 58 106 88 94 72 78 68 42 87 18 76 92 90 36 70 14 63 58 105 59 68 40 24 7 36 90 49 108 103 90 54 120 58 22 14 70 64 28 81 40 12 98 81 7 112 87 86 3 54 116 24 24 70 37 26 36 56 46 67 52 11 78 107 114 70 86 50 94 16 3 65 93 56 30 60 42 4 26 39 
97 81 83 7 63 103 91 84 88 51 64 52 88 69 36 48 16 28 77 42 55 38 50 41 37 45 53 82 33 105 26 103 36 13 78 53 78 67 58 51 50 95 45 66 85 57 16 95 11 69 48 28 29 110 53 79 97 98 103 43 11 58 8 64 60 83 18 61 63 53 84 94 52 113 117 120 85 117 106 50 101 49 13 94 65 51 107 116 31 91 100 46 92 108 81 34 71 80 38 95 14 118 17 107 56 38 98 53 81 39 42 50 20 33 73 54 74 77 52 14 69 105 97 81 65 114 61 57 103 70 11 46 36 108 109 120 114 19 108 104 77 20 43 29 34 72 99 47 35 54 62 
50 106 78 106 87 3 66 45 88 84 88 68 11 52 100 42 111 67 36 21 107 10 55 77 110 15 89 22 106 96 108 53 37 108 62 118 91 109 63 120 84 77 19 108 85 104 18 41 44 12 117 71 100 34 41 114 75 43 30 71 56 47 82 61 82 87 62 54 93 60 92 56 107 48 89 91 116 116 40 101 58 39 60 115 111 110 9 19 96 4 46 44 51 5 95 36 91 53 13 95 8 90 88 20 6 82 103 32 69 120 92 73 32 108 13 91 105 20 93 15 61 43 6 25 89 37 7 9 69 27 53 10 24 36 117 47 100 58 18 39 87 98 2 103 61 25 37 45 15 99 83 
71 96 10 57 85 30 14 16 27 44 49 42 50 108 107 98 54 90 32 35 8 60 15 30 80 85 98 50 15 97 57 4 31 20 46 91 82 19 55 88 54 120 93 47 55 84 44 14 104 34 31 68 35 90 29 38 5 5 98 99 97 25 120 38 18 8 25 104 54 42 28 56 53 3 76 20 17 54 85 13 75 107 50 52 61 15 62 37 35 109 110 86 115 72 59 1 108 90 39 83 58 53 17 74 65 74 83 22 51 11 66 118 7 84 23 49 15 70 2 75 88 56 15 120 70 100 45 84 94 80 2 97 39 101 39 8 72 27 63 24 16 114 93 113 65 37 79 120 22 28 4 
58 14 120 98 47 5 46 39 111 71 87 46 12 90 4 114 55 6 65 82 55 93 66 46 91 51 29 38 16 6 36 83 120 105 1 83 5 35 93 102 112 32 47 26 3 12 33 65 50 25 104 104 20 94 21 63 118 11 18 104 33 72 11 31 14 116 34 84 102 59 45 106 79 41 75 40 53 69 49 92 104 86 116 37 34 9 26 30 32 57 51 23 26 112 87 15 86 62 65 24 21 64 34 109 90 15 105 71 84 71 57 44 67 64 61 112 88 106 25 57 75 6 33 17 86 89 27 110 73 68 40 97 44 84 74 2 2 107 24 16 34 13 109 25 27 105 78 42 110 44 104 
71 106 21 18 102 73 100 36 24 72 25 9 56 98 97 96 120 6 49 43 115 78 118 14 31 13 71 105 16 79 105 5 108 16 66 75 6 25 9 2 94 29 98 88 5 31 96 21 33 95 50 12 8 62 63 83 83 55 32 36 102 39 57 93 83 60 95 81 8 29 70 78 72 101 94 4 4 45 116 58 39 113 85 55 82 42 8 113 21 72 49 11 38 86 100 105 2 36 90 111 58 99 44 5 81 109 87 43 51 65 52 38 49 67 9 89 52 54 102 117 108 52 91 57 50 103 68 53 52 34 48 85 18 59 4 59 37 69 26 112 98 113 61 95 30 90 14 101 88 83 13 
73 50 26 37 102 86 56 102 10 21 46 116 3 118 25 109 34 74 89 57 59 83 46 79 65 52 48 89 79 114 18 89 36 81 18 103 21 38 92 90 12 51 51 87 66 14 85 74 38 59 110 8 34 92 62 11 76 15 77 108 84 82 8 59 21 17 87 55 22 49 99 26 69 57 8 48 94 106 49 3 75 8 103 63 95 8 96 112 52 93 88 112 89 67 114 89 6 85 81 85 38 4 73 22 119 87 110 27 35 6 40 8 99 34 115 93 49 77 16 30 59 115 108 93 40 28 8 2 97 60 71 28 14 87 9 23 30 25 51 1 27 14 39 118 98 106 76 24 45 58 4 
27 70 99 60 96 14 33 93 103 62 30 59 43 75 63 65 93 83 31 15 69 17 23 13 19 120 104 53 42 78 107 74 35 64 40 17 65 15 9 120 16 55 97 110 80 5 116 28 4 28 76 21 93 10 18 105 22 93 36 95 5 120 97 112 119 118 100 58 76 19 79 29 117 37 69 92 101 108 110 22 11 26 101 114 14 11 8 41 86 52 7 64 42 77 88 89 41 118 40 60 21 63 72 53 28 78 54 106 82 62 86 42 37 97 2 106 54 82 39 13 119 92 65 10 7 32 53 36 27 66 25 32 19 3 66 15 106 67 52 112 86 104 96 72 7 23 25 21 117 117 58 
69 66 116 66 27 119 119 58 80 102 76 30 29 111 9 34 27 27 76 56 107 68 7 58 47 57 35 9 36 117 64 112 73 32 8 108 35 107 71 54 116 68 45 37 52 106 51 87 38 90 51 31 94 29 38 120 57 37 18 78 119 77 112 102 64 112 103 58 91 81 64 23 91 12 10 87 113 61 108 61 85 3 104 117 22 70 51 47 3 93 11 19 104 110 105 69 69 16 101 93 27 15 102 68 85 17 113 74 106 68 29 37 89 51 1 76 13 4 7 102 76 100 79 116 57 61 103 77 62 76 34 26 96 10 102 120 46 71 28 75 9 39 9 26 110 65 38 73 47 17 115 
56 67 47 88 25 78 3 20 107 109 41 23 107 109 8 3 33 11 116 47 48 105 106 50 5 10 45 104 58 4 11 11 70 80 85 110 83 63 64 99 54 36 76 42 3 77 109 61 109 75 55 62 59 26 3 82 21 109 58 106 82 73 116 81 27 101 106 59 10 95 23 33 39 107 62 29 11 105 60 116 105 6 115 53 106 82 8 50 88 61 21 105 83 110 13 15 95 95 37 11 63 60 29 54 50 6 120 82 56 16 37 82 111 83 108 44 19 98 3 108 65 102 58 44 83 44 55 97 3 108 34 21 13 52 65 95 101 23 53 27 80 41 64 44 20 55 30 2 1 41 66 
13 8 107 35 73 89 76 73 98 59 7 82 65 79 101 11 92 111 10 111 97 37 12 102 44 7 10 41 74 88 68 21 21 38 120 57 45 80 119 109 27 48 117 51 17 115 99 1 99 118 74 70 4 101 42 103 60 100 23 58 62 44 102 101 66 88 53 37 99 76 39 84 12 58 17 24 47 20 118 76 52 47 109 107 24 89 73 2 100 107 103 90 18 27 19 68 19 53 1 88 2 86 101 28 48 38 91 12 86 67 101 56 81 111 8 62 112 67 101 42 120 114 116 41 42 85 84 31 71 17 15 48 11 62 31 116 84 13 55 28 48 68 54 101 108 51 86 78 101 105 74 
53 80 88 22 65 33 106 21 114 101 105 85 58 33 55 44 118 44 88 3 27 79 44 117 88 17 63 83 43 7 13 50 117 34 117 1 68 51 2 33 24 69 56 96 104 9 94 5 101 10 21 108 77 118 99 26 64 2 43 100 12 8 78 26 50 85 95 110 78 120 41 6 9 57 1 75 8 9 38 32 40 61 31 70 64 15 65 29 76 103 27 116 36 59 12 58 59 27 96 5 104 39 57 86 35 73 27 55 33 30 113 64 57 114 73 62 58 110 89 84 114 71 40 42 115 107 109 93 35 70 29 93 118 102 50 69 31 58 91 6 82 85 78 102 20 42 10 91 114 14 69 
27 59 65 14 43 79 81 104 35 46 65 73 115 99 103 115 12 106 112 67 52 3 98 102 86 28 117 96 68 15 62 98 96 105 31 66 64 90 79 65 103 6 22 102 1 64 79 38 94 85 48 53 19 90 95 87 84 66 27 1 117 103 16 26 110 37 115 87 39 17 46 67 27 42 109 48 43 103 120 116 85 77 84 83 119 96 94 112 73 27 118 41 60 43 13 46 43 32 82 120 81 4 55 59 68 52 104 40 15 112 32 39 92 28 80 68 16 87 12 46 75 83 5 23 69 83 115 51 37 85 82 95 10 22 53 14 57 96 64 44 109 57 97 63 57 18 15 71 11 3 12 
16 49 67 104 1 71 66 21 50 110 47 46 3 45 99 62 16 106 109 116 58 113 48 100 118 66 23 45 120 83 98 93 115 34 54 73 32 36 59 42 106 41 62 2 21 57 48 48 4 55 8 7 117 105 85 28 58 28 119 19 16 29 73 110 80 73 35 63 28 37 27 78 19 15 41 103 38 17 31 93 99 97 45 93 93 39 31 24 115 6 68 99 25 41 77 31 69 53 14 47 104 96 27 120 100 52 119 58 1 47 67 72 36 92 27 9 52 97 55 17 64 56 45 8 70 16 60 89 8 102 55 101 44 69 118 10 94 99 46 9 43 52 17 73 53 91 52 51 8 21 83 
9 82 43 19 30 104 53 81 83 111 42 54 71 55 90 51 27 32 71 112 106 105 98 64 41 68 114 58 101 26 32 68 16 24 17 64 105 6 70 47 50 42 6 17 49 119 16 17 23 114 120 101 5 39 92 4 8 59 28 30 96 115 118 102 15 107 1 23 12 25 120 109 119 12 79 8 80 35 24 96 102 57 67 58 65 119 73 65 50 10 3 101 105 43 114 3 15 75 51 25 40 108 24 64 87 62 24 21 27 115 70 113 11 78 21 27 8 116 91 17 71 9 39 47 11 108 98 4 14 42 107 88 34 114 72 52 15 79 63 23 30 93 96 48 56 23 43 33 100 82 9 
61 47 86 62 68 117 36 40 90 80 54 107 102 75 120 54 77 75 53 25 101 62 120 103 70 2 104 116 33 15 9 94 97 114 43 96 29 120 100 83 78 92 108 15 38 16 120 113 96 46 45 94 41 68 6 35 24 92 82 111 37 13 76 47 98 104 50 24 58 109 82 38 4 103 112 84 68 26 75 1 85 88 16 52 81 90 27 69 71 68 69 62 20 99 26 1 17 19 102 91 65 118 8 66 39 30 66 29 44 81 70 12 63 61 98 70 73 109 90 97 29 105 12 38 17 120 110 21 66 72 10 50 93 115 28 61 70 14 9 83 51 55 65 54 55 49 113 110 88 118 98 
84 32 117 46 35 102 53 108 103 105 100 8 104 56 35 102 2 75 99 95 44 68 25 112 119 118 75 51 38 86 22 7 116 42 109 40 100 110 34 60 56 49 62 105 112 93 39 42 98 84 31 98 68 54 22 103 57 86 75 67 59 99 93 12 119 57 95 92 82 40 112 99 30 114 12 51 116 76 94 85 18 60 63 59 23 87 118 39 2 42 17 89 5 5 62 45 4 40 112 72 38 105 96 31 85 75 107 89 78 103 98 68 107 62 103 11 30 100 82 71 83 106 1 84 38 75 108 68 94 117 48 88 2 5 120 36 84 66 20 103 17 9 98 48 102 107 15 60 42 23 103 
61 45 93 30 76 35 109 60 86 104 46 15 2 89 58 9 78 50 61 2 119 20 62 26 30 14 67 75 108 116 86 33 19 92 74 80 98 52 52 61 87 91 54 107 44 48 107 86 76 110 105 66 2 28 79 16 48 112 40 38 49 69 6 40 41 11 33 118 100 17 86 7 51 13 92 108 25 119 55 3 73 63 120 97 97 116 8 19 40 10 95 29 106 50 26 44 84 104 40 37 16 83 32 12 23 59 99 105 117 15 77 101 12 39 27 19 80 74 56 21 86 100 56 113 57 99 9 70 18 32 26 92 94 53 20 45 27 15 89 55 26 10 75 72 96 53 115 110 93 88 117 
102 120 31 83 22 2 16 111 92 76 112 110 65 78 10 33 13 89 56 96 13 42 71 56 19 80 10 30 118 84 89 28 2 38 110 70 75 108 108 103 115 42 43 17 104 44 15 69 106 106 93 42 7 24 85 102 40 55 42 112 35 102 98 8 86 5 104 60 25 75 78 111 51 23 74 26 61 34 41 25 1 55 56 8 115 72 5 45 91 33 101 17 105 53 7 106 63 51 93 55 29 32 81 77 114 1 96 109 5 114 69 61 27 37 89 95 49 69 27 49 21 2 19 34 61 19 97 62 52 120 103 86 18 10 45 63 18 13 112 101 6 113 36 69 111 50 52 10 34 51 100 
16 108 5 4 23 36 71 68 109 39 69 29 55 70 10 107 5 92 87 55 74 82 25 34 29 115 24 25 109 6 16 9 41 32 30 10 37 71 26 29 92 106 105 80 14 96 2 9 94 76 108 59 115 62 76 49 105 101 12 68 94 73 43 58 61 76 15 47 110 17 70 62 32 23 98 52 80 50 26 113 84 99 25 33 81 33 83 15 15 3 4 90 40 33 2 101 48 62 52 41 90 15 118 114 101 53 1 83 34 107 65 44 13 31 29 95 120 82 97 85 100 20 90 119 96 108 115 120 113 88 21 37 116 106 80 49 32 32 24 43 10 74 6 22 3 37 57 39 13 43 82 
75 92 16 104 120 3 3 11 111 72 76 55 57 72 72 40 28 29 110 17 11 96 94 116 22 56 59 29 9 2 93 101 77 95 97 74 70 75 99 37 67 105 80 96 36 55 89 30 80 98 67 25 80 33 66 52 47 96 17 51 88 35 77 88 15 110 27 9 99 7 70 79 3 96 108 106 79 12 111 92 58 120 19 34 96 111 5 33 50 27 105 79 7 13 44 96 42 44 104 1 113 38 6 37 45 93 76 54 81 25 82 118 49 75 12 95 115 1 49 81 69 2 46 82 33 107 17 37 74 8 81 44 48 85 97 39 103 49 34 86 73 39 66 16 60 102 77 29 77 73 120 
1 62 107 74 31 51 81 96 79 37 85 17 102 23 85 114 94 1 39 15 26 103 17 67 11 10 68 8 22 67 70 37 47 106 94 107 46 53 114 66 37 36 76 114 30 90 39 65 97 37 46 102 46 9 106 81 67 66 98 14 10 95 2 4 82 50 2 97 32 49 65 66 14 104 105 79 6 80 46 1 80 68 6 36 23 14 89 19 31 51 80 49 5 34 96 19 11 84 43 80 38 87 115 113 26 92 105 53 92 120 96 108 70 66 85 63 79 106 35 54 25 76 38 80 102 51 1 109 7 15 85 88 60 74 2 87 50 83 109 13 9 63 49 82 27 54 80 117 49 44 110 
109 49 10 83 50 111 7 68 115 113 87 105 43 97 3 116 115 119 43 11 88 60 119 70 89 62 88 81 20 11 103 97 11 62 7 69 29 69 55 50 118 62 5 35 106 69 27 42 118 59 47 47 109 32 49 43 96 83 51 34 60 117 60 109 119 50 111 93 5 9 85 103 42 21 7 119 40 107 94 111 26 39 18 62 48 61 87 105 45 109 109 71 44 26 67 48 63 24 59 111 98 68 20 56 105 91 77 76 56 91 102 106 28 87 51 52 56 72 115 53 4 72 54 34 105 55 22 52 78 86 24 27 103 107 22 101 73 33 27 81 40 10 61 37 120 13 117 111 70 4 110 
46 62 20 59 85 10 99 27 16 2 118 92 84 91 68 119 106 43 5 76 104 32 113 88 31 71 55 103 91 14 48 23 69 88 11 116 61 53 112 47 33 116 30 5 39 51 39 82 32 52 56 92 110 6 81 27 72 26 34 7 107 33 45 35 95 39 24 41 16 25 21 68 74 56 94 113 62 11 3 5 92 68 90 4 42 41 48 46 80 36 1 5 55 67 80 114 15 10 110 53 104 2 46 49 2 67 19 70 34 49 112 18 41 9 71 34 49 38 44 13 59 29 97 57 118 89 49 7 7 43 33 76 59 16 103 120 37 50 63 29 53 79 70 2 22 85 26 52 108 43 9 
117 81 15 59 116 111 63 72 52 53 7 31 18 79 87 49 110 93 100 49 101 17 108 62 88 106 96 62 97 77 54 55 108 110 29 47 103 86 56 18 60 111 47 82 106 8 40 34 7 41 54 42 64 21 119 40 32 78 34 27 120 84 16 64 5 13 69 58 52 113 39 111 69 88 88 31 5 4 76 14 108 81 89 96 16 16 88 75 90 109 86 80 6 18 30 9 97 32 85 19 91 40 23 47 120 31 2 66 90 48 63 21 17 1 74 3 70 87 48 39 26 93 76 20 79 30 53 52 40 56 51 64 63 23 48 48 81 18 2 47 63 38 78 30 41 102 60 102 33 62 54 
118 5 104 66 34 108 106 60 13 106 27 15 77 4 91 60 103 109 24 58 29 78 118 120 84 110 107 1 76 51 68 69 48 4 49 18 63 4 75 88 87 57 55 44 3 47 28 40 99 66 50 20 111 18 113 23 73 120 65 100 13 113 41 65 118 74 17 89 103 16 112 76 112 6 107 113 63 34 23 33 95 55 43 38 52 49 60 30 102 77 48 4 65 50 66 49 4 73 28 31 1 95 98 106 85 34 64 45 33 54 12 65 55 90 97 120 115 25 63 53 13 52 115 103 114 4 6 95 116 92 73 65 78 24 19 41 101 31 26 109 102 53 6 6 85 118 40 74 17 62 21 
98 13 15 1 115 64 44 20 7 41 58 88 72 22 71 86 71 113 90 74 106 100 25 49 120 4 36 87 120 97 110 39 32 14 7 113 23 65 83 64 14 8 103 60 33 63 49 56 10 57 75 96 94 76 50 37 110 69 111 77 35 10 76 39 81 38 95 89 51 77 83 1 26 42 52 33 112 99 92 92 3 44 52 8 1 97 67 4 108 53 65 26 94 110 94 69 20 47 43 10 53 89 21 87 48 114 56 52 119 76 48 114 68 115 64 36 65 85 117 45 102 27 46 13 20 7 20 70 67 73 81 65 48 100 81 86 62 19 107 61 94 107 65 38 34 50 19 8 73 89 17 
48 9 97 93 86 97 14 48 54 106 8 70 9 117 22 4 21 75 36 102 61 23 27 81 96 19 86 55 22 92 87 59 1 108 60 55 54 116 30 57 18 96 120 104 97 66 92 93 9 86 63 67 43 79 45 107 72 58 96 52 12 86 29 54 106 7 45 26 48 82 64 82 114 53 98 20 47 52 23 86 80 79 107 10 11 42 63 33 101 96 19 70 67 96 34 96 103 109 2 84 31 105 22 83 95 54 3 36 12 100 85 76 29 43 70 118 38 90 28 39 116 71 68 87 32 98 48 8 100 50 84 75 45 2 30 35 86 4 70 18 3 58 6 1 90 95 114 42 84 19 71 
100 36 103 22 38 35 67 58 113 23 98 84 22 73 21 37 66 46 58 27 5 11 71 76 9 71 22 108 71 25 30 71 13 108 25 28 82 72 97 39 19 113 52 56 92 70 26 100 47 57 3 96 93 66 105 46 7 58 80 90 117 48 6 79 16 49 99 113 97 4 32 104 10 94 40 45 31 118 12 60 111 12 6 43 17 91 90 81 27 102 49 69 52 45 25 89 12 36 98 77 48 63 95 69 25 76 22 114 35 44 76 50 8 77 22 54 16 37 87 2 7 48 42 115 60 9 23 85 14 21 113 100 29 9 64 101 43 63 83 20 8 104 38 66 56 115 30 9 14 14 97 
30 112 17 64 46 48 83 22 10 66 57 52 7 59 25 1 114 106 93 60 52 88 94 62 9 80 69 77 104 73 112 62 90 56 32 92 17 72 21 107 9 47 15 64 28 84 22 110 100 105 14 109 2 35 37 86 76 59 47 43 25 71 27 20 118 60 1 1 19 16 93 65 104 52 64 104 101 28 4 20 84 117 37 83 58 9 21 8 20 78 88 43 90 95 3 77 40 1 10 11 6 44 56 43 103 51 107 63 45 23 118 120 86 57 26 115 116 54 12 120 46 25 96 85 32 21 21 60 76 58 97 21 53 116 78 57 11 103 112 9 99 80 11 95 8 5 69 100 49 87 97 
35 53 76 40 8 98 114 89 61 9 37 58 53 109 59 43 58 33 69 107 23 43 25 23 15 73 38 114 79 48 54 40 72 21 52 118 59 73 26 96 49 96 97 19 119 7 23 38 76 8 7 99 114 14 120 47 110 50 61 79 19 118 94 54 98 5 98 49 78 3 32 22 42 68 81 6 35 46 68 26 27 109 41 36 50 49 93 11 12 101 41 36 33 61 1 77 96 92 92 79 68 43 80 12 25 52 85 69 33 44 84 35 22 84 18 94 106 50 28 106 39 2 28 92 51 107 36 88 111 14 39 23 5 8 60 118 94 100 19 38 85 70 120 12 100 54 53 1 86 33 38 
58 73 62 115 74 29 45 85 58 57 99 99 25 5 62 49 28 100 104 69 98 39 113 96 108 10 119 24 97 32 117 30 90 77 78 86 6 10 92 89 39 113 55 78 42 5 93 1 52 87 36 37 51 84 89 51 2 89 93 25 80 104 49 10 91 69 120 20 105 11 35 98 73 93 76 33 25 8 99 15 17 77 101 78 89 29 41 120 3 110 82 76 59 52 107 24 105 29 47 17 43 2 113 32 109 113 75 78 21 27 118 68 119 10 73 101 5 53 14 5 52 41 46 65 106 106 97 5 53 114 95 105 29 28 37 21 46 99 27 10 96 14 109 91 102 104 85 31 17 106 54 
9 80 31 18 37 113 40 33 13 62 97 22 4 81 110 24 108 1 85 84 6 93 22 34 61 39 72 24 2 107 38 94 7 100 12 54 45 105 100 78 107 82 57 49 113 27 61 11 58 48 93 34 72 106 77 37 82 30 67 33 3 11 15 115 19 34 65 91 87 37 120 5 69 24 81 59 5 66 55 11 68 51 70 13 114 13 70 105 75 111 6 14 49 116 17 13 68 5 120 2 74 104 76 68 36 42 85 29 71 79 35 20 76 116 74 59 29 47 35 46 94 3 114 82 119 43 27 8 99 92 41 2 78 92 62 12 62 66 103 118 58 55 48 56 38 13 83 61 75 78 97 
18 117 32 88 49 98 28 7 34 10 42 40 25 56 99 69 10 49 2 32 115 93 117 86 48 96 69 28 116 93 31 109 32 4 94 4 90 88 98 69 8 54 66 77 82 78 106 63 41 49 36 97 47 32 87 41 15 27 74 50 56 98 103 111 54 52 36 55 113 114 109 95 63 49 10 77 62 6 44 21 115 103 118 86 95 5 4 118 120 55 18 37 26 14 35 99 57 9 33 94 60 52 89 61 5 87 47 108 26 105 68 35 55 81 96 42 6 45 24 63 72 14 89 30 66 19 107 10 45 25 45 34 96 80 72 47 21 6 118 42 52 97 59 27 50 6 34 62 103 39 112 
21 35 99 70 1 111 42 87 59 41 80 42 116 74 110 112 72 38 40 98 51 91 113 37 101 90 120 83 116 42 36 88 60 114 20 1 85 106 14 43 103 19 16 19 79 95 96 116 71 113 40 98 109 59 85 108 73 7 10 116 117 39 55 25 34 4 110 16 95 23 54 104 3 28 31 80 20 38 95 29 53 65 11 105 76 75 1 79 101 40 17 95 105 7 106 2 13 62 58 12 61 37 10 10 8 42 116 100 89 109 79 107 44 91 61 99 92 99 24 109 92 13 39 116 74 115 21 80 9 27 108 65 95 112 99 57 30 2 94 57 81 47 104 63 80 54 96 60 36 73 14 
18 40 54 30 70 45 64 33 10 19 109 79 98 76 69 61 47 28 82 33 33 94 99 22 106 53 88 46 68 97 51 120 104 71 54 74 85 101 46 57 100 116 119 43 96 38 63 26 74 103 89 75 72 31 119 68 2 83 95 70 72 80 109 110 81 3 106 49 22 108 7 96 116 4 73 105 93 108 8 91 84 43 42 92 111 111 19 90 113 110 46 69 88 15 27 67 63 17 23 28 62 114 93 11 27 88 98 87 39 36 104 37 83 89 57 23 57 114 98 48 11 99 21 46 8 19 47 39 104 66 69 6 54 119 27 12 70 46 4 63 61 62 16 27 49 13 75 97 31 106 120 
116 117 76 43 54 72 26 71 97 87 98 111 56 109 40 71 7 62 6 15 112 120 71 22 43 53 2 106 102 102 118 19 98 50 20 30 36 7 4 107 81 32 38 104 21 48 79 13 73 33 89 18 18 22 3 75 109 11 95 59 89 83 12 57 75 50 32 53 18 95 61 92 18 59 111 117 103 104 18 87 120 75 80 106 85 48 67 90 90 2 114 43 109 90 35 51 13 108 81 87 74 31 82 17 108 43 110 8 93 44 112 109 108 95 54 7 65 73 113 105 60 115 50 93 7 3 82 32 12 51 115 46 115 29 68 14 15 6 84 36 85 68 49 50 8 34 88 18 63 82 11 
6 37 87 5 57 71 13 28 49 90 35 26 42 85 17 109 23 24 93 72 42 18 65 116 5 114 4 117 27 74 107 71 30 80 57 37 54 9 91 84 101 102 75 112 40 50 14 27 29 32 120 18 42 40 114 88 14 50 101 56 41 9 81 75 86 99 63 44 14 44 101 49 69 101 8 19 94 23 76 43 62 28 58 8 21 101 45 74 31 51 50 36 14 102 10 61 3 117 7 56 85 101 107 57 116 14 54 91 63 105 21 76 32 116 70 86 47 44 4 97 3 64 30 62 105 68 114 89 114 104 76 4 12 8 63 77 118 109 5 97 71 26 102 11 66 56 29 16 36 7 20 
15 4 23 36 28 102 5 92 65 110 88 55 68 2 95 55 41 29 25 15 32 99 79 3 66 98 14 31 33 71 67 39 119 114 61 118 40 87 63 80 102 75 58 76 98 90 48 97 113 97 82 59 44 85 34 25 8 29 119 52 104 100 42 111 63 5 8 83 110 47 78 51 36 47 5 105 96 110 24 34 4 52 24 71 120 17 22 53 92 114 62 108 57 41 95 44 14 103 105 83 41 11 54 58 50 94 117 76 105 50 113 3 25 93 73 29 45 66 100 1 51 51 51 110 67 19 47 53 1 4 42 80 72 100 106 50 2 2 96 93 8 100 5 64 119 62 113 55 107 115 66 
73 78 99 51 104 101 43 82 43 69 80 19 120 55 44 34 23 80 28 98 13 40 117 59 120 103 118 65 74 105 75 30 1 111 120 56 79 38 84 78 38 81 55 112 115 85 81 89 16 78 120 67 67 53 84 78 88 34 87 75 116 24 69 8 25 44 43 16 115 65 120 28 4 112 68 63 36 35 48 15 8 118 7 17 49 28 2 2 44 42 49 63 14 98 26 39 19 102 31 59 115 94 63 88 46 75 57 74 36 77 58 74 23 42 44 43 24 55 119 63 117 92 66 106 59 3 115 120 29 7 73 70 117 56 84 55 92 22 14 96 69 120 116 10 112 29 23 25 46 62 74 
28 82 95 69 68 63 44 60 99 55 100 56 90 11 44 50 47 48 6 109 78 99 99 55 50 89 12 59 111 12 87 85 54 83 107 31 98 57 3 44 87 52 31 60 102 73 53 21 51 100 18 109 2 74 24 36 110 22 47 108 118 3 4 107 102 24 106 114 97 112 24 97 20 22 94 14 116 58 27 71 45 89 63 81 76 105 94 59 97 15 72 71 89 40 39 10 91 35 107 108 15 99 86 100 111 74 104 36 91 25 69 101 38 30 27 95 97 112 27 52 98 13 23 12 23 70 87 113 114 50 13 34 66 37 86 62 9 1 72 41 29 80 21 19 65 57 104 92 64 102 27 
1 48 110 64 3 52 117 56 16 17 59 20 74 86 41 29 103 6 1 97 120 99 112 5 16 97 71 78 64 15 94 48 119 43 94 35 12 118 90 61 55 103 23 107 37 60 65 54 25 61 102 36 86 13 46 72 66 29 42 41 91 30 75 94 60 93 120 95 90 73 68 106 45 33 41 114 39 102 114 21 2 103 64 18 100 111 73 68 52 96 103 119 15 23 54 34 23 78 69 45 43 45 88 91 104 17 44 3 23 41 59 44 111 100 86 56 78 26 79 78 118 80 40 91 11 22 66 28 110 110 42 40 95 47 47 14 75 116 8 39 39 82 108 85 68 80 6 4 71 34 103 
23 27 25 101 45 9 11 113 95 18 18 93 33 79 6 88 17 6 19 66 72 13 116 82 36 37 85 2 64 120 8 5 4 50 37 49 29 19 38 118 104 64 49 62 85 108 95 62 83 52 30 98 31 94 9 96 10 38 110 57 14 107 102 67 91 100 40 45 26 86 48 77 22 4 111 98 85 118 3 51 44 71 82 101 61 24 30 46 75 94 72 87 20 69 102 11 21 46 26 2 102 113 62 28 24 100 113 61 57 109 6 66 60 5 49 113 13 81 65 25 101 13 106 2 90 27 10 16 1 25 47 108 114 56 95 65 110 65 12 70 83 97 85 20 109 33 73 116 56 88 65 
37 60 20 8 73 62 60 102 36 110 7 38 54 47 62 19 41 70 83 78 35 92 59 11 3 11 18 32 14 116 118 5 39 13 14 27 103 53 10 52 80 69 30 96 106 69 8 71 38 55 52 117 16 13 13 108 55 33 113 93 107 56 5 66 76 98 105 23 89 95 119 99 84 61 31 103 91 111 12 41 47 71 33 21 26 99 60 101 49 57 62 35 14 70 90 14 15 64 14 30 75 51 113 7 98 64 20 45 35 102 42 110 107 40 76 69 57 98 56 35 111 23 108 119 40 104 11 27 112 44 57 101 26 80 8 37 105 114 102 50 7 31 29 115 43 54 108 34 40 13 71 
59 106 16 116 85 95 67 13 34 43 36 5 27 2 115 105 21 12 33 98 80 79 6 18 105 113 55 74 58 67 55 26 102 56 12 35 28 37 57 73 27 31 102 90 95 53 72 26 112 83 65 105 52 96 35 52 70 31 78 6 71 74 12 55 90 90 114 89 117 37 50 9 50 64 119 86 73 37 119 113 30 118 89 50 20 69 73 93 116 69 25 117 69 46 18 20 54 16 57 46 27 98 88 113 46 25 53 111 41 79 29 6 90 37 120 25 20 11 100 45 79 20 115 72 102 12 92 72 70 40 41 67 30 88 95 109 11 93 77 10 21 120 2 8 73 51 78 32 55 36 46 
113 20 73 70 76 75 29 47 8 27 97 37 46 78 57 68 22 64 72 89 7 86 120 2 97 20 88 46 73 62 22 84 92 95 26 76 2 72 66 36 83 36 110 74 48 118 61 18 82 104 72 44 28 15 75 36 20 106 52 104 82 12 69 82 47 16 76 21 1 34 55 98 12 83 45 34 18 55 90 44 67 24 7 3 111 96 57 118 13 113 3 31 69 21 57 35 3 103 95 61 113 43 87 18 45 29 105 66 103 40 112 65 84 84 12 111 19 1 115 84 119 69 82 120 80 75 15 81 111 65 36 113 39 40 70 66 93 6 12 29 57 105 55 40 3 28 63 61 50 26 29 
114 98 119 52 3 104 88 76 100 58 34 15 30 43 26 16 53 30 75 114 18 100 74 117 39 66 59 59 43 102 99 8 112 8 28 9 60 72 69 77 74 80 1 78 50 5 2 73 36 99 108 68 70 76 17 37 90 70 4 113 54 8 38 61 102 120 1 59 96 120 56 33 78 12 57 46 34 43 30 90 4 83 17 82 7 102 60 120 9 14 94 12 105 21 120 81 56 49 2 16 106 105 8 106 56 62 94 105 23 68 98 7 96 98 73 116 29 93 30 111 46 55 76 47 66 30 120 79 52 99 2 4 52 79 25 51 62 37 103 25 55 96 63 63 55 84 75 39 20 13 87 
87 70 46 60 62 85 80 102 19 86 39 32 82 35 61 30 63 103 106 119 4 32 52 65 78 29 82 60 87 104 62 8 59 69 106 38 108 41 118 120 91 2 34 85 109 116 12 114 88 86 55 95 81 2 98 18 58 14 116 43 24 33 116 108 67 43 79 114 74 53 18 109 43 27 38 73 98 69 79 118 40 59 100 110 69 112 115 13 101 20 16 107 97 5 108 92 61 50 20 116 47 67 58 55 90 49 5 10 44 21 38 7 7 65 11 35 24 79 62 67 5 113 1 96 77 112 37 53 120 28 92 20 48 83 96 99 44 58 57 120 21 46 88 16 96 76 100 112 41 24 13 
94 19 120 96 110 100 118 102 42 32 108 5 7 62 13 101 118 118 15 36 99 7 81 3 38 29 64 50 74 1 117 27 104 106 50 118 43 53 11 112 86 114 104 24 19 50 71 34 66 55 30 50 27 113 30 11 104 114 50 62 99 88 34 65 48 80 51 23 87 43 109 109 45 33 50 96 29 24 12 49 40 93 106 48 108 65 1 46 65 82 66 49 53 42 114 52 21 88 89 40 115 74 62 71 82 14 16 24 65 42 49 5 22 35 61 72 18 92 22 17 17 9 118 16 63 108 12 83 15 57 114 90 86 12 116 27 80 53 57 4 80 4 85 95 105 38 24 42 94 3 84 
111 84 21 21 59 79 83 93 10 76 101 5 54 47 24 116 82 39 77 55 77 98 20 70 62 84 63 24 120 34 115 9 30 56 23 63 22 60 75 87 19 40 109 102 101 91 1 92 43 16 118 93 74 31 17 35 64 88 108 105 3 21 15 109 63 105 106 1 59 72 50 28 10 115 98 82 59 28 74 44 16 27 52 50 73 101 44 86 26 53 112 66 64 18 32 93 94 50 111 66 29 46 68 60 22 50 115 17 32 55 89 4 72 36 9 31 113 87 100 110 111 44 44 101 24 79 14 66 74 115 58 2 118 100 4 60 100 95 78 54 8 18 14 90 94 19 99 106 81 68 35 
3 19 54 39 93 98 103 118 104 113 27 14 85 20 104 97 63 91 22 80 22 73 18 88 96 6 54 94 34 10 108 2 97 18 87 28 95 113 73 35 79 14 88 61 102 68 93 84 82 111 1 115 79 86 28 78 72 20 38 11 93 111 117 26 81 25 65 45 89 103 52 65 100 60 75 54 7 49 29 1 20 39 42 58 52 35 70 118 85 41 104 82 101 119 87 113 37 82 64 5 52 101 16 47 71 61 99 13 31 46 107 100 85 93 99 81 109 51 96 89 97 49 39 108 116 89 66 34 113 48 8 19 63 20 22 36 11 16 107 22 81 31 93 74 82 44 16 87 15 77 49 
69 66 32 54 87 5 19 94 49 67 80 86 107 111 120 107 15 8 40 33 67 29 79 33 5 93 56 99 28 99 4 61 120 76 96 106 101 118 114 27 98 44 110 60 9 114 94 22 118 73 102 1 24 66 49 25 27 22 105 107 53 20 31 98 72 97 115 39 8 103 25 106 89 31 84 31 66 57 115 27 38 4 32 103 73 109 44 76 32 47 82 60 119 78 32 44 48 57 66 4 66 103 117 13 27 110 45 87 14 96 88 24 119 51 112 97 83 119 101 106 29 26 48 48 97 69 38 99 94 37 34 5 10 6 84 57 14 44 30 120 120 45 35 62 60 44 25 60 16 84 83 
50 75 87 110 79 32 27 13 111 11 94 19 32 100 108 29 49 60 74 107 79 100 102 32 37 29 57 40 49 8 11 25 118 40 71 120 7 32 111 41 105 114 40 60 78 48 116 69 29 70 100 54 47 50 76 38 22 42 58 39 106 81 14 42 37 81 28 91 60 22 109 66 21 47 50 48 100 88 62 68 103 72 93 8 46 30 103 104 49 56 13 112 17 76 107 116 72 69 91 112 16 73 120 56 94 11 102 18 50 95 96 29 13 10 98 57 37 54 92 40 102 97 48 67 119 65 2 70 60 84 115 108 25 71 110 111 118 16 11 117 23 16 95 33 69 116 32 75 72 49 44 
9 31 120 22 13 5 53 31 58 64 23 111 114 20 22 66 67 98 62 11 78 47 75 116 92 79 2 41 66 100 112 85 48 15 102 99 12 60 108 56 93 38 103 6 65 106 22 8 82 102 110 1 5 2 50 114 5 117 41 107 61 91 86 24 94 55 32 84 6 48 37 48 8 110 21 23 104 69 103 62 19 109 61 49 110 60 55 62 91 18 104 76 100 108 112 18 17 52 66 84 42 12 70 42 29 87 2 69 29 94 75 90 53 52 75 97 4 72 19 1 107 59 36 28 44 47 49 118 100 98 74 52 18 69 44 52 69 44 4 89 74 61 43 5 4 60 28 113 106 56 46 
36 117 71 73 55 18 52 13 98 104 18 31 73 11 86 79 92 111 9 90 31 70 19 60 68 18 19 101 95 51 28 8 55 77 38 57 79 68 47 75 94 65 42 108 101 46 62 80 91 118 101 113 103 99 75 51 105 77 48 75 75 38 107 94 58 95 77 60 93 34 56 49 58 22 108 103 102 98 117 35 57 86 31 29 57 89 80 17 10 76 14 56 37 8 24 115 83 104 11 118 38 90 1 45 33 56 55 27 71 57 94 27 25 68 75 23 65 88 66 40 104 45 5 29 82 65 86 36 48 42 48 60 79 2 37 96 10 107 1 45 115 94 61 119 62 60 107 59 66 20 55 
63 16 45 15 27 31 100 53 55 95 109 78 37 34 34 44 69 73 55 116 73 99 38 73 120 97 58 101 8 25 59 4 1 62 88 4 5 117 74 113 56 112 64 50 5 113 54 7 52 120 19 11 37 84 94 77 110 2 8 45 87 25 24 41 80 64 49 84 116 76 116 101 43 22 24 36 33 58 98 12 116 62 57 56 102 49 104 62 52 109 115 83 31 80 17 1 12 104 103 31 113 52 84 26 106 52 35 18 118 80 115 70 39 49 6 66 91 3 56 14 47 86 111 108 10 83 37 82 109 12 71 87 70 40 69 51 67 89 111 86 78 55 65 45 62 64 80 115 86 14 24 
32 9 86 42 13 22 50 1 17 22 37 15 36 8 65 68 27 30 111 103 12 9 16 26 69 116 23 86 37 96 111 11 76 94 102 76 38 47 4 98 13 107 16 41 23 84 109 97 107 18 37 96 23 76 67 61 51 64 90 24 35 99 16 22 101 72 15 96 81 60 56 96 81 90 97 8 88 111 87 39 43 27 69 3 79 31 99 86 2 84 20 37 110 75 1 74 62 43 94 113 90 9 8 73 33 76 118 87 89 49 119 72 26 32 4 102 116 74 78 25 87 92 37 26 27 95 63 9 28 34 94 109 99 10 90 49 79 84 53 114 82 43 96 110 111 1 108 17 69 97 15 
108 35 42 41 11 5 69 46 91 62 86 91 86 81 60 119 3 26 16 72 46 91 113 62 64 108 65 89 93 73 47 100 54 7 78 103 114 88 8 14 7 6 98 120 65 22 12 89 86 57 28 119 36 110 52 19 69 71 83 47 13 99 73 8 72 107 19 86 79 64 42 32 53 93 33 52 99 116 74 100 81 56 105 95 23 91 24 75 86 100 10 86 69 82 100 116 108 28 1 23 99 70 41 33 18 17 19 60 81 43 82 23 51 74 110 106 48 87 95 70 54 112 42 76 108 5 78 10 63 35 50 47 13 82 100 99 81 100 70 26 37 45 29 51 108 3 39 43 117 42 60 
60 54 20 32 15 1 59 86 29 40 113 63 65 107 74 77 94 69 46 4 100 68 92 66 34 119 13 48 43 27 120 12 42 1 97 5 70 77 52 87 58 24 16 54 78 93 32 60 110 89 23 69 59 53 57 48 57 116 54 36 16 11 30 40 15 58 97 120 11 32 75 96 105 55 94 32 75 118 107 37 54 42 91 33 57 31 54 2 97 58 1 112 84 10 19 14 22 21 9 46 24 54 117 92 107 109 27 108 78 33 95 98 83 45 86 55 68 111 51 4 44 23 11 48 27 117 9 85 32 28 91 56 109 5 41 85 118 57 67 5 4 29 91 112 15 69 14 83 64 19 26 
13 76 20 45 1 103 93 22 57 37 88 79 13 83 63 49 81 22 32 52 13 83 84 38 109 55 49 34 72 16 98 108 77 100 11 33 10 80 96 41 74 68 21 21 114 58 89 108 86 12 116 38 37 55 92 7 25 108 27 71 95 35 57 68 38 106 14 35 69 88 63 105 83 21 27 11 30 19 69 76 36 13 78 52 47 42 18 95 64 8 98 14 34 107 21 24 40 56 111 41 91 3 76 112 22 45 105 40 25 100 9 45 86 51 110 76 77 15 32 47 79 55 15 75 117 102 4 67 67 51 61 118 60 95 104 111 65 98 4 83 47 29 80 103 88 62 21 84 79 59 24 
71 42 100 114 36 79 1 14 25 106 51 71 63 56 8 103 64 69 78 84 114 8 47 12 35 83 39 25 113 16 82 75 85 40 109 32 36 107 111 51 57 12 31 13 51 113 103 5 46 50 65 1 11 52 9 16 69 52 119 2 118 111 20 57 99 87 101 10 109 12 7 102 59 45 114 40 109 86 76 7 40 37 15 20 69 81 5 5 7 39 57 93 14 95 41 81 2 24 52 90 72 19 82 12 79 115 4 26 35 97 106 82 26 93 28 28 95 16 58 48 119 12 32 77 34 20 27 12 53 32 60 8 3 6 94 97 72 39 71 30 26 31 113 21 75 77 98 90 3 96 29 
115 71 78 80 21 57 119 31 27 58 103 80 40 103 20 59 81 41 116 72 109 72 80 56 27 73 52 48 27 13 100 94 22 42 104 53 82 100 61 22 1 19 104 83 11 33 36 41 56 84 99 32 48 79 28 108 69 99 13 89 87 62 44 15 18 53 101 108 61 98 42 85 36 6 48 100 32 98 40 45 43 59 69 55 96 76 29 102 3 32 64 63 37 70 1 17 33 12 115 23 12 50 1 113 52 29 73 22 94 3 89 58 67 46 20 95 62 72 12 58 48 99 31 94 58 81 32 29 7 44 102 120 116 40 106 108 103 93 105 31 86 94 35 120 86 12 27 79 108 108 45 
53 102 118 43 34 61 83 67 49 105 89 24 99 15 48 41 37 82 1 96 110 28 58 105 56 54 52 41 29 46 81 47 107 86 45 110 109 88 95 60 99 101 120 101 38 40 75 52 113 48 98 26 70 106 48 39 33 63 44 5 22 114 84 67 36 56 118 93 76 6 51 99 8 12 116 109 92 10 113 83 50 92 17 116 52 60 70 107 13 29 12 26 104 96 93 13 60 63 35 91 4 56 28 54 24 23 39 104 35 59 65 90 108 103 1 105 55 119 20 51 25 6 21 13 116 2 72 116 27 75 25 25 74 41 75 111 18 20 101 88 47 109 48 35 58 57 9 3 51 51 39 
28 88 71 68 99 101 60 85 56 22 59 73 9 92 70 73 73 69 61 116 111 79 116 57 40 64 13 7 99 100 108 71 74 86 104 62 80 99 48 6 45 43 56 77 48 70 55 12 16 52 63 60 25 33 35 68 108 87 100 88 79 102 105 100 112 91 4 81 115 104 38 20 51 42 24 110 4 50 95 56 17 21 5 49 98 82 56 109 13 11 84 35 19 120 108 73 60 110 100 84 41 96 57 60 65 93 108 76 69 45 22 28 37 119 27 70 49 68 50 112 94 43 89 78 63 75 39 114 22 25 69 2 82 54 75 35 75 9 114 119 23 41 15 93 104 117 3 23 81 104 3 
28 14 51 2 23 9 20 78 68 113 55 61 78 80 92 44 116 14 77 41 120 90 3 103 28 117 62 29 60 98 20 55 50 105 105 65 62 81 50 56 97 93 47 99 4 48 115 49 9 82 44 120 113 33 29 55 16 81 110 83 36 113 87 85 91 64 112 91 101 6 89 76 87 109 8 83 66 120 79 91 101 110 76 66 56 1 18 112 113 2 97 101 61 115 95 38 95 52 36 52 81 84 89 56 43 108 18 47 33 40 22 1 51 92 101 45 48 43 32 98 116 66 58 28 44 4 35 49 60 73 72 84 35 24 107 90 38 11 20 108 67 5 59 100 110 14 107 67 3 11 40 
100 3 59 38 69 18 116 36 78 4 67 65 51 19 82 31 47 91 118 87 52 53 95 2 84 106 26 10 51 10 46 23 18 13 19 86 42 14 64 76 23 48 109 38 42 81 109 59 95 21 94 15 33 65 47 61 86 92 36 33 32 92 78 10 83 77 81 50 97 24 31 20 7 27 74 3 92 17 107 109 11 61 79 43 70 113 44 32 28 3 37 110 72 86 18 104 39 111 115 2 32 63 6 51 86 110 24 61 29 69 44 25 25 41 55 91 11 70 119 24 5 115 38 81 45 81 30 72 38 103 119 108 2 4 38 44 51 9 87 27 69 53 58 84 118 88 15 8 23 98 104 
11 105 98 98 112 75 65 57 52 40 18 82 52 43 2 47 44 7 120 80 17 13 99 84 42 102 104 46 89 48 26 44 87 61 26 102 95 70 8 15 86 14 42 55 45 119 13 89 28 3 109 61 9 55 79 69 65 74 15 18 67 97 47 120 55 98 48 41 20 76 5 66 78 45 47 105 81 76 67 115 81 59 64 79 22 31 96 76 41 63 4 113 109 43 35 43 47 15 57 59 7 80 93 21 105 99 33 42 82 9 51 74 44 16 22 94 3 104 7 80 44 57 119 61 95 26 78 40 116 54 28 7 46 81 35 91 25 31 83 116 103 13 59 85 34 60 11 98 71 57 7 
14 103 8 57 75 104 23 41 65 60 27 104 89 21 70 52 60 81 74 101 64 105 73 40 12 92 107 117 30 1 95 1 74 76 28 89 67 39 1 110 15 70 23 82 15 118 38 43 55 104 117 109 4 9 31 6 115 85 94 3 67 105 93 39 13 105 112 94 31 32 98 42 39 115 107 119 5 77 61 8 66 70 42 29 114 3 32 79 40 49 75 7 120 79 51 2 74 22 119 11 4 91 3 66 52 107 114 95 18 31 44 49 26 49 11 75 26 120 87 62 42 50 119 107 50 68 115 31 28 104 16 48 13 24 92 16 43 47 19 44 23 8 106 70 34 62 40 50 119 24 1 
17 101 87 2 92 84 1 20 96 22 26 21 68 89 95 27 105 72 34 77 117 5 18 14 36 5 89 31 14 113 17 22 120 72 49 100 28 53 88 48 99 35 65 120 38 91 3 85 92 76 12 30 113 45 5 15 74 11 101 84 120 78 108 7 80 34 98 69 94 68 16 42 71 26 80 77 25 13 29 114 35 26 35 46 67 61 60 12 106 40 82 36 30 5 17 19 65 3 6 31 99 33 51 71 116 39 110 26 64 117 31 39 68 104 104 59 61 78 24 119 90 59 30 119 50 108 11 37 73 46 70 8 57 81 60 1 6 16 26 97 23 95 79 72 71 113 12 60 96 50 114 
20 32 113 40 4 58 33 91 72 22 87 24 120 42 38 9 98 90 61 88 66 32 28 6 83 82 91 78 112 40 30 85 49 90 62 36 33 35 15 116 9 64 8 109 93 42 101 9 35 82 45 5 29 83 75 85 80 115 20 9 92 98 93 13 117 107 80 99 88 111 25 86 30 80 20 85 88 8 78 16 72 99 108 16 108 109 78 76 95 89 49 96 105 24 12 73 103 115 57 35 88 113 117 90 116 6 35 80 65 71 25 60 20 46 25 69 85 91 76 51 6 32 29 16 42 109 25 1 24 10 108 118 107 22 93 117 72 82 8 84 48 16 115 115 72 91 3 70 25 25 16 
77 61 95 62 45 120 13 47 15 120 27 101 67 37 27 40 117 73 103 116 45 34 28 4 39 35 45 78 32 47 46 67 34 15 67 117 107 79 34 74 98 31 43 2 82 58 12 11 79 6 15 69 39 54 47 20 89 2 57 29 118 91 29 89 55 109 82 102 113 87 46 38 2 76 68 97 108 11 24 116 75 29 67 107 106 66 82 85 90 57 49 37 38 99 9 64 68 11 32 84 107 29 53 1 78 108 7 62 111 93 119 113 62 19 78 64 28 30 60 70 39 94 35 77 75 68 118 43 13 119 48 105 2 84 82 84 103 51 39 1 15 69 52 108 70 15 14 54 117 106 60 
61 26 86 86 120 61 29 89 72 72 49 95 108 41 118 93 13 24 80 44 90 97 7 13 117 59 88 46 20 17 53 27 82 53 16 47 101 79 75 96 72 107 74 33 118 76 91 105 16 84 2 47 90 109 11 120 75 55 71 41 93 44 3 88 119 111 71 79 35 68 72 55 60 114 86 90 47 25 120 115 23 47 105 114 58 96 99 45 77 99 40 114 76 17 35 63 44 115 6 94 105 55 81 77 62 63 59 77 52 53 68 53 58 83 117 84 83 78 85 41 41 15 106 43 70 55 96 29 17 40 32 20 22 50 117 63 51 91 86 25 89 104 115 82 90 29 38 36 7 94 97 
61 120 5 83 76 77 32 75 85 110 114 54 60 68 18 32 104 106 2 108 80 35 21 68 75 104 95 84 80 103 6 76 95 103 95 29 81 70 23 76 68 74 104 66 85 25 3 17 36 32 81 14 83 113 5 118 79 115 94 71 9 29 97 14 109 84 86 82 101 6 86 91 61 52 88 22 47 9 37 78 28 76 65 61 18 21 106 104 64 100 65 22 44 116 3 48 52 30 6 7 61 61 118 103 15 114 85 119 120 84 8 46 86 46 107 54 10 112 74 2 29 23 30 31 65 58 53 76 56 64 65 108 28 17 96 33 112 118 68 28 108 22 25 116 10 72 48 92 28 73 22 
100 95 14 76 55 38 9 40 12 36 54 86 108 18 82 108 68 27 23 120 98 62 31 40 79 66 16 92 61 56 59 36 9 101 100 25 85 43 101 34 52 33 65 37 48 87 112 114 49 55 54 4 119 113 112 91 53 64 53 34 89 109 34 109 87 62 55 52 26 29 20 52 118 92 70 87 112 68 12 93 110 90 61 30 117 8 120 72 49 13 42 95 94 105 95 51 111 30 54 103 96 21 11 99 73 73 88 74 41 26 41 78 67 62 6 46 24 20 34 76 111 117 79 28 5 99 4 84 86 79 84 71 44 116 28 109 118 110 43 4 89 103 84 90 14 16 32 60 17 96 95 
95 36 12 83 101 86 113 37 19 59 36 116 64 1 63 88 107 75 63 1 47 10 56 22 28 85 92 82 116 117 41 118 79 32 18 8 55 74 81 80 4 19 15 24 98 24 118 11 41 18 24 67 30 92 74 80 19 40 9 117 115 96 96 48 39 103 102 103 119 106 76 78 89 103 51 19 77 44 51 98 76 115 91 97 9 87 31 14 114 109 82 57 78 34 84 100 70 56 49 33 108 32 85 115 38 63 56 45 42 110 106 42 33 23 66 6 40 16 22 113 120 43 97 101 44 60 94 46 17 89 28 23 50 118 26 66 49 57 12 2 33 77 4 101 23 12 99 16 17 4 8 
27 90 115 43 12 89 65 66 43 17 48 5 83 105 77 72 100 16 116 87 38 48 43 78 117 54 69 51 112 118 72 105 25 24 84 25 2 77 74 22 89 40 8 92 26 72 98 115 65 47 84 107 22 72 15 77 8 115 84 55 12 99 59 46 58 66 17 66 7 42 46 52 58 113 9 90 52 86 17 97 81 51 93 12 36 24 40 7 30 87 51 42 60 108 50 103 98 103 116 94 66 28 12 13 22 8 21 46 70 105 49 5 2 29 82 50 12 2 112 68 111 19 56 66 46 80 54 30 15 91 41 95 74 49 110 83 36 110 94 48 97 26 50 96 13 51 28 57 81 49 85 
88 55 95 83 115 3 118 69 45 93 114 24 115 55 98 58 43 33 84 106 112 19 114 93 44 111 10 25 51 114 119 57 11 97 12 106 96 57 54 1 33 10 45 24 10 81 4 116 60 109 67 37 11 17 105 86 22 65 69 2 21 11 116 12 66 116 101 34 34 93 96 119 12 115 41 10 107 34 40 71 60 80 33 33 72 61 10 28 96 40 80 81 32 22 84 46 80 13 18 6 95 31 98 113 23 86 30 19 27 73 90 120 19 17 115 32 43 93 24 13 3 65 50 115 25 57 14 109 107 5 20 55 49 37 24 14 92 89 89 51 19 37 58 50 76 66 33 98 30 19 110 
91 111 44 5 99 77 102 5 23 55 7 115 25 6 37 79 103 82 118 47 65 93 65 38 82 119 102 22 96 48 61 93 42 86 75 86 62 40 64 47 113 30 54 82 78 7 85 66 30 7 81 32 91 67 82 30 113 14 53 45 19 33 87 70 36 10 60 51 29 118 50 22 9 35 61 111 18 70 11 17 88 16 36 95 87 40 1 104 29 102 57 28 27 86 55 96 92 93 12 97 83 29 6 76 42 117 70 77 40 119 117 118 46 87 53 86 60 97 40 25 97 22 112 89 91 49 62 17 18 21 18 52 20 15 74 34 104 115 1 3 69 10 40 114 33 100 115 89 72 19 77 
86 91 89 104 31 12 31 107 108 35 87 111 110 54 24 106 68 6 14 92 41 33 44 103 75 23 64 14 54 104 8 111 11 99 28 112 39 39 86 72 110 73 90 90 77 22 24 32 24 27 107 44 94 38 22 112 49 13 39 44 59 44 48 19 18 9 120 54 27 22 81 63 21 82 8 32 15 74 76 6 106 25 109 77 68 97 16 88 108 61 13 105 70 32 114 49 101 90 64 86 62 21 54 98 14 42 77 97 37 40 92 81 89 55 2 117 74 104 47 17 91 2 33 12 29 73 108 75 2 84 112 79 111 9 47 103 40 93 10 115 66 20 53 105 73 56 31 6 11 27 108 
9 94 29 110 44 89 47 99 85 54 1 76 25 41 69 57 9 102 25 45 61 29 63 62 71 96 113 113 94 1 13 35 41 108 22 108 85 51 118 21 34 67 98 28 27 63 78 60 33 95 57 84 20 67 69 27 39 21 95 117 63 66 115 18 88 113 114 31 80 45 116 35 89 117 103 112 85 93 83 77 1 52 40 76 116 23 90 116 80 30 7 112 116 36 85 16 17 44 25 17 43 114 117 116 3 8 85 101 98 93 89 111 72 106 7 86 82 50 14 80 110 9 28 31 64 99 95 103 36 32 21 48 51 9 116 7 88 68 87 41 15 59 28 120 12 77 94 40 69 92 55 
41 100 119 73 61 30 32 3 84 8 45 2 85 37 80 34 23 28 24 81 42 3 24 78 85 22 58 65 43 53 4 110 17 41 57 16 27 8 118 91 102 92 51 49 58 82 36 79 19 36 72 80 46 54 94 14 109 20 73 37 72 41 59 35 11 93 36 79 51 53 27 98 6 2 69 1 93 116 43 73 115 100 9 32 79 96 6 66 94 110 43 87 7 8 100 33 107 114 18 13 10 115 118 30 23 64 102 87 59 112 28 80 115 28 70 54 3 55 114 103 8 22 75 86 3 26 77 1 78 1 58 87 110 107 44 87 104 26 82 28 114 13 23 17 67 27 75 47 54 10 21 
72 64 71 5 10 16 31 62 75 89 110 24 71 81 105 91 37 42 36 13 109 94 106 118 4 114 50 90 105 19 20 28 7 120 6 100 10 78 34 54 73 77 91 119 82 7 13 70 63 34 100 113 74 95 3 31 68 45 9 23 10 84 34 12 26 82 37 38 55 97 10 80 109 112 92 42 75 12 51 75 38 5 33 9 13 18 25 14 44 19 56 102 72 51 113 49 4 91 100 78 105 89 94 103 26 45 23 37 9 11 85 50 72 45 39 65 58 2 41 67 68 8 97 64 3 84 105 59 38 59 85 101 119 67 18 39 80 11 79 4 92 6 100 47 64 50 112 34 30 87 73 
89 21 91 107 27 19 65 59 37 20 52 73 114 35 80 100 94 87 61 46 41 45 91 4 22 7 2 42 105 100 115 12 120 70 65 17 26 59 81 113 118 98 84 52 81 112 85 47 28 76 77 109 65 94 66 46 98 8 58 113 102 12 98 4 76 73 101 30 106 88 12 59 69 85 51 74 61 64 13 117 21 78 67 76 93 58 103 34 119 101 99 38 53 18 25 78 10 22 87 12 59 89 70 49 95 76 30 54 76 91 6 57 61 1 29 76 14 56 26 52 103 16 12 116 65 89 107 55 38 49 108 71 113 69 28 46 52 33 100 38 76 67 8 106 11 11 2 83 67 82 118 
38 68 9 49 72 71 79 51 103 8 20 62 111 100 63 12 53 117 102 36 65 53 93 39 1 79 83 28 6 10 67 95 4 3 18 71 114 117 23 19 28 116 100 11 109 57 108 83 13 79 113 53 21 114 88 2 114 26 109 97 109 53 96 119 107 65 104 5 76 77 34 67 91 12 86 109 38 90 15 92 53 7 84 25 23 36 1 83 65 13 119 45 74 77 76 111 68 105 16 46 53 12 77 118 111 12 87 101 90 86 113 13 11 87 81 74 89 31 4 100 24 57 38 19 117 80 35 105 6 62 2 114 115 50 103 100 110 46 1 75 40 85 62 67 58 65 98 45 27 94 76 
111 51 119 14 117 109 14 76 38 90 106 109 58 79 73 55 36 117 9 50 105 113 115 73 110 53 45 63 94 39 51 76 66 11 119 38 90 24 85 74 41 41 59 48 62 13 96 68 36 81 5 5 30 10 23 110 46 90 20 111 32 73 64 76 60 16 97 93 62 56 84 117 49 81 12 120 85 71 49 44 98 112 103 71 40 118 71 92 26 62 92 97 95 116 79 35 90 83 55 48 23 65 59 21 35 4 87 73 44 80 45 61 35 2 11 41 68 28 13 110 43 98 106 86 23 101 45 33 68 96 14 34 109 92 57 113 4 35 100 26 31 35 20 40 35 3 59 19 61 11 79 
15 87 88 35 82 86 91 72 56 32 95 43 18 25 85 119 8 48 69 68 42 24 64 118 104 23 50 73 101 105 65 87 93 90 33 90 16 72 45 30 86 82 64 52 95 5 117 13 42 25 71 56 34 29 74 83 26 101 19 6 51 15 93 117 55 35 32 50 66 95 32 112 12 15 48 33 84 109 59 100 12 29 104 21 70 12 18 60 49 81 82 28 37 1 68 79 68 82 101 43 93 48 64 11 43 46 30 30 74 87 95 2 114 61 113 36 79 32 91 43 53 68 107 55 66 14 61 88 112 61 100 16 77 45 38 45 64 42 3 24 26 93 81 102 29 109 25 19 90 85 93 
91 106 89 86 32 68 15 69 39 99 5 116 43 92 54 94 41 102 6 33 119 72 68 52 68 5 91 34 34 120 17 75 31 13 15 83 11 78 1 118 85 33 23 64 12 27 73 62 110 72 22 50 79 82 6 100 68 45 103 116 114 86 88 91 51 59 91 75 79 115 58 53 58 50 117 65 47 10 23 10 62 74 43 81 14 89 57 68 58 85 25 62 89 92 68 109 56 46 52 90 40 59 45 71 88 44 95 71 75 58 16 43 56 8 63 62 47 10 61 103 100 92 3 1 81 79 14 115 111 64 71 66 70 79 70 32 69 35 91 4 55 65 46 91 88 43 86 10 86 95 34 
94 29 79 114 46 26 81 52 38 3 3 102 117 60 86 72 33 74 61 83 4 46 45 115 4 68 45 88 60 18 10 52 117 37 113 21 24 112 74 114 36 41 92 47 51 39 46 8 64 23 47 29 99 83 14 46 72 101 53 5 101 46 101 79 46 92 34 45 81 8 22 97 96 25 85 107 68 18 18 61 39 50 2 62 8 47 73 110 50 32 65 16 18 58 21 106 13 89 80 83 72 9 11 62 68 27 77 82 86 19 71 103 60 119 14 57 76 93 99 69 23 53 107 55 27 58 54 26 115 4 15 99 40 111 10 71 113 94 86 69 77 11 21 61 33 26 27 9 54 56 73 
8 35 41 19 45 99 13 86 64 53 22 21 118 20 66 110 53 118 2 19 111 30 118 92 73 14 41 18 87 109 73 87 41 49 93 71 35 120 65 89 80 22 35 59 8 112 54 54 107 39 108 98 44 22 114 64 4 106 87 58 73 91 77 1 77 79 10 104 5 77 114 107 58 118 39 28 107 41 7 71 29 55 65 2 11 33 35 39 112 107 21 69 4 105 61 59 13 107 19 20 93 28 111 27 60 90 43 31 33 9 56 95 58 86 37 86 86 83 39 7 97 81 90 93 22 65 112 6 81 94 120 70 24 81 10 78 17 64 103 85 119 23 112 82 23 61 113 38 72 116 17 
105 37 57 38 47 101 51 60 81 27 64 14 64 60 1 117 99 119 34 2 92 84 60 65 101 62 98 74 120 75 11 87 64 22 29 118 110 71 70 118 108 18 107 53 93 24 27 104 15 85 4 10 58 35 83 112 61 62 32 82 62 3 104 113 113 118 100 31 35 82 69 31 81 96 3 83 97 106 26 103 85 102 68 73 114 117 1 16 113 83 58 120 37 116 93 15 118 71 29 51 3 59 76 75 80 87 119 17 92 116 72 68 112 29 68 57 94 3 27 34 85 115 82 85 91 2 38 48 62 71 47 34 1 105 4 79 71 18 103 11 38 73 112 105 64 104 29 16 68 20 98 
3 47 79 54 5 96 47 111 102 45 44 16 49 42 73 61 92 36 62 15 41 31 113 3 51 27 112 8 32 99 40 19 64 71 10 83 57 7 81 48 66 75 113 1 78 77 66 88 30 10 53 97 4 64 76 22 100 114 73 28 62 69 51 56 46 105 82 1 37 39 74 72 112 74 46 25 10 16 62 17 60 9 5 31 56 66 38 69 107 44 112 97 83 114 82 67 94 11 103 60 58 45 92 3 8 102 32 77 80 93 22 43 22 119 63 107 51 100 12 34 91 81 67 29 39 14 115 112 5 26 35 5 7 8 114 86 31 39 112 47 60 39 17 20 68 7 120 54 113 108 51 
11 40 112 62 82 65 62 53 118 90 59 71 17 95 49 113 86 29 47 107 80 64 58 70 106 101 96 81 115 64 22 15 33 116 52 11 115 28 20 37 42 119 55 48 30 113 30 106 89 83 111 53 116 23 19 57 17 13 7 47 80 64 97 117 53 53 66 86 8 109 24 61 25 33 9 95 108 95 117 96 101 36 36 45 18 108 6 106 97 7 118 2 49 88 90 24 22 93 110 28 94 99 48 63 99 53 55 58 108 50 115 74 38 94 30 98 46 6 90 31 29 65 43 78 112 61 84 99 69 94 84 93 42 47 77 1 73 93 90 2 41 75 115 60 81 46 80 70 51 29 61 
78 74 82 42 41 23 93 6 5 97 84 5 28 23 26 72 30 32 117 115 31 112 47 87 101 99 82 77 55 103 78 118 72 106 26 93 26 12 62 93 74 34 66 73 57 25 23 118 85 104 34 48 76 29 5 119 40 109 24 28 63 39 42 84 68 85 62 9 44 18 11 112 98 68 103 63 70 33 78 51 75 64 93 112 59 85 103 33 79 27 19 22 2 52 56 118 75 53 9 49 47 11 49 22 56 84 54 76 84 55 113 63 29 117 9 84 115 82 115 76 117 39 7 78 78 67 67 99 77 100 104 17 81 101 58 32 72 44 14 113 104 11 22 19 112 92 111 113 77 31 87 
20 8 25 70 29 2 41 91 57 106 53 44 22 40 66 58 108 117 106 106 80 97 50 107 77 2 70 65 89 52 32 32 59 2 115 77 116 107 78 83 119 14 81 70 105 66 26 91 4 87 117 70 48 1 76 55 5 99 30 27 49 32 30 119 117 70 75 100 55 104 32 37 110 99 64 14 38 96 97 13 24 38 59 51 78 50 106 100 90 115 94 66 105 97 87 4 61 39 120 70 72 78 12 3 73 14 86 4 33 80 16 101 11 65 41 59 106 120 71 49 95 68 115 82 108 96 15 13 34 29 9 71 49 29 2 14 35 50 62 88 62 75 76 69 59 35 110 108 71 79 6 
70 41 29 23 53 64 66 69 48 70 56 50 39 41 104 102 87 10 117 43 77 40 78 110 14 64 37 50 102 67 47 61 104 61 53 74 40 50 97 49 75 42 59 21 2 86 21 21 35 65 23 55 34 110 42 110 8 18 74 7 41 69 18 38 94 94 44 56 75 58 112 27 54 19 72 42 52 35 46 39 93 55 5 29 96 38 1 39 13 6 93 72 21 66 5 22 70 7 20 11 88 30 18 57 28 7 45 68 6 9 20 50 103 115 53 25 59 107 91 81 117 88 110 34 104 76 7 17 100 34 115 30 2 28 89 43 14 28 60 71 79 65 75 94 75 69 46 55 102 116 13 
63 44 90 44 73 75 77 28 89 15 101 52 92 90 54 33 18 75 102 6 117 104 76 40 111 96 78 114 26 57 11 118 23 25 55 2 24 74 69 37 106 45 61 18 57 77 115 49 91 13 17 75 33 20 25 28 50 31 35 10 80 71 69 70 102 98 104 26 53 81 61 60 51 113 41 22 26 24 9 9 73 100 99 37 53 91 114 110 67 13 18 83 38 102 79 120 115 103 4 20 114 20 19 58 27 114 98 106 82 3 87 6 120 108 92 14 116 64 70 11 13 86 40 65 6 109 18 59 60 30 23 74 29 34 90 64 93 69 27 5 66 78 61 117 29 72 79 100 110 12 38 
34 43 20 29 43 94 55 81 45 92 10 68 80 38 45 69 38 28 78 98 30 78 35 51 79 5 68 33 29 9 23 92 63 92 84 12 38 85 99 100 99 49 20 61 101 102 91 115 75 59 64 74 117 40 11 47 90 72 26 95 60 6 95 7 70 72 48 104 16 119 18 51 33 11 107 52 37 24 25 71 52 15 94 90 23 11 109 50 94 69 120 29 44 18 31 19 80 58 68 46 29 52 82 68 6 108 15 12 77 54 93 19 52 29 11 14 51 109 33 47 61 46 6 35 50 114 43 55 105 9 67 12 41 101 7 115 85 78 19 51 55 83 29 87 53 54 50 52 46 109 116 
31 19 69 2 27 51 92 7 94 39 106 92 44 85 108 87 86 45 11 13 94 64 18 35 2 71 56 53 89 20 5 4 62 69 83 59 4 18 70 24 64 83 66 5 87 80 84 1 26 55 8 69 51 91 12 118 84 120 81 13 36 13 45 32 44 67 53 21 12 49 11 71 77 60 20 61 40 35 119 120 26 68 32 55 93 83 74 20 58 26 95 17 96 58 43 97 19 35 18 29 31 105 17 89 91 10 21 79 80 56 35 101 39 68 91 72 3 36 98 46 37 102 24 100 5 76 46 61 111 63 117 68 11 84 55 19 64 22 16 96 90 33 35 47 32 87 80 78 1 37 8 
82 78 94 55 34 77 51 84 35 28 73 5 116 44 53 99 83 29 110 109 9 89 107 29 4 11 110 31 58 113 74 46 23 118 96 86 76 99 81 86 74 108 105 120 36 34 62 9 15 50 1 86 47 92 92 88 98 52 101 87 69 54 48 36 116 37 15 76 112 119 105 18 86 33 80 29 53 11 23 22 16 91 114 8 59 24 18 72 38 28 22 3 13 4 101 51 90 49 15 7 24 116 95 109 63 100 113 12 27 116 112 84 109 21 1 16 117 74 113 94 91 67 43 50 50 17 65 9 37 12 57 5 60 53 103 65 41 6 27 3 10 77 93 14 11 39 102 2 116 54 8 
101 72 87 101 48 113 119 94 56 41 69 84 76 8 80 88 47 49 72 76 25 1 18 58 61 119 120 109 27 116 72 40 26 27 64 66 63 49 95 79 21 115 96 21 81 62 3 26 89 71 25 32 86 104 108 3 58 74 91 89 65 118 46 101 51 111 100 36 73 86 46 86 28 27 109 35 113 80 49 38 10 57 68 16 16 32 83 26 81 77 113 34 29 101 44 43 86 68 104 42 96 80 58 3 114 36 98 8 27 53 109 29 118 104 84 116 120 111 37 77 27 94 22 99 22 93 93 50 89 111 72 25 55 72 28 103 21 87 91 17 66 28 29 104 103 45 62 65 30 88 85 
57 87 55 73 76 1 32 27 46 29 92 31 83 52 120 87 106 70 88 90 108 95 41 117 4 21 46 112 39 36 116 23 88 110 41 53 106 37 120 37 17 6 7 25 22 86 111 67 30 102 60 108 9 54 9 26 54 65 110 8 89 110 80 81 65 3 2 77 113 6 105 33 118 50 44 4 24 119 111 44 57 111 3 84 81 4 70 40 71 27 18 56 105 22 27 41 84 25 85 95 68 50 66 65 83 3 82 75 40 100 24 74 20 31 86 116 104 44 42 49 102 25 80 57 9 11 96 107 84 18 87 57 51 48 88 61 100 57 45 120 45 19 77 50 72 18 30 3 33 51 36 
25 104 11 90 97 80 30 26 98 16 6 83 51 33 35 10 91 86 18 61 83 19 12 21 116 65 56 2 108 11 112 20 24 97 59 79 72 64 98 30 83 24 58 68 105 69 72 112 1 87 26 107 49 3 61 107 114 8 58 54 62 51 102 11 79 57 90 40 88 40 47 14 69 11 47 32 12 64 37 78 26 108 48 86 116 93 72 38 37 49 117 90 99 112 8 44 89 109 47 13 38 36 77 59 39 91 36 118 7 26 3 10 120 93 20 26 85 3 78 61 50 114 50 56 118 63 3 102 16 20 12 37 79 96 76 103 23 11 80 84 88 55 89 102 20 117 94 39 92 114 18 
64 38 12 23 35 55 98 76 108 112 32 81 2 82 89 13 63 71 113 34 75 82 40 117 4 57 64 54 61 108 85 77 112 23 89 71 78 20 108 16 58 45 58 3 47 105 16 68 9 56 7 107 52 6 119 69 5 56 61 54 56 78 86 81 95 105 73 43 105 16 81 18 28 21 26 116 50 5 74 10 50 9 72 43 21 117 41 67 80 20 114 60 94 115 112 42 27 92 12 36 86 3 13 100 11 28 7 95 59 30 91 118 104 21 43 27 13 106 19 107 39 72 42 37 73 70 7 24 90 40 86 46 19 16 75 19 104 18 38 22 56 15 17 81 4 60 61 4 110 74 28 
114 25 109 105 33 85 73 50 113 97 118 16 111 20 93 31 34 7 31 56 16 90 80 59 82 95 10 36 80 36 3 90 9 67 63 83 71 92 1 4 11 26 79 53 40 8 8 75 88 59 45 108 87 15 23 21 80 100 12 41 44 120 47 47 118 66 15 37 23 44 61 68 101 55 13 86 79 45 58 109 44 46 86 91 10 83 75 76 25 52 52 115 32 51 62 87 63 59 65 61 44 75 102 113 38 3 24 103 84 69 17 42 106 102 78 2 10 44 53 58 87 85 69 32 108 50 40 78 102 16 61 6 93 103 4 72 102 30 34 86 92 49 77 95 60 29 94 87 71 36 106 
51 111 85 41 118 117 34 58 71 112 49 90 67 90 43 72 58 111 57 52 12 97 108 116 64 42 71 29 59 86 67 93 18 52 8 64 13 26 118 49 61 60 18 6 111 45 114 49 53 4 83 54 14 100 88 4 73 57 79 105 31 69 32 64 98 4 31 48 100 28 69 30 46 92 48 16 64 36 32 6 35 39 59 80 11 66 8 81 52 92 58 40 81 1 86 23 97 27 39 9 23 91 69 38 68 62 89 69 69 105 26 97 96 104 80 46 112 84 58 47 90 67 94 13 86 55 48 117 86 53 74 55 17 29 20 113 12 102 44 24 58 113 3 66 5 106 44 11 10 91 62 
32 86 54 36 65 24 6 74 33 103 114 11 79 112 87 23 58 103 69 28 52 22 35 75 104 35 66 13 109 65 3 89 91 108 35 95 21 70 58 95 47 94 58 93 97 81 67 12 37 55 82 66 24 99 76 60 67 13 5 89 27 109 24 102 27 62 9 69 6 26 16 22 103 59 84 83 17 44 38 117 34 37 58 34 104 82 53 30 30 45 34 5 117 81 71 43 109 56 94 62 91 52 58 97 92 38 60 24 72 28 100 70 115 61 47 68 32 92 4 51 86 101 29 49 73 95 28 1 43 52 78 81 72 53 17 45 46 75 104 112 20 30 21 45 113 13 4 108 28 26 2 
25 71 33 74 39 42 118 61 67 41 77 22 103 99 105 110 113 112 73 110 17 71 75 28 115 33 87 38 16 43 28 112 83 98 33 16 115 2 45 62 35 61 87 64 90 51 20 106 114 62 98 119 89 120 58 28 52 82 15 47 35 26 43 46 4 58 85 71 95 8 39 64 2 65 85 66 75 10 116 102 99 73 28 109 20 62 11 76 104 60 58 36 45 38 53 81 79 7 14 41 68 26 45 1 38 114 72 58 29 65 41 4 57 117 60 68 19 116 43 53 19 95 59 31 28 5 54 68 103 56 104 20 92 61 16 107 37 104 78 110 52 1 76 67 78 56 10 21 29 112 97 
70 76 32 85 9 6 108 11 22 63 116 71 80 5 113 58 75 13 101 72 28 29 96 19 101 11 26 92 18 15 114 98 39 26 81 65 120 2 93 116 7 72 25 95 105 120 75 85 42 65 107 110 72 23 69 44 42 87 116 21 53 91 28 111 101 85 117 106 50 62 81 55 52 84 118 47 47 83 61 46 22 22 4 88 84 87 34 7 20 61 2 48 56 36 72 80 48 104 78 52 109 116 27 95 2 25 27 77 102 28 28 87 84 39 91 64 72 116 110 51 34 2 16 67 34 35 70 56 111 37 39 81 115 20 59 76 8 48 57 53 28 82 103 117 23 53 27 97 4 40 52 
68 6 61 70 54 24 75 100 106 104 4 96 36 54 46 5 116 41 69 17 18 44 91 118 47 64 15 113 25 15 25 89 105 29 53 51 38 117 113 119 108 35 12 26 82 68 81 108 39 47 63 80 26 4 48 100 92 9 78 20 84 66 32 108 119 85 103 104 17 114 55 31 50 101 78 41 43 115 69 44 52 2 76 107 42 8 59 94 110 95 97 91 17 80 51 8 110 120 62 53 40 75 25 101 44 87 18 102 49 71 24 47 120 33 89 100 83 65 21 90 106 64 9 41 78 67 67 62 72 83 94 33 45 45 117 80 36 108 60 31 7 56 70 119 100 111 36 48 87 119 44 
8 108 85 104 97 8 20 81 107 114 54 72 67 25 12 47 57 47 109 98 2 88 79 9 100 60 91 86 58 55 56 86 96 29 9 104 44 108 45 115 116 8 98 33 55 17 71 18 86 23 100 108 6 9 76 100 91 16 13 102 13 76 7 88 19 86 98 67 90 18 17 40 99 12 88 33 20 82 56 115 65 119 54 86 55 46 25 117 24 90 12 120 23 87 88 24 39 52 57 98 75 17 82 113 21 62 87 9 17 71 56 103 118 85 2 13 25 77 95 83 112 44 27 5 16 79 114 52 8 22 92 32 20 82 99 56 118 80 29 103 89 99 53 87 66 55 85 43 87 22 34 
13 9 70 26 74 102 11 100 26 13 104 6 102 67 16 95 96 107 25 62 12 11 21 72 15 100 9 34 7 4 90 78 83 73 93 42 91 98 23 111 32 74 56 32 74 105 30 47 118 97 26 96 57 8 101 11 8 24 12 65 13 24 120 48 79 92 34 106 3 54 20 83 118 46 113 95 26 93 49 81 59 7 117 42 40 76 50 95 29 39 76 100 118 6 56 101 25 62 45 44 43 67 89 53 15 3 14 43 11 15 41 28 101 62 62 22 97 66 120 117 86 38 41 80 90 17 27 32 81 93 107 119 38 116 76 119 76 87 3 16 51 62 37 95 103 16 1 115 119 12 19 
68 120 103 113 41 34 64 21 84 86 19 28 30 119 33 20 61 39 64 63 118 1 14 97 7 112 30 72 2 77 24 87 120 78 97 70 52 99 32 44 96 105 29 80 23 87 67 5 89 39 33 66 92 41 116 7 58 95 12 97 74 108 7 27 83 79 7 81 103 43 102 82 36 55 37 54 119 86 90 103 84 51 79 32 64 4 51 32 54 88 73 55 7 116 93 36 78 18 2 78 65 46 62 20 38 7 57 4 103 42 90 68 4 38 68 8 66 107 98 3 6 72 87 55 4 34 50 29 119 100 39 1 58 32 100 50 117 54 99 8 87 24 35 83 25 105 2 90 7 71 53 
67 68 24 63 5 99 104 70 15 89 80 64 44 70 13 71 76 87 2 54 51 114 1 8 29 115 60 60 101 63 37 112 120 33 45 78 22 119 65 73 48 44 113 38 66 102 106 63 41 85 61 24 106 90 44 82 32 15 32 4 58 24 83 10 52 68 46 44 18 46 5 93 62 61 98 106 57 99 100 116 69 1 29 111 104 62 87 39 91 47 46 61 40 86 107 42 61 43 77 68 6 75 46 108 20 56 39 60 46 18 23 115 20 47 55 22 104 1 28 95 56 14 21 50 114 33 56 63 120 118 116 102 42 35 31 116 11 71 64 72 31 104 16 35 52 102 27 22 39 116 40 
75 16 120 27 54 12 71 32 82 57 25 110 40 43 80 17 66 38 82 99 17 64 103 2 108 107 21 94 2 3 105 89 19 70 48 119 18 15 94 64 101 84 47 23 52 76 120 19 32 80 7 7 16 98 37 37 50 43 94 44 75 32 100 6 80 15 43 65 117 83 80 87 49 87 7 91 70 45 67 52 3 90 71 63 40 98 54 36 114 102 32 101 46 77 50 70 94 51 37 99 114 78 4 38 10 33 43 45 83 109 99 50 48 88 65 8 36 101 115 20 61 20 77 83 72 53 61 62 26 3 58 74 95 22 20 2 34 62 93 108 18 53 94 97 118 63 106 25 95 52 20 
19 56 23 112 29 50 91 101 31 62 106 54 79 18 63 18 110 119 25 20 103 99 38 38 40 104 63 32 100 120 13 94 118 15 89 22 45 101 3 71 66 93 100 102 50 2 73 57 79 32 2 120 45 24 27 23 111 47 48 79 1 39 104 74 27 87 14 25 37 49 31 57 12 10 69 54 106 86 107 93 96 115 64 61 32 103 53 41 11 111 41 105 65 47 63 34 69 114 72 78 3 81 21 92 25 95 72 37 20 16 28 90 113 105 35 57 59 93 107 78 27 88 104 119 82 98 19 107 78 113 48 112 87 77 100 86 73 69 41 52 37 108 95 51 40 10 119 65 107 105 50 
37 89 112 18 12 99 20 102 82 8 112 2 91 81 24 3 74 77 79 15 40 19 38 23 31 56 43 118 84 110 98 80 50 12 24 5 53 113 86 76 26 102 43 74 112 82 20 68 88 15 79 47 10 46 92 2 84 13 90 102 67 67 112 108 112 55 30 19 103 120 76 72 68 118 83 51 75 40 69 5 74 108 65 38 50 5 103 20 68 20 27 3 39 80 29 43 100 19 101 55 11 98 35 70 49 114 6 13 44 73 104 51 120 16 112 16 55 63 71 9 17 25 93 77 27 86 37 89 63 83 40 6 41 34 2 44 71 57 5 68 25 42 8 39 90 60 65 58 56 29 90 
91 7 63 40 58 31 13 116 64 13 39 105 57 61 51 18 52 4 64 39 71 20 2 57 76 90 69 47 57 80 18 37 61 55 14 36 3 65 1 58 75 104 7 28 23 80 100 64 95 59 42 106 70 62 56 83 23 70 51 61 90 42 33 81 15 101 117 72 55 11 17 107 36 23 32 102 96 116 49 89 13 16 25 98 39 9 76 32 28 85 48 28 81 19 25 118 99 91 37 47 70 47 107 80 112 79 33 13 50 47 62 62 48 70 84 52 78 18 113 114 92 69 17 20 59 83 108 78 116 41 19 35 68 13 25 12 61 19 23 113 57 87 62 46 35 25 68 38 37 30 89 
66 87 69 18 7 96 86 94 19 23 70 21 106 13 54 31 102 60 78 81 45 36 24 25 48 12 77 92 37 28 105 98 87 75 4 52 44 28 81 117 84 9 28 85 9 65 54 1 18 6 36 76 29 115 22 43 8 50 30 84 108 90 52 86 87 87 59 25 82 68 51 49 100 114 57 71 120 63 32 29 26 113 71 40 77 63 46 86 36 119 112 111 21 95 41 7 103 25 115 38 117 65 29 23 45 45 16 26 113 1 63 10 60 74 107 114 91 107 43 24 24 81 111 77 91 12 29 27 89 120 47 6 58 42 20 27 106 104 25 7 105 3 24 39 3 83 35 61 56 92 78 
117 90 11 116 53 41 45 65 67 4 101 114 47 46 32 114 118 108 113 10 36 78 107 4 11 8 45 41 99 47 13 18 21 45 31 89 81 60 73 46 81 44 62 63 36 32 70 51 34 71 35 66 89 1 40 48 65 113 3 4 25 83 29 51 40 45 28 46 84 55 82 112 115 100 36 113 115 29 113 21 97 9 65 83 81 91 31 53 40 12 76 4 115 93 106 51 74 83 105 57 75 86 24 105 114 31 69 92 27 62 66 19 77 101 38 50 37 39 5 23 36 102 66 102 56 111 103 26 12 90 6 82 42 94 73 85 3 94 99 32 94 6 46 118 71 108 32 10 81 46 79 
91 73 12 25 72 35 25 44 94 1 28 113 99 84 20 8 94 100 4 99 87 21 78 103 56 12 85 98 77 108 41 105 36 12 29 39 115 14 33 115 85 96 113 71 46 30 68 93 110 5 38 24 48 68 3 29 23 77 86 13 103 107 36 59 74 107 19 64 86 58 9 62 11 100 68 80 42 23 71 16 111 43 33 97 81 57 98 82 116 35 117 83 45 53 6 85 99 4 73 54 33 26 96 74 1 89 64 54 24 36 12 67 26 91 75 15 116 47 50 5 11 111 87 20 81 83 114 52 18 76 17 56 26 13 99 41 73 101 25 116 23 26 84 84 45 70 61 3 16 39 40 
86 36 34 35 88 86 112 47 90 16 33 30 36 99 29 9 68 117 76 19 17 96 87 112 119 28 22 14 26 80 98 13 97 64 109 102 14 99 15 106 93 63 85 79 88 8 71 72 82 93 65 46 39 96 3 95 48 19 91 106 72 15 23 77 13 20 45 61 78 79 62 24 8 58 28 115 81 81 32 5 45 50 75 114 17 66 116 99 97 92 101 48 78 31 88 15 113 31 81 112 79 78 25 67 107 72 15 56 3 5 63 84 31 91 47 23 7 102 99 84 114 37 37 107 6 72 13 53 97 85 117 23 103 70 11 35 114 9 79 104 12 81 36 54 31 67 39 116 19 17 32 
118 115 36 64 77 115 41 10 24 14 114 74 77 112 72 87 77 68 86 69 39 62 114 73 75 72 101 5 50 75 16 39 38 57 20 61 6 89 118 92 2 105 105 42 103 100 79 8 100 56 102 111 55 94 107 117 89 120 61 65 9 46 28 52 27 27 117 79 90 30 27 37 61 43 26 98 86 16 78 18 85 116 1 22 95 102 118 59 84 40 5 90 63 15 103 89 13 3 51 40 86 48 24 106 78 67 113 89 43 91 60 110 27 8 13 44 86 108 51 116 55 19 54 59 32 32 35 37 113 30 23 51 95 16 82 39 99 101 92 33 91 1 3 19 88 70 28 35 102 84 25 
82 116 23 6 57 56 98 28 79 112 84 115 23 68 76 53 112 105 85 14 114 101 62 98 57 40 100 19 3 71 76 18 23 108 72 89 29 12 43 51 39 22 22 98 53 103 89 71 48 19 91 29 116 76 118 71 44 104 93 118 64 74 88 78 60 12 35 68 16 94 25 70 100 120 83 77 97 79 13 66 41 56 38 25 69 112 40 85 90 96 113 118 28 97 108 31 14 57 8 94 8 101 109 107 46 39 102 88 69 3 118 4 105 61 52 88 19 9 107 34 18 19 106 8 40 48 52 28 1 16 75 85 110 82 64 36 101 26 46 45 93 1 1 119 14 10 72 52 85 27 74 
68 105 19 92 59 58 20 51 100 88 51 111 64 116 55 66 92 72 24 69 59 11 21 52 11 117 83 34 100 62 91 58 31 9 84 37 40 20 42 96 41 101 109 51 90 114 104 36 56 90 91 65 66 3 115 102 36 72 111 92 42 112 34 38 58 12 43 110 73 45 6 102 91 46 91 41 31 32 75 54 35 3 61 88 110 74 43 40 106 23 29 112 20 115 25 32 26 89 70 81 105 111 100 72 112 80 95 66 39 78 71 49 100 68 9 75 7 47 79 36 42 39 47 15 44 13 117 30 34 120 28 34 28 59 93 54 83 85 57 33 60 36 1 7 48 24 49 74 99 80 58 
91 1 118 13 18 3 10 30 78 45 1 85 89 21 42 82 29 72 71 7 22 58 54 71 46 22 46 84 71 24 60 66 119 7 56 118 36 60 106 50 71 60 36 94 60 11 67 77 20 90 29 6 85 118 31 2 94 114 58 46 25 92 10 36 61 86 35 3 86 82 114 68 15 23 117 67 56 11 40 67 40 73 22 38 30 117 69 84 50 33 46 42 65 86 78 106 2 115 44 85 22 19 16 6 79 79 49 73 115 42 67 92 115 50 18 74 108 10 17 6 31 57 104 59 100 15 57 40 53 101 94 68 106 100 79 26 60 31 69 119 3 29 51 21 106 105 111 59 45 93 96 
97 104 119 45 81 76 41 115 65 89 60 114 56 32 99 114 38 19 73 38 31 25 40 66 44 84 112 58 23 35 55 114 107 47 120 119 95 81 9 25 108 103 38 35 107 105 49 102 58 80 78 2 21 99 51 14 56 38 29 106 59 109 29 108 31 36 45 16 73 114 62 10 90 85 9 22 116 16 48 120 90 108 77 76 107 112 83 110 80 97 36 113 114 78 26 85 39 84 87 63 1 4 92 41 19 2 48 116 53 87 46 46 60 59 83 85 47 70 115 32 20 116 86 103 75 116 72 46 27 49 43 114 20 84 1 95 31 117 17 65 35 24 51 54 28 3 44 112 51 50 5 
53 32 53 23 5 109 75 86 13 110 59 41 113 51 26 91 22 68 15 6 3 95 66 48 119 81 92 54 42 22 17 61 34 10 23 110 77 37 84 62 68 5 80 42 78 27 76 63 116 34 75 16 70 76 97 61 18 32 98 111 9 101 55 67 67 11 90 84 35 22 75 42 37 57 65 68 49 46 85 77 102 112 108 64 94 52 61 94 26 27 78 78 10 17 27 75 34 116 47 20 46 76 66 69 61 31 65 57 58 56 73 58 14 110 41 105 1 86 50 6 30 27 17 92 45 24 23 85 98 25 92 111 111 86 2 60 84 17 104 19 19 99 36 28 69 113 85 84 109 3 17 
90 99 106 33 81 77 38 118 120 58 62 47 87 109 100 22 94 3 38 41 25 7 88 75 32 27 83 63 84 109 108 107 4 37 26 12 45 103 12 70 98 16 49 16 40 21 103 78 60 48 100 53 99 105 11 45 24 38 44 37 88 5 9 20 29 118 51 94 59 112 19 38 116 17 91 114 97 116 120 47 5 101 53 85 24 100 100 27 32 78 4 81 54 18 23 35 82 99 1 109 110 108 101 54 14 112 3 14 92 77 1 48 113 4 44 86 75 84 108 66 111 87 17 58 34 109 117 56 33 69 90 117 71 102 10 7 27 85 68 28 89 51 116 27 65 15 39 8 113 72 85 
2 108 20 17 8 41 89 74 85 33 9 72 35 103 99 95 114 68 117 32 18 105 32 52 36 58 50 25 116 14 29 100 91 74 94 42 83 47 28 18 35 86 56 102 62 103 15 31 20 57 84 74 47 110 48 51 5 34 2 60 80 49 69 82 43 44 95 4 108 115 22 44 93 67 99 45 70 118 31 56 84 37 69 111 97 81 113 103 27 103 66 26 2 87 61 56 22 70 12 39 42 12 80 26 13 106 71 111 48 42 38 102 19 57 22 80 80 108 110 33 23 104 87 22 76 111 47 53 65 32 82 108 39 37 79 47 49 34 80 109 55 1 27 14 30 62 24 36 117 46 93 
69 49 7 59 97 113 115 102 89 45 83 108 76 70 103 45 77 115 34 103 31 79 59 33 97 81 2 45 82 72 57 35 87 32 117 44 76 75 81 53 70 51 93 17 35 105 101 85 43 100 100 7 50 101 57 98 37 30 100 85 69 104 99 100 57 55 48 58 102 18 61 77 90 33 85 112 49 107 118 28 24 94 58 95 21 57 108 70 50 88 95 46 21 67 42 58 37 9 74 94 3 10 112 96 41 86 34 85 36 57 57 18 37 67 41 7 18 119 74 85 95 43 7 38 86 28 116 17 119 58 95 96 116 82 115 68 82 26 91 5 26 29 10 110 5 103 22 50 30 53 102 
77 101 27 14 95 8 32 7 88 17 35 97 32 27 54 115 102 82 91 59 107 105 89 32 72 1 74 110 63 79 44 80 93 12 52 77 25 6 97 115 19 73 104 94 6 23 1 23 16 87 65 50 78 23 118 112 78 24 120 3 50 109 87 103 87 93 5 32 31 5 33 9 17 89 6 50 66 21 103 30 32 67 48 86 55 84 51 58 32 72 74 58 31 7 3 34 23 5 94 86 31 66 50 29 47 85 10 16 44 51 95 72 109 14 47 71 100 74 59 6 2 57 25 9 5 83 82 23 50 29 77 55 107 100 117 23 16 25 4 65 93 82 69 14 11 62 11 116 51 13 89 
14 71 75 70 16 78 119 39 96 109 44 113 64 2 111 104 93 92 120 6 68 112 5 113 45 77 2 20 110 85 60 84 116 40 44 4 21 79 21 89 102 91 66 51 52 7 82 64 24 98 82 90 109 27 117 25 47 85 72 76 100 10 86 57 88 110 98 67 40 104 57 72 97 30 19 114 103 98 74 80 111 91 120 25 105 120 95 96 94 117 89 114 6 95 54 24 104 86 71 111 110 25 60 30 14 118 21 87 86 113 114 6 99 14 116 17 98 51 106 21 5 77 57 100 61 56 9 82 116 84 84 106 37 60 40 24 61 3 80 119 84 19 5 26 61 64 114 83 54 15 103 
101 81 46 12 23 35 61 84 45 28 13 56 57 37 3 83 26 11 4 57 18 61 35 37 43 92 24 36 104 3 15 85 68 16 2 24 113 19 39 29 112 44 46 70 54 1 58 24 110 81 62 77 52 39 68 92 18 99 120 12 51 24 15 52 10 41 31 17 110 38 64 96 70 33 72 33 54 44 67 58 119 59 41 5 43 19 37 118 44 16 21 108 120 66 27 57 117 30 7 37 16 55 78 96 53 21 78 15 52 37 1 2 95 49 3 76 13 51 6 11 61 81 6 14 85 45 50 62 14 87 46 70 47 108 41 39 89 78 63 84 60 112 100 23 32 27 108 115 57 54 46 
