151
14 57 63 47 48 113 1 110 116 14 28 117 93 83 117 4 103 5 51 48 104 119 45 7 104 30 76 114 33 77 12 76 79 82 92 4 106 46 24 102 71 70 10 52 64 100 108 78 41 83 49 61 93 81 104 88 67 34 8 4 53 56 13 86 6 24 48 33 111 69 26 90 57 39 35 109 6 73 62 94 23 33 116 75 111 45 104 77 40 13 33 28 76 54 62 93 79 6 69 92 30 28 64 119 46 101 120 72 18 46 85 67 120 94 81 63 86 93 8 107 74 27 11 117 34 38 27 41 32 55 91 105 24 6 76 22 49 11 32 39 91 22 75 98 54 51 75 27 114 17 6 
74 52 119 57 83 120 72 61 35 14 28 2 115 24 91 5 89 66 117 48 4 82 100 2 112 117 55 71 85 36 105 77 43 30 35 102 100 61 99 78 97 76 18 65 79 86 77 77 57 71 35 48 31 35 87 5 9 90 75 80 80 84 58 116 71 25 64 89 39 18 7 74 76 21 46 27 101 108 91 51 22 111 14 43 16 88 14 29 13 101 29 69 60 25 90 105 28 44 116 60 56 102 14 19 111 23 47 60 15 56 82 108 67 73 79 29 100 12 52 105 85 10 52 117 14 72 52 36 14 15 48 86 33 114 110 86 92 14 98 107 30 113 100 9 119 74 26 53 20 87 103 
79 37 25 88 40 71 113 1 4 97 83 37 48 62 31 42 22 34 85 110 106 101 107 85 114 9 75 109 19 73 116 35 52 99 81 48 30 36 2 93 118 56 12 37 57 32 77 104 33 105 95 81 63 40 31 14 117 1 31 5 78 24 96 115 103 55 95 57 52 90 108 61 24 49 34 48 73 58 119 82 79 23 52 78 107 111 32 120 106 58 19 41 104 7 108 68 79 19 41 71 36 17 79 95 70 24 112 37 18 104 110 6 103 120 43 39 55 109 69 96 73 103 97 14 10 34 54 8 7 96 32 44 14 37 94 41 23 77 66 22 43 12 22 30 28 7 73 96 17 23 94 
27 54 71 48 46 96 44 13 21 90 29 43 15 8 117 14 62 77 56 6 99 107 34 111 10 69 6 116 70 110 36 115 90 14 61 17 15 1 11 76 65 92 108 102 38 85 65 42 69 37 27 6 44 66 37 31 27 25 71 43 47 85 119 47 52 82 3 4 56 68 13 88 33 35 63 16 77 118 22 100 95 43 89 38 89 109 13 38 102 46 50 37 118 89 68 48 47 10 7 95 15 49 40 74 101 29 56 115 43 47 115 4 23 68 83 32 71 49 65 17 73 4 68 38 115 107 89 17 2 35 36 52 102 69 91 82 107 30 99 74 37 60 71 110 33 65 77 53 119 19 23 
30 56 107 117 88 103 73 8 115 87 111 87 1 81 55 71 7 72 28 102 25 65 35 88 97 48 4 43 63 108 60 5 109 114 41 12 104 16 17 74 56 65 66 109 91 10 42 109 68 80 116 77 106 10 69 30 45 40 36 18 53 106 63 11 79 25 31 49 119 39 37 72 9 82 113 41 47 114 77 79 114 12 71 50 5 114 43 19 32 80 63 94 93 17 54 24 40 106 104 7 4 68 8 107 30 5 87 34 60 37 73 15 66 20 76 97 63 108 62 11 105 7 29 3 49 87 69 45 38 43 54 14 96 101 97 108 58 52 44 62 82 104 33 77 50 83 119 78 68 52 30 
53 12 92 92 117 42 37 47 66 41 19 22 2 37 4 58 104 37 36 58 114 63 36 53 75 87 47 91 48 119 75 69 51 57 9 60 83 53 98 67 20 26 28 114 100 120 71 34 88 19 62 42 39 44 4 1 118 64 112 120 37 62 118 87 45 47 55 48 49 93 54 67 37 117 117 67 25 92 24 92 56 36 69 50 58 53 58 31 96 21 25 59 95 54 115 55 4 35 47 27 98 100 68 64 14 119 59 101 79 54 102 41 63 39 31 81 20 96 2 31 108 37 55 18 38 58 60 5 72 104 33 119 18 97 58 74 108 29 34 104 14 72 82 56 104 113 52 104 47 50 11 
92 10 105 29 105 36 53 70 50 28 23 6 106 72 40 55 118 20 105 106 104 64 51 104 78 57 26 46 119 34 14 85 51 103 19 89 106 91 33 86 94 42 90 20 70 10 103 47 112 29 47 9 6 15 9 11 34 49 33 1 33 28 79 105 24 1 109 38 93 84 110 43 106 7 61 61 104 79 29 117 14 23 71 104 86 72 57 49 44 53 63 5 40 43 22 57 50 11 82 4 42 55 32 15 12 3 109 64 103 63 28 24 48 96 88 96 39 98 18 14 88 109 7 77 44 5 106 13 13 81 89 96 72 58 50 10 69 11 58 51 54 26 31 69 30 90 90 32 50 108 118 
59 55 109 10 7 41 83 80 46 74 7 97 51 109 21 86 65 15 70 95 97 94 87 42 102 53 50 94 30 12 92 88 69 38 102 37 23 23 109 87 48 87 72 86 13 11 49 90 65 92 85 55 73 42 83 97 47 41 69 39 21 81 66 60 86 38 95 80 104 44 66 116 52 99 75 106 80 68 102 115 9 31 70 66 3 15 63 4 109 72 103 10 57 104 30 2 72 89 68 35 19 31 12 75 76 110 30 51 29 99 32 65 43 7 40 1 27 85 87 8 44 65 35 77 103 49 34 51 23 17 116 74 64 54 62 98 13 98 77 33 38 14 90 20 110 44 17 70 106 97 13 
32 44 74 71 88 31 35 93 88 84 32 58 92 2 42 101 119 39 76 3 7 39 5 30 54 120 15 114 40 73 32 51 46 92 80 12 35 72 35 114 1 96 34 64 92 43 50 71 51 17 5 109 7 33 13 103 15 59 51 9 95 22 77 117 29 106 33 103 9 113 97 37 3 31 107 67 39 50 48 82 15 81 41 73 106 51 17 114 15 45 70 77 58 38 80 114 63 18 26 117 115 8 28 55 82 97 60 16 66 1 18 8 95 102 101 115 14 55 42 90 32 3 69 56 29 58 32 83 53 36 95 66 74 25 69 11 99 30 105 31 112 93 12 80 95 96 88 103 110 107 6 
4 2 88 112 107 23 119 103 57 81 14 112 8 36 47 104 76 26 26 36 4 54 69 76 97 1 75 98 64 64 18 99 42 14 27 18 103 6 80 7 60 14 106 44 117 2 47 58 65 47 39 100 74 115 118 94 49 26 65 85 87 23 16 59 86 60 91 62 49 92 13 120 30 51 25 114 79 111 9 17 55 1 43 81 86 30 103 110 78 112 58 90 31 109 57 27 55 12 94 20 62 81 108 25 25 84 45 57 65 27 24 21 111 22 34 85 98 11 4 81 88 28 91 34 58 82 54 67 9 52 96 90 51 82 12 66 5 24 23 92 116 88 97 65 62 75 56 39 102 112 34 
116 1 25 27 106 89 40 109 38 74 49 102 64 83 18 116 73 86 24 60 89 118 78 7 61 34 33 41 52 3 16 85 38 38 14 93 81 93 34 41 81 70 50 18 120 53 56 21 37 37 95 118 77 28 100 117 14 106 109 53 55 21 95 70 79 65 80 11 99 96 27 100 73 22 62 93 24 44 83 78 27 58 55 7 49 119 32 37 102 2 93 80 100 25 38 37 84 70 80 11 35 71 91 82 55 54 26 75 21 84 101 60 109 82 53 66 82 37 64 29 90 38 38 14 94 107 3 62 13 1 33 45 108 43 11 68 17 11 61 13 70 97 54 87 69 29 57 40 115 29 41 
102 54 80 65 8 33 47 23 103 11 120 64 34 109 26 88 63 92 106 53 85 36 91 115 16 115 43 19 113 70 3 96 95 14 59 28 90 42 107 80 88 6 94 14 82 33 82 24 65 64 48 21 35 86 7 120 70 8 107 22 52 80 1 2 40 86 84 101 50 77 18 74 45 86 99 69 65 70 116 30 71 103 118 100 98 30 61 37 101 88 53 81 85 117 5 101 27 8 66 99 88 113 54 70 65 41 31 73 78 40 50 19 119 24 101 24 65 19 35 18 63 48 18 8 47 118 106 14 28 23 75 11 106 114 80 54 37 90 47 50 82 54 11 6 24 64 110 120 90 78 61 
46 120 44 42 10 40 103 8 90 5 116 72 17 52 39 5 116 72 109 15 72 5 76 89 19 75 27 89 91 49 8 80 2 28 99 69 34 35 4 21 70 17 65 98 35 112 59 77 47 118 47 105 93 70 58 91 55 95 21 71 21 60 54 80 21 81 70 39 48 77 82 48 116 115 74 101 55 3 44 71 89 14 73 61 55 108 90 14 99 51 92 118 37 18 74 17 48 61 35 82 72 37 10 64 46 56 110 66 120 79 46 65 107 90 60 116 33 94 28 52 21 29 7 88 2 2 99 74 81 52 37 24 57 19 103 11 84 42 98 98 11 11 93 102 13 83 98 85 61 95 5 
62 118 99 81 29 41 31 10 51 106 88 57 2 116 33 90 3 110 119 82 14 71 105 8 63 25 7 83 117 7 30 50 13 11 77 111 22 102 100 11 52 72 118 35 118 82 82 56 46 112 90 35 35 2 85 91 70 6 115 78 43 26 23 114 119 21 2 116 57 74 52 93 1 73 71 18 48 22 33 19 99 107 75 83 10 68 34 48 79 1 13 113 35 96 90 78 30 37 49 12 47 75 99 83 90 69 30 68 13 16 55 18 47 35 7 31 81 101 29 41 110 114 81 114 5 44 60 107 32 82 102 82 69 48 72 108 46 100 53 67 52 48 34 106 102 116 88 30 9 7 84 
119 68 19 94 16 82 34 100 17 112 5 94 15 21 23 46 77 107 25 72 19 96 11 103 96 29 58 109 107 106 57 71 30 107 67 77 118 2 4 55 107 65 101 18 73 89 107 44 17 71 59 53 78 24 15 25 47 111 6 8 1 57 110 14 104 120 70 47 61 39 28 102 64 65 61 35 54 82 90 82 27 15 48 83 56 97 113 1 119 1 36 84 104 73 9 115 25 100 51 26 35 62 26 111 59 105 39 60 117 28 106 59 37 93 7 28 115 52 28 50 81 56 16 22 27 108 46 59 22 18 118 37 120 25 74 5 82 50 18 119 64 7 119 62 49 105 55 29 5 88 74 
95 44 13 89 21 102 114 66 80 82 110 29 69 110 64 23 95 33 103 90 2 85 21 71 29 31 1 72 59 83 27 94 94 72 10 22 49 109 30 56 59 62 5 55 13 33 93 74 24 26 7 52 65 5 54 11 50 68 101 61 57 82 35 87 21 37 15 54 118 7 30 98 78 10 28 117 13 100 20 35 78 49 32 55 33 103 18 87 51 58 104 100 15 111 73 94 25 33 109 9 109 14 107 29 81 4 41 117 8 47 106 54 105 9 44 81 36 95 94 78 9 8 75 34 101 120 107 98 36 23 84 64 108 98 55 42 52 35 47 25 76 13 57 97 100 67 26 76 110 29 91 
79 115 82 96 10 95 66 28 56 77 76 20 84 25 4 103 69 77 82 66 70 13 8 39 41 115 39 12 101 65 58 104 34 85 89 116 55 94 92 103 24 59 37 72 20 29 40 41 9 76 97 119 20 72 95 30 18 57 87 60 92 115 107 66 82 3 74 49 63 113 17 101 54 14 25 40 28 60 107 82 75 30 110 112 8 3 105 59 52 84 40 96 54 99 32 87 66 37 12 34 94 113 10 19 90 43 45 15 106 3 55 27 18 94 63 117 62 117 65 86 76 108 103 108 34 48 66 95 5 36 55 80 107 24 103 90 95 41 53 110 117 11 68 100 24 41 41 30 92 28 80 
97 82 94 65 17 32 39 22 72 108 54 11 110 1 79 35 92 3 114 116 23 113 85 25 84 58 53 9 41 49 76 103 8 69 32 2 25 75 59 99 101 35 103 15 55 24 106 43 58 62 80 16 16 25 65 97 19 3 100 67 33 14 66 52 102 28 11 89 55 92 32 119 25 105 72 87 9 115 106 22 71 74 30 20 83 49 25 56 60 84 98 115 6 81 29 88 5 38 55 21 52 64 3 23 55 9 105 56 29 43 41 7 59 37 97 25 34 29 109 19 4 101 119 110 13 76 109 33 15 104 7 50 119 54 78 37 49 78 84 111 111 36 101 106 69 24 70 71 93 49 27 
6 120 47 117 93 108 25 19 118 74 98 105 49 106 5 45 90 119 32 78 41 120 52 34 28 60 113 74 114 62 59 34 120 84 112 118 73 3 90 118 19 53 48 48 102 90 97 109 52 15 95 87 68 27 66 12 55 101 120 18 7 119 61 110 2 1 114 115 69 98 76 113 52 105 60 89 84 93 114 98 9 43 101 4 5 51 107 66 10 52 85 54 6 85 37 55 68 8 58 82 13 10 73 1 63 82 42 34 15 106 58 22 100 34 90 116 38 72 57 3 69 50 89 12 52 79 73 107 101 41 87 48 47 51 85 108 4 113 115 115 47 59 17 75 11 13 108 100 113 108 86 
76 24 91 70 20 42 42 104 78 111 50 3 93 46 63 107 65 3 41 17 37 53 3 35 78 89 32 9 43 28 120 12 3 60 5 21 92 65 110 54 55 115 11 29 109 117 47 37 94 28 82 7 9 74 107 94 35 61 51 47 40 106 92 25 60 2 66 73 33 65 71 54 60 65 55 78 108 46 67 9 29 102 49 65 28 42 44 66 84 66 56 44 69 90 101 2 16 68 44 103 62 17 82 6 90 95 104 49 8 42 13 103 67 3 54 36 71 89 68 5 2 65 109 42 41 91 110 47 104 95 15 82 31 52 113 52 24 22 101 44 81 14 44 69 96 19 80 3 83 84 46 
54 31 78 61 119 90 29 54 98 80 13 75 90 64 52 107 9 95 42 113 57 61 36 19 8 95 34 33 79 44 116 64 53 69 77 6 61 96 28 56 55 20 112 33 70 6 19 27 113 66 98 23 17 54 2 59 28 59 64 99 74 94 52 62 78 112 83 87 74 25 74 120 109 66 98 39 77 40 10 71 107 73 83 75 64 81 119 77 40 12 27 69 11 71 90 52 39 90 15 109 64 61 65 61 76 2 3 13 85 110 23 91 72 109 56 97 46 6 103 90 38 104 29 40 116 40 28 67 40 37 9 6 51 81 13 53 70 40 56 26 55 67 77 2 87 67 116 33 84 93 30 
53 72 6 117 20 19 68 29 113 100 18 67 91 42 90 39 47 46 46 103 81 98 47 8 108 95 3 38 15 25 66 21 45 111 95 106 77 42 21 64 80 113 50 63 36 55 68 55 2 103 5 97 33 25 105 36 4 89 56 83 106 35 78 36 102 1 105 92 102 20 54 11 35 92 113 89 19 33 50 7 120 36 102 98 94 64 92 66 100 8 40 116 66 112 26 35 26 57 71 108 56 67 42 22 69 90 102 95 37 101 12 83 27 96 76 84 46 14 48 54 82 32 49 30 22 4 21 105 80 97 46 83 21 55 73 76 21 6 72 5 50 47 120 60 28 47 19 80 16 34 120 
38 31 23 65 27 28 83 52 101 94 73 111 39 119 6 116 14 64 23 5 34 10 1 111 100 3 20 57 67 42 63 72 20 12 110 69 111 57 12 64 106 66 1 77 43 79 35 89 41 120 112 17 5 90 37 81 61 104 117 38 48 24 51 36 19 74 114 12 51 115 87 64 64 83 72 52 92 26 52 99 46 94 21 4 7 5 17 22 95 24 55 92 75 23 59 46 39 49 86 75 99 33 49 15 97 51 88 35 17 85 72 79 50 29 88 7 52 3 67 80 94 20 85 4 63 70 79 27 16 33 84 60 98 56 13 66 102 89 31 78 91 50 78 109 74 76 106 50 106 105 64 
79 101 19 114 81 107 68 47 22 71 45 86 26 54 80 99 5 59 101 62 12 82 86 4 1 114 106 103 13 107 73 28 18 8 21 11 102 28 117 83 106 7 26 102 98 17 15 64 18 60 102 18 3 8 116 61 89 106 55 57 105 61 29 73 27 15 117 20 58 99 14 53 59 64 9 10 71 65 9 102 69 36 81 48 57 31 57 34 72 3 110 118 63 33 61 21 120 60 48 34 30 59 62 78 28 71 95 42 79 51 100 79 3 50 108 107 58 21 76 13 96 41 46 25 81 63 100 108 16 76 10 44 3 67 35 10 8 24 92 54 70 86 36 87 103 1 50 16 76 72 74 
21 66 54 6 3 23 35 10 103 36 10 64 35 6 112 93 115 91 89 71 100 63 50 72 113 73 14 104 82 71 50 37 26 68 24 68 69 86 68 59 111 116 67 116 95 64 93 118 27 74 44 101 84 35 109 30 71 50 64 76 63 36 116 50 120 77 43 49 53 54 35 104 32 72 110 115 107 36 90 59 47 93 110 52 86 22 70 101 60 59 103 38 34 29 46 10 115 91 99 20 70 28 25 46 98 97 79 6 87 92 43 111 72 6 53 94 37 46 73 105 31 8 10 5 104 96 49 83 14 25 49 32 38 30 25 19 116 60 111 34 18 82 88 14 77 118 111 93 24 8 102 
78 55 84 7 65 17 89 64 26 30 33 119 30 15 73 2 3 28 55 75 34 53 15 85 80 96 66 74 47 65 8 115 72 87 18 28 98 103 70 30 48 10 67 54 82 45 70 83 87 76 10 69 78 50 6 12 15 100 28 69 6 38 12 8 63 57 42 15 25 75 44 50 81 105 52 47 65 36 116 100 67 93 103 73 2 106 79 91 101 6 6 11 100 79 86 20 30 44 54 14 118 22 9 100 70 51 35 46 113 95 118 101 68 92 29 104 64 54 119 35 95 39 112 6 118 4 7 109 38 19 84 47 70 91 100 117 21 17 51 37 36 92 29 67 45 41 47 83 90 106 54 
32 47 61 13 36 88 96 36 8 30 34 55 14 113 63 57 67 2 60 64 99 94 13 22 106 92 47 98 48 4 66 68 113 93 60 119 2 2 62 58 109 89 40 110 22 6 54 55 48 38 14 5 59 64 1 104 61 53 61 69 14 22 43 59 89 69 67 9 5 54 20 42 99 114 57 10 87 108 117 17 98 1 37 69 48 14 24 91 30 62 20 44 55 107 2 11 81 22 41 53 51 115 89 67 76 70 17 29 39 22 76 116 84 97 97 17 92 65 108 28 120 89 64 120 112 85 45 96 66 110 51 9 62 90 32 7 3 96 115 79 116 79 78 103 101 57 114 4 118 42 53 
82 34 89 28 75 55 87 102 33 2 42 19 113 37 20 91 27 49 45 50 118 110 82 22 75 52 80 97 78 45 47 64 7 99 83 104 89 104 82 91 84 18 7 28 15 69 32 68 9 116 35 64 109 34 65 9 105 32 33 43 113 16 85 78 39 37 111 23 107 14 93 13 22 93 9 115 62 84 43 15 58 120 11 57 42 56 80 25 51 20 37 90 47 19 12 64 68 58 112 67 3 114 112 92 56 44 37 34 19 54 28 70 61 50 3 84 64 78 56 83 36 117 90 39 75 16 1 34 29 38 82 18 24 54 33 72 80 17 56 75 4 41 119 70 3 15 70 51 39 111 28 
1 104 8 55 38 66 78 13 47 34 107 62 73 45 48 120 117 84 59 102 58 92 41 85 70 5 14 64 99 82 77 6 1 41 89 24 42 21 103 74 107 58 62 46 15 65 43 37 63 46 104 31 67 97 103 95 56 75 45 105 53 45 93 106 73 28 87 107 3 12 54 56 76 43 87 68 85 66 15 73 64 16 113 50 87 110 23 45 76 11 6 107 116 10 93 38 81 119 6 114 45 2 26 9 69 101 83 105 65 17 51 3 55 87 120 117 108 81 114 36 15 18 41 91 68 76 94 103 55 29 84 83 54 112 58 79 71 7 32 15 5 21 15 84 42 36 73 80 54 69 34 
3 96 98 79 25 18 15 70 9 55 30 105 22 64 47 42 19 79 63 55 14 38 85 48 116 114 80 80 106 77 39 31 47 10 12 3 3 64 65 52 107 33 10 45 62 90 58 68 55 56 76 14 110 10 114 23 30 57 62 33 28 96 31 67 119 12 44 27 14 77 72 53 73 59 107 74 117 111 73 92 92 92 106 28 109 4 15 19 80 92 13 32 4 71 70 87 111 77 88 98 71 71 54 49 52 91 80 17 65 55 74 84 92 89 39 89 17 115 88 96 52 79 73 14 114 35 34 3 44 31 63 103 77 115 42 15 96 60 62 64 33 68 117 68 25 8 89 87 77 114 21 
101 40 36 115 19 67 56 103 117 33 102 46 79 5 46 109 57 88 32 48 86 76 110 29 39 57 32 30 90 120 10 42 108 23 106 21 78 105 87 7 1 112 74 76 42 120 26 41 115 94 73 32 101 104 26 8 23 7 44 114 110 16 8 24 114 11 5 113 10 86 82 110 85 110 117 39 58 26 100 100 106 13 85 18 99 105 95 113 79 29 88 93 35 95 35 42 30 42 96 107 25 32 20 110 19 105 35 63 82 96 112 69 36 111 65 54 88 42 38 69 103 119 62 20 45 94 4 80 26 23 82 52 108 120 42 34 75 29 96 46 19 91 73 81 92 25 42 26 65 27 7 
103 6 110 4 119 15 89 81 92 88 23 87 98 8 108 104 57 101 87 64 1 48 63 26 49 47 86 101 68 30 86 47 24 17 2 53 14 89 58 93 91 119 106 40 32 1 77 46 118 86 13 56 41 19 49 65 91 115 74 93 102 93 95 41 19 43 9 44 118 104 109 67 109 60 19 110 103 36 35 89 93 43 120 12 12 30 63 63 94 16 73 93 103 89 77 13 44 98 119 103 50 66 50 16 58 22 34 81 87 93 34 64 78 92 33 8 28 100 13 45 46 49 111 20 63 91 69 49 114 39 68 55 30 87 96 65 112 89 45 93 60 109 58 89 93 56 16 16 53 59 39 
83 117 79 90 79 79 84 21 41 111 15 42 69 46 38 8 111 11 83 2 79 87 64 3 23 7 114 92 40 48 24 101 56 108 84 35 81 115 54 12 49 30 55 86 119 58 101 44 70 111 38 48 96 20 77 26 33 46 17 48 81 93 16 97 75 37 93 39 82 115 31 11 2 78 111 74 107 46 38 68 40 84 115 63 85 73 74 63 119 96 94 66 116 11 28 57 53 101 13 22 29 31 64 74 78 79 78 93 83 103 86 17 95 42 33 92 56 40 101 108 36 90 115 19 80 75 99 61 36 101 14 85 71 95 93 42 73 103 100 74 117 82 46 8 48 85 99 1 51 32 96 
43 107 71 106 100 23 93 44 96 93 91 37 104 34 1 55 107 35 115 108 75 109 48 30 20 115 86 48 35 77 117 84 41 30 116 7 108 56 97 96 88 70 58 52 98 89 46 51 73 58 34 107 26 103 77 86 31 39 38 60 100 23 106 84 70 16 85 38 20 95 19 65 80 38 12 1 43 28 45 1 20 43 49 27 51 14 65 74 59 109 62 83 5 10 84 107 109 27 97 49 23 114 42 69 57 84 103 15 93 19 15 41 22 88 41 60 104 55 70 11 2 88 62 55 89 118 44 52 23 15 2 100 83 43 15 117 16 68 120 19 43 85 38 12 97 59 93 82 6 101 10 
37 66 38 87 19 44 74 2 6 92 82 34 66 48 46 36 55 21 81 111 108 15 42 29 3 23 66 12 31 41 64 48 45 6 97 30 25 82 19 77 52 29 24 56 3 33 54 39 100 115 12 109 106 114 8 65 85 6 98 74 81 88 48 48 5 90 111 50 114 32 41 19 24 80 47 30 10 89 57 56 94 56 109 40 109 48 26 54 56 19 16 65 17 59 94 33 98 105 103 16 75 43 116 11 22 93 7 85 22 39 32 110 63 30 83 69 67 105 87 45 45 5 107 76 96 114 34 12 116 59 41 115 34 70 27 96 90 104 51 95 34 18 70 48 105 62 53 58 98 33 82 
5 98 9 4 3 105 46 99 18 18 111 89 20 117 36 70 58 45 97 75 64 87 27 28 35 99 98 37 102 40 61 29 41 18 23 7 86 81 17 41 71 88 53 31 21 34 112 83 57 18 58 36 47 18 116 117 50 22 84 56 68 27 83 19 44 56 33 73 41 87 65 26 28 2 21 3 100 39 45 8 51 105 103 42 70 114 119 112 101 65 61 53 11 20 72 78 120 15 28 36 106 53 48 79 21 94 119 3 82 100 90 53 38 92 110 105 8 95 94 91 37 16 70 7 15 11 95 17 113 80 115 50 36 77 6 26 3 29 42 104 108 7 105 115 2 5 18 52 73 77 52 
32 80 96 84 50 23 49 52 40 3 7 56 115 116 24 16 14 101 34 9 20 55 49 90 54 116 40 7 105 33 19 25 50 40 80 103 107 35 15 68 108 69 53 92 37 10 92 78 8 107 26 12 97 45 107 46 50 61 89 99 71 24 22 3 36 20 29 5 89 90 106 32 31 103 40 12 120 34 96 39 55 76 44 36 53 30 65 110 16 101 29 54 6 86 37 39 52 118 102 4 109 35 114 98 73 7 114 104 44 108 42 94 114 72 94 23 98 37 49 71 60 12 47 74 35 60 13 91 45 81 64 45 80 69 113 47 56 48 54 118 35 17 45 31 27 57 77 70 44 39 65 
11 28 81 19 102 77 7 41 51 51 33 50 9 33 4 30 34 22 4 36 15 69 35 65 68 18 65 99 76 3 74 52 30 107 42 93 112 41 71 100 73 56 69 4 77 105 86 116 5 25 74 68 43 107 86 110 60 94 66 5 114 73 91 104 114 107 116 116 63 28 24 72 75 39 97 16 111 119 20 13 36 64 102 94 49 93 9 91 12 109 72 59 100 97 68 51 34 89 104 40 13 8 30 66 12 77 19 73 110 12 110 71 67 4 97 80 16 7 97 97 66 41 79 32 23 61 15 36 99 82 87 39 50 23 63 106 60 26 59 76 103 79 31 98 94 42 17 67 97 107 50 
99 63 23 4 38 42 94 45 2 68 116 59 20 58 97 98 17 31 59 49 20 9 81 66 14 47 49 110 102 31 3 101 114 18 53 88 12 7 75 30 57 13 29 48 7 75 3 33 31 41 22 74 93 61 31 114 103 43 75 26 110 73 39 82 102 2 102 104 93 107 30 2 5 93 118 54 27 26 93 74 11 39 13 7 120 46 114 89 113 49 3 7 39 110 112 7 59 87 4 116 48 93 117 10 104 62 85 45 106 40 89 26 57 67 73 43 113 97 63 112 35 102 96 27 5 106 82 19 70 52 58 10 32 62 24 3 117 51 31 63 64 57 7 75 60 58 59 120 90 94 33 
92 86 16 118 35 45 2 33 8 50 88 110 119 7 34 3 58 68 100 66 83 49 109 114 77 81 89 117 111 107 49 98 36 64 71 73 114 1 43 64 56 40 70 31 41 84 90 38 69 100 52 96 36 25 17 35 10 42 67 34 100 92 4 58 88 68 119 34 56 46 87 57 24 115 45 119 15 66 18 91 88 22 97 16 106 106 85 107 10 116 2 112 110 63 76 117 88 104 87 23 87 61 37 12 40 115 45 84 13 57 61 87 39 98 14 56 58 84 116 85 88 49 111 10 35 93 40 106 5 72 29 42 39 103 84 3 100 19 77 64 81 48 8 15 114 96 44 61 7 75 55 
92 115 77 30 6 88 56 117 102 96 83 46 97 113 96 79 54 7 43 107 65 54 118 25 48 25 116 117 38 90 25 66 43 117 53 30 78 30 76 74 49 100 32 34 98 119 26 36 92 108 115 101 105 101 42 79 92 24 61 37 46 9 102 83 110 110 6 113 81 65 44 15 56 55 67 110 105 96 86 45 72 108 69 70 92 109 84 50 21 110 45 1 1 59 75 120 21 106 59 19 69 69 16 12 6 45 120 16 7 11 112 32 114 7 40 71 27 10 65 56 84 95 14 92 13 44 98 34 71 79 79 105 1 23 112 27 44 21 26 110 32 93 39 18 41 38 102 37 84 95 55 
107 11 104 81 3 36 88 13 44 73 32 6 54 4 53 3 24 119 19 25 23 108 91 32 103 105 117 20 60 5 104 5 28 36 50 77 29 64 30 27 89 28 14 49 108 79 66 79 16 101 19 109 82 49 59 69 4 43 58 59 7 63 13 52 101 93 10 86 16 52 80 98 22 63 90 9 111 89 61 54 21 7 48 20 43 82 51 114 85 98 1 65 71 8 42 82 18 47 81 3 119 49 119 102 3 116 20 6 19 29 79 23 33 5 32 106 5 110 6 43 8 119 88 116 87 67 96 102 63 60 23 40 99 89 45 38 37 31 106 103 36 43 6 112 19 84 54 83 50 109 82 
102 92 79 120 116 115 11 120 11 1 25 92 55 118 80 86 80 28 118 28 69 106 59 12 74 68 20 22 29 21 6 35 104 119 27 59 112 78 100 67 15 67 7 12 115 39 50 1 66 8 112 54 24 12 68 90 5 62 83 9 23 7 82 21 99 120 70 40 112 103 75 78 91 114 74 21 30 99 25 117 2 80 2 98 85 105 93 14 1 30 75 33 70 45 119 44 35 41 99 113 8 65 108 99 103 80 82 37 93 26 7 26 99 39 86 55 105 82 17 95 16 11 115 1 65 24 98 86 91 40 75 48 12 12 22 16 101 81 39 85 2 16 86 25 88 25 44 98 4 29 34 
119 109 38 6 110 109 27 104 23 74 70 60 91 30 40 4 71 1 16 18 115 92 8 90 82 83 94 19 103 69 119 54 117 81 50 92 94 56 108 15 71 106 82 84 2 72 64 76 119 72 59 45 13 117 110 76 57 101 64 22 74 6 68 16 54 98 16 55 27 30 85 113 115 112 33 52 16 2 51 14 12 78 2 2 87 109 25 2 94 6 25 116 52 29 20 77 74 95 109 97 67 92 34 50 108 13 44 74 49 69 40 102 110 107 120 57 100 9 103 44 74 26 116 11 101 102 53 97 46 3 106 57 12 46 119 9 68 1 72 109 16 116 34 118 3 35 19 100 6 78 23 
45 23 6 109 7 76 106 16 91 82 2 106 25 17 100 103 51 62 73 74 118 57 79 23 36 115 108 50 57 66 58 76 104 76 51 118 65 69 76 56 81 100 42 21 89 4 104 26 73 72 2 17 117 15 12 23 6 76 102 1 23 44 58 107 10 90 43 17 97 89 60 96 120 119 14 14 105 47 28 46 99 66 58 44 63 35 56 18 28 115 38 103 105 62 30 54 92 94 59 62 83 5 109 117 16 48 49 49 120 40 21 27 118 112 68 48 77 5 30 95 3 52 49 67 27 15 102 3 3 1 1 111 58 30 54 75 82 44 115 35 36 104 75 99 7 73 71 89 89 5 80 
37 11 120 2 59 34 7 75 106 59 19 83 56 77 59 66 7 1 102 30 119 110 87 119 21 62 85 69 40 50 87 6 117 25 21 105 98 26 94 72 25 56 79 54 22 42 99 21 60 83 1 5 115 10 18 68 13 5 103 109 76 8 109 59 69 91 106 101 20 45 46 49 101 69 87 82 19 52 35 90 39 13 53 55 81 69 102 110 73 77 36 26 69 17 67 11 110 2 38 16 82 71 6 89 106 28 99 17 84 10 120 71 48 100 8 103 64 55 47 37 20 88 32 76 28 16 58 116 111 75 5 84 99 78 16 93 97 19 80 28 60 67 68 55 37 6 18 49 26 96 8 
1 102 91 53 26 85 42 12 22 80 79 8 115 112 61 7 102 46 103 60 79 53 111 51 5 31 49 102 21 17 44 79 42 90 115 2 82 37 71 3 72 8 40 6 46 105 113 87 89 74 81 116 73 39 25 3 17 24 18 13 10 18 15 91 32 18 101 98 94 23 112 79 102 109 47 120 63 118 80 8 106 19 110 109 41 30 108 74 56 72 67 75 4 103 68 11 20 4 30 78 47 24 2 53 53 17 92 17 80 3 33 26 19 34 120 17 108 20 33 106 87 72 73 106 68 73 7 21 21 63 17 67 5 41 1 60 80 27 23 12 29 36 79 2 54 86 110 120 14 92 3 
104 85 109 50 88 118 72 97 78 58 96 6 117 8 32 20 105 1 77 105 36 61 89 44 29 112 57 36 50 39 98 18 74 36 75 116 70 111 112 8 11 3 39 106 13 44 82 104 71 70 79 83 20 87 91 7 14 13 81 61 108 1 90 29 35 61 63 23 6 64 29 107 80 58 104 45 91 71 34 44 24 62 84 53 32 110 18 109 96 54 79 36 47 22 12 45 50 32 56 99 36 96 27 1 64 12 8 51 44 120 114 77 21 59 120 110 101 115 117 11 15 63 101 96 42 58 71 87 26 104 117 18 37 47 11 107 9 95 91 75 79 87 25 44 64 84 87 66 48 59 50 
104 115 4 64 86 7 6 31 84 118 112 20 77 104 87 47 24 64 87 88 16 16 109 116 44 82 40 50 110 11 55 6 30 74 53 96 106 32 48 80 91 15 26 90 9 97 58 119 52 80 37 16 48 39 43 51 36 96 70 48 39 88 57 30 24 98 16 97 89 9 102 105 77 77 91 64 68 8 63 106 79 23 10 55 27 103 61 108 44 21 25 28 31 21 26 118 17 84 19 86 83 5 67 112 113 108 119 62 43 60 20 109 119 48 86 103 19 33 34 114 22 54 36 115 22 2 11 53 69 75 61 73 8 72 85 34 8 117 13 44 78 15 106 21 38 33 120 14 88 91 44 
119 104 107 107 21 11 116 55 9 26 10 14 95 74 25 19 39 72 43 48 119 37 114 15 66 70 115 9 107 68 12 34 86 62 16 82 18 120 61 73 59 72 42 48 84 23 43 70 47 62 70 16 42 120 48 80 94 101 91 22 15 71 71 56 79 58 48 37 6 82 27 32 116 35 119 45 58 28 114 55 28 95 42 41 58 7 116 28 119 90 47 28 87 102 38 17 42 41 62 80 5 109 41 44 30 21 54 45 67 77 50 7 45 49 40 58 25 2 4 3 26 37 39 2 14 119 12 38 96 77 69 18 108 85 47 71 16 89 1 112 30 105 50 45 16 40 22 86 25 43 63 
19 82 107 62 43 42 25 2 36 46 35 113 41 65 14 94 17 61 77 83 44 40 55 102 50 56 107 24 58 4 78 101 105 48 19 28 32 66 112 62 17 87 27 107 24 103 42 48 21 18 80 111 57 101 46 36 62 88 19 76 89 88 26 83 110 67 118 92 104 45 38 51 78 96 52 64 7 29 29 101 61 30 67 78 50 11 74 61 91 44 50 54 113 16 108 30 64 55 115 72 102 100 71 65 26 60 106 69 17 71 92 94 74 16 71 91 74 16 32 34 17 114 48 48 93 53 43 92 7 39 19 71 73 2 74 82 102 73 33 110 96 26 66 51 28 95 46 30 93 80 40 
23 54 28 43 34 98 14 41 32 22 109 30 41 25 82 85 47 108 53 103 85 115 60 61 26 18 90 67 73 119 32 51 41 82 44 67 88 3 81 5 23 34 77 86 63 60 52 90 111 61 42 71 74 42 117 105 14 92 80 84 36 51 47 86 66 40 20 95 20 4 40 105 71 26 93 13 3 66 47 24 41 76 70 41 100 61 64 112 5 58 99 91 91 44 9 30 97 92 49 49 92 28 91 13 82 3 64 113 54 54 98 2 53 10 110 106 32 34 82 60 99 34 75 113 107 22 56 42 46 47 67 97 14 29 74 118 38 120 94 11 21 56 110 111 27 56 45 93 111 98 103 
114 101 47 53 42 102 93 74 42 12 103 96 16 62 42 90 38 112 13 82 62 117 18 75 44 35 67 81 27 81 25 27 89 8 58 43 28 114 15 64 51 3 115 117 4 35 114 25 19 117 91 28 110 111 57 46 83 49 7 100 61 26 72 54 15 109 16 21 91 37 19 3 47 21 73 53 93 35 80 33 11 71 108 29 85 65 33 101 14 8 114 53 51 43 42 53 66 39 27 15 94 12 71 116 40 113 58 14 5 52 13 32 10 51 65 71 66 112 11 39 38 24 117 80 102 26 21 70 115 70 71 111 15 59 40 24 60 3 49 108 59 67 33 23 82 63 104 99 47 50 68 
71 118 96 116 82 70 59 17 41 106 25 1 104 57 75 44 110 35 2 2 118 2 9 24 115 28 22 117 113 17 62 103 15 34 99 55 105 48 17 58 70 62 81 18 39 34 88 41 57 81 118 105 11 96 56 70 101 90 42 11 105 97 1 76 87 33 27 105 1 40 88 33 90 6 91 17 28 68 12 90 95 25 95 58 69 3 81 70 74 60 95 74 40 96 117 85 10 20 72 107 50 57 103 33 45 64 69 42 100 39 35 105 54 93 82 70 55 28 30 21 47 5 49 61 95 58 74 85 24 110 29 110 11 47 101 27 74 101 20 22 92 86 52 11 85 38 53 112 28 21 71 
102 86 103 91 92 72 67 113 102 65 90 66 32 41 116 82 108 92 105 114 20 5 83 6 48 8 3 21 68 6 51 79 74 20 102 119 74 2 5 45 61 39 113 3 49 36 18 53 95 48 19 118 38 13 19 85 112 75 12 18 89 98 103 37 120 60 86 15 14 11 50 103 115 107 45 39 119 109 104 27 61 47 52 25 78 46 27 113 97 108 79 104 86 38 116 101 4 63 115 4 59 52 29 79 66 12 25 30 33 13 29 52 30 23 102 47 32 98 64 42 51 11 65 118 14 29 66 53 12 37 111 32 30 44 41 5 115 97 66 90 67 48 95 76 35 52 85 16 20 6 65 
24 112 29 85 84 76 7 38 57 47 78 35 53 45 99 51 8 5 57 80 86 107 63 46 48 6 15 103 79 23 26 62 7 37 95 46 76 51 29 61 37 34 85 55 86 21 7 98 96 19 71 83 38 11 60 56 97 38 46 120 19 85 63 13 44 58 113 15 29 4 91 39 92 63 6 58 98 72 72 35 108 56 75 15 45 79 1 84 24 105 14 99 65 51 79 78 80 81 94 92 118 90 23 3 67 71 103 81 64 101 102 36 75 39 65 79 1 3 111 106 116 34 45 92 103 93 84 36 19 80 19 59 26 45 23 7 46 43 11 77 19 30 39 40 41 99 106 30 73 118 54 
26 6 41 92 25 38 36 84 5 87 10 82 46 115 69 52 120 55 117 92 81 35 114 25 30 106 56 6 86 106 64 93 18 83 111 3 115 64 51 95 26 47 106 22 65 110 66 85 45 31 51 41 95 72 58 111 79 20 56 62 33 1 70 97 21 65 2 26 31 82 26 27 104 89 83 82 31 22 61 42 76 92 72 69 4 118 103 70 76 4 17 40 93 30 82 105 14 96 92 109 10 52 90 75 86 68 63 89 14 112 78 102 45 8 1 89 15 82 31 51 24 43 24 90 86 93 111 31 98 10 49 54 25 77 92 118 76 115 112 119 28 40 98 47 85 47 50 48 24 13 28 
42 54 74 119 82 108 90 47 40 8 12 66 20 32 34 8 88 108 7 38 33 90 83 99 45 20 44 43 82 27 39 23 21 61 25 91 110 18 81 79 7 86 86 15 66 3 79 43 75 116 98 86 77 69 1 6 87 22 1 104 22 84 92 77 45 115 1 93 120 40 11 44 109 71 15 6 53 62 105 28 5 46 20 17 46 57 8 91 69 54 68 103 65 84 80 8 114 43 83 51 64 87 93 91 47 46 16 67 89 79 30 104 119 90 6 40 55 44 86 3 117 8 113 89 1 6 80 91 40 101 22 98 63 101 109 23 53 85 35 15 9 107 18 87 74 64 17 29 36 58 89 
26 78 9 82 95 4 117 1 12 8 111 107 104 71 58 54 82 37 44 86 104 69 113 4 109 46 103 65 68 8 71 106 17 97 120 77 96 44 66 98 118 71 114 34 17 98 50 117 51 54 62 78 5 40 15 38 116 46 56 99 84 30 98 15 98 104 101 67 22 24 15 20 49 25 66 119 66 37 56 59 23 66 59 71 81 73 24 119 69 39 111 79 5 70 52 39 22 108 16 87 35 18 69 117 47 116 17 85 48 39 89 65 15 113 58 113 68 2 100 53 114 87 57 113 55 72 20 4 106 61 89 118 74 18 12 21 110 69 120 6 55 23 38 10 90 98 78 88 18 54 102 
75 15 65 75 77 39 54 112 5 98 55 33 98 97 24 17 95 39 25 4 59 103 20 97 105 14 58 85 14 98 69 9 21 32 94 117 50 11 81 32 102 109 58 116 10 15 37 76 70 1 49 56 23 16 46 53 77 7 98 17 37 64 68 82 35 13 79 64 20 4 94 118 18 118 94 100 105 96 58 105 51 113 9 107 55 114 110 23 21 45 87 36 85 33 107 38 117 14 82 40 109 72 80 6 43 24 107 91 116 47 19 49 27 43 24 23 54 108 56 59 62 30 42 92 11 88 22 108 34 118 119 91 109 49 46 12 87 95 2 98 69 114 5 87 59 91 51 7 92 78 13 
96 74 23 57 57 22 103 9 84 107 14 89 24 33 31 89 113 3 49 43 7 24 37 36 47 37 101 74 4 73 31 90 95 94 44 102 43 57 110 110 22 105 43 117 109 97 88 67 12 67 81 105 40 106 28 103 59 112 41 16 72 29 72 48 91 64 36 34 5 75 74 83 66 17 110 60 38 104 79 15 80 74 2 110 47 19 88 24 103 9 18 59 94 5 6 37 108 75 27 37 11 73 37 66 62 90 68 115 69 26 99 21 89 112 100 89 58 115 6 10 68 55 25 60 33 111 90 94 53 68 86 93 71 85 96 82 46 54 43 59 110 29 65 38 64 41 108 34 97 80 37 
49 47 57 87 11 41 98 96 31 59 119 102 67 103 39 26 100 35 9 42 61 73 62 76 97 119 20 29 115 8 44 95 76 28 83 85 50 83 57 11 51 3 73 6 57 16 24 100 51 30 50 82 56 21 56 77 78 57 89 58 82 54 73 103 10 94 77 105 59 76 50 54 42 81 117 67 53 45 94 45 77 45 7 86 118 103 38 32 114 110 79 30 106 77 64 6 33 38 56 89 110 45 100 104 7 70 56 55 45 64 44 28 29 60 49 63 27 100 46 118 47 52 95 28 40 96 82 113 107 99 117 111 81 63 83 25 74 76 68 70 30 63 105 11 9 75 80 101 80 17 24 
35 76 23 42 110 5 56 77 70 103 113 68 102 17 105 26 60 45 86 86 98 10 90 76 8 26 78 84 96 78 12 98 2 30 81 16 54 13 42 105 56 72 47 53 48 87 103 114 37 42 11 115 28 78 34 23 30 55 88 4 93 26 29 46 62 79 48 2 81 1 61 66 39 99 90 29 7 39 59 73 40 48 113 51 4 80 110 8 70 77 7 20 51 16 40 40 78 22 87 34 11 111 78 95 70 52 93 116 33 52 101 13 21 53 23 18 1 61 114 86 104 50 47 72 97 67 56 28 38 75 32 113 8 76 114 117 69 20 93 118 68 25 75 21 106 81 25 107 100 80 84 
104 45 43 85 96 52 88 97 71 77 83 10 23 61 68 28 109 113 41 71 75 82 7 53 90 90 87 99 38 61 54 41 38 13 13 96 119 104 35 44 6 26 30 16 32 74 39 40 83 14 83 101 10 79 59 116 21 74 95 30 92 61 102 106 45 5 16 34 93 115 43 13 2 63 107 55 95 3 69 66 12 69 3 50 84 43 107 54 49 67 106 108 92 104 90 76 118 108 120 105 56 26 32 66 29 88 71 100 4 27 9 111 8 64 59 24 86 54 97 7 95 19 93 83 40 41 66 62 56 94 118 58 48 55 93 95 120 29 4 20 49 40 6 117 2 103 3 112 44 111 35 
36 59 80 25 105 119 90 41 59 22 11 88 105 36 109 30 69 2 5 70 3 98 35 13 95 36 114 52 118 27 13 24 43 2 69 29 13 112 2 86 32 12 92 2 61 106 43 39 10 59 67 33 30 114 7 25 89 66 92 48 116 120 72 41 29 18 109 55 14 111 10 117 99 96 43 68 44 49 103 85 115 48 94 53 70 53 6 98 112 103 119 17 68 100 9 55 68 3 76 115 62 53 112 116 117 113 57 12 79 44 51 83 99 66 78 60 70 95 104 72 14 56 86 102 9 114 25 3 45 90 91 88 5 81 112 107 79 113 71 33 115 33 27 106 65 34 112 37 39 119 75 
91 112 3 51 70 83 47 20 42 103 65 66 37 14 24 104 34 39 76 102 49 96 27 50 51 9 18 62 14 24 64 57 43 77 20 59 88 61 26 6 44 5 86 3 72 4 90 79 42 107 10 106 22 30 79 11 69 95 14 96 50 59 63 3 33 119 40 15 36 109 21 28 80 15 40 80 109 1 11 113 109 59 37 73 13 48 58 30 99 57 15 83 3 54 92 80 88 95 42 49 104 49 46 97 39 42 88 90 49 6 27 107 39 26 16 33 68 42 74 18 9 39 21 56 105 73 74 35 55 39 21 111 3 95 8 76 79 111 60 70 80 26 102 41 116 78 61 53 68 42 96 
37 77 21 92 32 33 99 2 55 38 64 43 68 108 87 33 20 114 58 23 33 71 104 17 16 92 15 95 100 86 26 67 46 114 78 107 44 61 99 77 11 118 31 91 29 7 31 35 82 36 38 58 108 120 31 104 84 66 35 114 49 75 49 2 109 82 93 1 66 49 45 41 85 55 92 29 30 45 117 3 84 118 99 25 86 19 106 4 73 57 20 27 26 78 37 111 90 44 73 16 84 120 117 82 100 71 47 75 6 14 53 29 34 114 72 95 88 92 95 62 106 49 6 24 46 61 60 85 55 110 118 106 104 84 72 58 106 37 35 70 25 81 1 22 52 27 13 116 24 47 24 
6 54 82 5 46 38 104 38 62 94 78 87 66 90 95 99 114 54 46 19 96 89 21 30 84 77 45 73 23 6 78 100 7 79 30 76 4 75 84 16 99 6 35 31 81 50 22 53 82 107 17 3 101 16 85 102 82 42 45 106 9 82 35 37 97 13 66 72 87 49 36 66 26 61 115 44 34 108 70 97 74 35 37 30 90 113 48 37 109 46 112 105 54 49 65 41 38 95 113 80 7 4 46 54 41 35 56 104 91 18 108 94 82 108 30 88 3 65 1 107 32 111 34 13 92 109 35 91 3 31 43 67 48 60 46 78 31 119 70 43 99 11 72 32 56 23 111 85 87 72 51 
43 5 93 108 84 91 100 63 20 61 105 58 15 35 51 22 38 115 107 86 79 70 111 54 53 93 85 69 80 102 87 39 10 81 12 2 53 52 106 7 10 95 61 86 59 30 36 24 109 100 3 72 106 101 15 28 75 77 49 37 10 36 74 68 114 41 37 30 119 11 109 77 107 46 11 85 85 17 48 42 36 89 51 53 54 19 5 103 81 96 45 114 52 97 109 109 107 68 81 100 38 75 74 95 114 117 46 85 35 73 72 38 95 13 96 5 13 33 51 36 108 3 67 85 37 109 107 94 42 6 30 1 15 44 51 107 53 120 17 18 34 1 64 5 113 21 83 4 108 40 22 
95 97 99 23 35 42 75 48 58 102 73 20 84 53 83 41 115 73 42 52 116 81 26 42 51 8 54 28 3 16 86 99 20 73 12 116 57 20 25 39 48 72 37 112 82 111 73 69 47 64 31 5 45 61 68 88 93 5 29 84 92 90 17 110 118 118 83 117 12 75 108 100 36 15 71 26 116 88 28 109 94 15 18 43 69 36 110 11 7 96 102 38 95 69 108 105 90 115 89 31 108 83 63 85 111 84 15 11 44 46 107 41 104 50 102 59 54 69 47 73 112 51 45 119 23 103 117 48 89 5 112 11 38 20 103 73 1 21 76 4 16 10 47 86 36 8 107 37 50 100 17 
13 53 76 67 22 16 12 74 43 103 59 5 49 103 73 69 92 97 13 60 18 23 16 48 4 26 76 44 97 27 53 104 93 83 1 116 14 115 107 21 22 72 95 50 116 46 71 74 61 16 11 117 5 48 14 108 60 37 29 3 104 99 68 5 86 82 62 2 6 44 33 112 114 93 100 18 59 7 36 104 109 73 100 28 34 75 69 39 70 77 8 39 58 107 54 42 73 114 17 12 72 10 74 57 69 12 50 102 82 63 95 49 84 19 68 18 61 83 95 1 106 56 90 100 7 108 17 44 103 84 14 104 4 63 82 48 25 32 47 116 52 48 86 74 37 75 109 48 90 43 13 
40 49 34 72 92 53 77 29 115 63 3 119 62 7 81 38 60 8 99 14 101 17 81 95 1 118 24 111 104 14 46 84 3 114 8 112 5 115 76 38 16 76 20 11 60 107 50 118 65 119 20 97 84 34 104 106 61 31 92 22 108 36 36 40 10 37 14 54 105 58 84 5 111 120 57 53 4 63 67 32 36 30 104 117 118 112 102 14 117 12 95 94 66 96 92 94 16 96 82 75 18 86 15 83 89 54 118 119 31 15 104 88 15 68 102 67 104 103 103 111 39 26 46 62 90 54 32 55 90 47 41 32 23 4 114 92 74 118 16 85 80 16 107 39 69 17 62 112 21 60 10 
21 32 75 116 44 1 15 103 59 29 84 24 31 61 76 22 38 95 35 48 93 62 100 93 75 23 77 39 22 109 5 75 83 72 57 65 110 62 119 81 8 22 27 23 12 65 117 91 13 47 100 21 2 46 26 58 77 74 44 46 53 92 5 35 31 99 79 8 106 68 96 36 40 62 76 71 80 13 25 56 15 105 108 2 31 62 95 41 120 15 9 27 90 111 82 13 8 36 73 21 81 61 37 49 12 116 92 46 88 33 70 66 28 119 101 48 88 114 88 26 106 53 18 50 7 67 80 54 79 43 41 98 73 50 5 27 117 96 51 78 94 111 97 118 74 8 77 64 10 52 84 
66 117 50 22 56 109 107 60 8 88 81 89 116 7 85 44 111 80 14 56 28 7 43 57 104 19 111 94 30 13 79 78 44 109 118 97 112 118 92 23 28 51 21 42 5 112 86 116 24 93 119 21 52 12 1 90 20 115 62 22 71 77 113 48 20 13 73 11 12 41 7 64 44 119 110 12 117 42 109 11 94 70 67 118 86 83 10 2 90 33 119 76 13 9 111 60 89 36 90 10 31 5 21 102 114 90 84 103 7 53 101 100 46 85 117 115 70 106 67 95 82 101 42 68 77 63 29 64 103 51 5 34 69 101 11 114 5 60 109 46 27 56 109 24 16 24 16 2 33 90 119 
45 95 22 32 90 43 71 26 64 113 62 2 120 32 108 60 71 71 20 1 94 71 85 99 59 37 4 47 34 103 60 45 13 100 75 86 19 117 11 63 83 40 53 57 62 4 75 30 85 51 83 101 71 51 119 61 1 64 34 30 112 29 22 114 94 78 99 3 37 39 65 48 25 92 111 32 63 42 63 23 102 74 24 76 95 2 26 111 77 89 42 76 4 93 11 120 70 53 37 90 66 60 34 76 91 23 79 89 100 66 62 71 54 107 42 97 68 36 47 89 51 85 70 87 18 41 18 102 41 49 84 12 80 94 62 105 85 34 31 79 22 17 100 48 60 91 66 17 4 58 95 
9 11 52 114 49 73 107 54 44 38 40 100 104 69 71 89 64 15 73 113 54 9 2 33 92 116 25 41 70 19 60 63 44 84 113 51 119 63 20 24 79 81 46 105 31 51 5 8 116 79 17 6 89 99 57 78 115 105 105 100 11 64 63 65 51 8 5 10 17 87 120 69 40 22 19 50 26 30 10 23 96 36 25 14 23 12 89 14 19 109 60 96 81 12 85 98 28 41 92 107 52 19 11 28 39 37 95 74 79 9 58 8 101 94 60 60 15 24 27 57 51 96 95 40 14 101 113 10 99 44 39 68 7 61 29 31 50 73 48 81 110 72 118 22 12 46 81 70 60 88 48 
66 40 19 96 99 33 104 42 23 79 110 116 47 78 17 57 58 28 5 1 78 95 29 70 75 34 79 46 74 94 62 17 81 8 69 78 112 99 86 106 33 12 56 106 14 95 55 84 81 118 5 33 61 2 44 36 26 86 96 28 111 30 60 75 105 90 44 45 20 100 94 67 7 81 15 86 4 58 37 43 51 46 50 67 55 92 47 28 48 76 74 102 54 8 77 95 63 10 97 62 48 33 71 119 5 21 113 95 87 6 68 22 79 4 58 83 111 78 105 56 11 6 120 112 76 110 49 45 32 4 65 63 1 91 79 24 14 5 4 114 116 108 58 28 45 65 95 60 102 98 40 
49 38 85 8 26 119 73 4 15 92 21 3 94 89 4 14 113 33 7 120 88 12 114 76 10 90 86 58 46 19 107 51 88 112 5 102 75 53 117 35 93 54 21 43 118 23 19 60 23 99 92 117 107 33 105 61 12 23 26 64 98 24 76 52 59 37 86 64 29 106 73 32 26 72 69 57 21 116 83 51 47 28 108 100 3 45 95 32 35 41 69 120 17 24 112 56 1 119 16 63 86 111 27 72 70 53 13 18 31 39 33 1 58 35 8 96 35 97 68 60 108 83 68 113 108 96 58 112 17 75 89 39 35 118 87 54 28 20 37 1 39 32 39 42 50 52 113 22 78 2 59 
90 52 34 66 27 26 3 114 106 5 102 9 84 59 113 1 79 4 14 12 99 104 92 57 76 93 117 100 113 50 28 2 48 3 36 65 29 10 24 65 75 85 107 115 69 43 11 20 100 33 4 110 81 120 63 22 87 25 21 35 29 33 116 43 78 96 95 80 56 42 41 1 27 17 3 56 48 74 97 67 48 106 99 6 65 94 103 8 15 33 35 98 102 47 49 13 110 32 17 95 96 32 79 11 23 83 119 115 1 113 41 13 69 3 16 20 76 54 96 69 13 38 101 17 29 34 49 24 1 9 10 40 14 39 53 26 95 105 63 14 74 50 110 86 80 79 8 65 108 25 56 
16 27 15 35 31 74 13 70 69 105 65 10 103 59 81 80 44 29 37 81 28 77 19 60 56 1 70 46 116 66 4 11 71 52 62 93 84 48 41 18 35 42 25 87 111 102 11 8 97 28 116 81 101 89 37 85 40 73 102 1 103 63 42 110 51 61 38 53 97 79 92 29 73 76 27 60 71 43 4 114 118 86 5 16 80 87 103 83 17 70 49 32 19 53 69 98 10 114 64 20 34 29 20 52 81 102 120 99 49 69 50 66 30 98 113 103 60 3 106 77 112 27 92 115 32 20 117 20 83 20 56 66 118 34 28 75 101 118 45 57 97 58 82 72 19 120 36 37 63 66 47 
65 94 40 4 109 34 55 89 51 116 13 28 91 59 90 62 33 32 19 48 52 83 42 78 60 33 16 66 17 6 60 106 28 74 112 8 111 37 1 24 47 41 70 92 31 89 106 111 108 64 43 48 47 8 14 39 31 89 119 25 87 51 89 57 120 117 38 50 87 37 30 74 8 111 34 72 101 37 29 44 100 111 52 93 100 64 52 86 45 43 119 34 106 110 11 30 38 68 107 28 65 34 102 62 99 78 57 11 14 39 26 105 109 59 53 80 92 39 120 102 11 76 29 39 87 63 106 69 113 18 82 75 16 8 113 3 48 46 13 101 100 66 13 9 100 41 105 61 23 53 75 
89 80 115 86 32 95 61 70 109 74 94 44 20 77 60 66 114 87 48 92 81 58 79 28 116 26 80 64 46 90 43 74 17 74 20 56 113 31 70 29 7 119 117 55 26 48 9 81 97 83 92 8 110 96 98 84 5 59 29 120 59 66 103 109 95 10 46 62 88 112 38 53 54 113 16 8 28 27 106 109 23 103 30 18 2 68 24 25 46 117 99 39 20 83 6 42 92 102 37 37 103 8 36 103 67 97 44 4 97 105 59 19 18 8 80 46 31 90 80 6 14 112 8 118 99 91 54 85 103 31 19 66 63 10 83 44 66 37 87 54 52 86 86 42 12 1 99 37 20 86 23 
103 83 7 65 47 114 21 10 31 35 42 33 104 70 33 88 10 82 19 86 49 55 29 107 49 109 60 39 118 77 29 2 64 119 98 23 54 63 32 56 93 118 11 21 108 32 61 120 86 24 111 103 48 110 50 17 11 3 106 86 23 19 106 3 94 26 49 54 90 83 97 61 39 111 46 25 55 68 29 93 78 29 81 75 20 5 80 29 83 84 11 100 94 116 71 60 63 97 53 69 40 5 11 30 54 51 78 113 86 98 42 36 42 111 9 30 118 82 109 48 69 30 91 80 24 51 11 86 108 19 35 113 86 110 97 15 102 89 42 38 57 21 99 29 50 47 33 62 33 117 95 
7 81 97 86 65 79 36 81 83 30 7 31 57 54 45 23 74 31 81 52 9 55 16 82 39 45 38 54 91 8 87 87 99 72 114 9 111 33 46 107 44 72 5 82 100 63 24 28 59 63 21 21 93 48 26 31 65 60 32 1 13 109 37 106 22 6 2 15 64 39 77 2 115 116 10 99 77 86 106 32 112 9 107 35 9 9 12 57 78 119 39 74 119 37 74 3 2 104 93 109 23 56 104 95 109 37 8 76 65 83 2 112 68 104 30 21 24 100 112 100 62 42 116 95 50 56 107 61 72 4 105 80 50 96 86 32 89 2 53 40 115 83 116 96 7 41 16 20 35 36 40 
64 56 41 94 95 112 91 91 13 69 33 102 31 73 13 59 116 81 67 14 42 44 116 86 99 56 97 113 68 96 20 105 45 65 75 13 76 7 22 90 83 9 39 95 116 45 6 112 19 119 48 82 37 63 58 103 22 37 97 73 35 54 75 91 39 27 32 86 5 6 48 117 86 42 17 37 112 28 78 96 27 71 116 101 11 9 90 15 116 49 79 88 9 29 25 116 42 116 60 78 92 65 58 38 23 8 74 105 76 94 63 93 30 54 70 25 115 107 35 7 65 91 31 38 71 79 5 32 51 59 16 105 24 27 83 46 112 3 5 27 61 104 25 57 93 74 91 96 117 11 43 
63 96 2 94 63 94 85 40 21 43 56 33 53 101 56 50 59 95 100 92 16 16 98 10 76 33 108 115 60 99 104 59 45 52 6 13 34 53 1 83 24 120 89 117 115 43 57 22 12 67 76 114 105 100 17 57 25 111 27 107 59 58 6 14 66 12 5 85 108 109 40 95 76 85 116 63 94 62 41 57 34 94 43 75 98 40 103 99 5 111 106 13 119 68 99 111 105 104 105 76 93 61 53 29 57 11 63 94 77 67 20 24 80 61 60 119 60 34 97 104 71 45 63 53 68 36 61 79 83 2 94 18 43 66 93 50 35 43 89 105 93 55 46 61 56 89 9 45 112 120 19 
64 111 33 78 12 80 28 4 120 10 29 49 91 57 95 33 95 25 115 32 80 85 32 118 117 36 9 24 67 27 115 97 75 75 73 42 27 39 114 98 102 43 106 118 58 13 4 31 16 20 67 75 50 36 48 34 56 84 90 35 82 93 114 98 33 69 69 30 46 31 74 75 94 98 120 18 119 9 9 80 110 82 19 93 7 90 68 52 2 58 119 80 95 112 92 57 86 15 120 56 8 86 43 119 85 10 108 80 9 100 9 99 1 82 33 68 50 92 87 120 92 99 9 18 108 34 106 76 57 31 115 84 104 116 106 48 115 61 111 90 76 119 114 4 52 114 89 117 89 50 72 
1 68 64 51 103 113 42 57 66 28 74 64 88 117 95 3 65 16 119 60 5 37 30 89 109 91 114 22 29 74 3 22 32 91 24 67 42 27 116 92 66 95 90 48 95 91 30 9 47 91 113 47 56 105 73 110 116 82 104 46 72 53 45 114 80 21 33 64 6 63 31 77 62 98 100 119 97 93 67 116 54 116 43 81 11 72 109 46 9 110 3 33 7 14 21 46 90 5 64 37 117 74 116 116 112 43 18 12 111 72 32 24 90 83 8 51 76 66 8 43 65 73 40 8 47 17 18 43 20 118 32 67 98 26 30 30 95 43 61 34 72 96 85 20 70 98 62 17 89 105 14 
79 60 118 59 113 97 31 64 31 53 116 16 58 53 55 98 68 52 65 27 105 38 78 50 81 116 1 33 98 111 40 73 43 54 101 118 73 34 91 14 14 63 21 41 68 83 26 90 5 25 117 58 23 70 25 117 13 1 70 11 114 67 74 86 31 4 86 92 25 92 10 30 41 104 105 17 118 77 84 24 4 43 106 52 19 86 113 62 118 53 9 39 64 27 53 90 61 32 28 46 105 51 56 113 69 95 67 50 23 65 49 21 85 57 72 62 81 116 51 69 97 21 6 74 41 64 109 86 5 50 27 93 63 45 27 27 20 94 91 108 49 108 53 21 6 96 115 38 84 50 26 
50 53 114 67 33 13 32 76 40 79 32 23 90 22 73 15 103 33 65 1 27 46 75 63 63 53 108 91 7 26 55 107 113 66 2 4 84 93 115 55 2 14 66 92 77 6 112 39 38 39 82 13 57 36 106 10 8 84 48 113 88 5 62 89 108 4 25 18 34 102 21 76 9 41 87 38 58 26 109 45 81 55 9 40 5 117 107 61 106 106 15 92 44 15 98 44 78 92 62 30 94 10 7 76 45 27 67 4 90 15 45 17 4 53 35 45 8 12 31 96 27 76 57 82 17 5 22 70 42 37 77 113 4 16 55 28 115 103 27 56 93 90 30 5 96 45 39 68 4 107 8 
72 53 84 84 115 83 82 86 19 6 74 106 44 34 103 99 70 1 95 91 4 31 26 98 32 19 69 109 81 80 35 78 101 41 58 47 81 45 105 15 26 104 20 96 105 100 42 31 85 115 25 64 113 49 98 24 82 64 26 38 79 28 22 59 116 81 54 82 95 70 4 75 60 31 26 114 64 110 18 77 88 76 24 72 64 80 72 93 108 117 50 64 112 51 21 67 70 116 3 36 34 72 39 4 32 56 92 102 21 80 40 114 99 120 54 99 27 57 77 39 47 1 103 81 79 87 44 10 26 74 87 93 24 44 64 33 71 105 47 56 68 42 15 99 66 49 90 15 59 83 52 
21 79 79 53 39 111 107 47 47 86 112 108 77 3 29 107 105 112 24 37 77 29 31 11 120 71 19 112 79 16 27 97 32 65 91 41 92 42 102 11 15 117 16 50 9 18 83 57 83 34 27 29 78 90 74 117 51 117 103 36 71 111 109 116 25 108 1 43 12 42 18 64 104 42 117 67 88 37 71 62 31 93 98 17 20 118 58 100 43 40 43 30 73 36 101 61 83 27 16 84 105 24 77 3 117 85 70 58 54 85 38 107 18 95 111 52 1 82 72 82 95 57 27 23 50 33 6 119 5 72 31 9 86 114 1 101 58 25 91 86 112 120 94 93 92 105 17 112 31 116 34 
89 43 36 100 76 46 38 41 84 4 38 40 119 37 112 83 64 45 29 82 72 94 86 44 49 66 1 91 32 118 113 90 115 66 33 114 33 40 22 58 18 86 108 114 36 61 4 62 6 48 6 106 87 62 70 82 46 48 59 41 30 97 36 27 87 40 43 105 15 64 46 18 4 25 73 2 96 81 32 83 70 72 70 53 9 27 26 4 64 53 105 32 85 56 29 110 82 57 75 60 93 27 85 98 14 72 19 31 28 111 46 66 34 2 8 84 48 35 113 109 86 31 114 113 35 71 81 12 13 77 45 116 96 29 23 12 33 115 104 28 27 27 119 69 18 3 55 63 88 81 67 
89 44 8 24 17 21 68 10 106 14 79 52 120 24 78 73 65 114 101 102 75 30 99 73 39 116 107 38 50 15 11 92 86 16 38 13 111 85 26 90 20 88 104 2 82 106 15 101 108 120 89 88 96 83 63 9 27 82 13 78 22 28 120 43 117 108 101 52 17 43 27 70 32 93 19 49 72 31 75 92 80 75 18 59 115 107 95 77 90 62 102 21 77 48 63 59 99 40 103 57 20 17 85 15 17 110 6 85 48 52 49 106 24 95 38 109 99 5 69 20 73 111 106 15 112 81 54 41 15 4 29 17 22 28 119 52 50 102 112 101 101 30 101 113 4 103 114 55 42 33 30 
6 18 77 48 35 39 14 113 93 85 31 6 72 98 65 50 69 45 60 90 39 112 87 52 19 90 94 118 82 111 60 39 28 79 56 108 42 15 19 42 117 103 89 64 115 55 63 65 116 16 24 62 8 8 69 39 11 96 90 20 26 6 67 66 60 25 102 68 14 2 59 57 83 48 7 111 35 83 9 44 1 108 80 54 3 119 83 26 100 86 78 40 84 91 104 11 32 34 107 68 95 37 73 27 106 53 81 98 68 23 105 44 2 35 97 52 41 76 64 37 19 74 100 37 120 6 68 37 24 33 72 92 86 52 70 57 106 24 12 47 108 18 3 30 43 24 114 94 7 21 6 
31 32 18 86 63 106 88 64 5 11 80 87 72 14 14 64 73 38 93 1 3 52 105 68 70 120 11 17 44 101 98 8 33 86 107 57 78 82 33 102 107 94 79 3 100 41 104 44 61 73 47 12 52 97 53 29 57 16 38 80 6 91 63 64 21 37 13 68 36 90 60 87 24 96 14 101 24 25 12 104 110 80 100 26 117 59 4 1 14 98 72 71 49 37 10 104 60 59 76 114 105 102 58 63 52 13 50 66 110 71 17 64 102 94 39 16 47 107 7 98 80 117 58 64 63 6 111 97 74 9 13 70 109 116 120 35 29 57 91 106 72 87 89 109 12 103 59 116 53 82 94 
69 65 20 118 61 76 75 99 29 18 107 42 55 35 85 80 65 118 32 104 80 18 56 40 70 100 110 67 70 59 52 70 65 29 40 39 15 32 41 80 10 101 6 38 69 51 80 49 69 41 15 4 69 106 21 2 103 112 55 81 43 110 3 24 14 64 88 32 119 73 99 26 23 9 74 49 23 29 64 86 104 92 54 57 31 120 61 77 109 68 22 36 5 41 118 103 102 18 64 21 42 68 76 28 96 85 16 61 42 3 43 27 19 104 61 57 57 38 67 8 8 115 38 19 95 36 92 46 63 65 44 16 91 98 8 47 18 119 15 43 114 31 26 1 52 56 114 11 59 52 51 
100 119 17 104 67 116 29 119 116 70 98 15 111 41 18 59 105 101 26 62 58 109 85 111 12 28 54 12 65 86 114 41 69 23 12 119 46 119 42 86 103 48 84 25 88 35 93 99 111 58 39 119 8 31 4 120 8 59 3 79 76 94 46 72 9 31 67 28 107 81 107 110 14 5 60 6 65 111 67 91 29 55 84 16 58 89 108 85 44 26 113 75 76 35 84 7 29 99 51 28 73 44 26 7 46 49 46 116 60 16 81 21 117 73 12 119 101 113 5 45 29 39 84 67 48 50 23 53 76 15 98 83 119 116 97 109 88 47 69 46 115 101 27 97 113 41 109 89 23 22 71 
71 95 109 95 24 57 23 53 12 63 93 96 71 23 120 53 31 61 40 35 66 55 16 28 94 20 84 105 109 100 12 88 114 23 91 75 88 95 119 64 95 82 24 113 10 68 118 75 87 106 68 69 86 95 46 48 20 53 66 42 91 106 101 2 63 36 17 97 82 88 88 110 61 109 72 87 69 9 50 78 50 73 3 73 38 95 75 15 53 116 64 64 91 47 62 65 52 95 56 118 79 36 30 63 27 47 116 43 14 74 21 48 81 83 92 53 46 54 40 104 6 97 98 25 21 85 118 40 52 61 80 61 26 24 65 67 59 2 24 109 67 108 81 25 14 60 52 80 50 91 95 
103 25 64 17 17 41 94 31 109 25 62 116 109 49 70 1 43 9 23 9 65 32 33 26 119 116 14 65 111 72 36 81 31 26 88 16 40 77 98 20 110 46 115 14 93 25 63 108 77 50 20 20 13 48 71 107 36 103 101 35 34 68 2 115 11 87 65 89 113 81 85 26 103 56 20 66 119 94 46 83 115 45 17 9 103 33 38 49 117 106 73 36 84 21 87 8 81 59 33 95 17 47 50 50 64 38 17 78 103 28 93 119 36 104 104 83 60 68 14 8 9 16 101 66 64 88 76 38 49 80 4 81 103 18 86 115 59 86 43 79 68 87 34 31 14 87 101 56 108 120 95 
31 36 3 117 2 41 88 68 76 104 28 75 111 96 81 11 104 114 102 34 113 43 104 49 101 119 77 9 62 67 68 99 59 10 48 6 79 114 110 45 103 94 13 92 9 32 106 112 83 97 107 47 100 61 58 19 63 33 92 33 39 76 58 109 2 105 84 53 111 6 54 115 50 90 81 96 61 101 42 49 33 83 18 77 68 116 76 91 94 81 84 62 42 39 93 16 55 9 74 41 42 3 8 117 65 24 93 70 107 44 64 91 42 107 108 45 21 5 50 107 12 24 12 54 22 24 80 114 45 94 75 22 77 61 47 61 27 118 92 92 66 14 54 120 74 79 68 113 104 27 90 
76 106 46 4 111 81 99 104 12 45 54 18 102 94 113 117 42 33 7 97 8 42 106 62 66 30 65 47 2 61 112 65 47 44 79 88 120 66 22 98 75 72 24 94 86 2 10 53 88 47 15 1 20 90 40 101 45 24 73 68 87 85 100 11 20 43 91 5 56 63 93 75 33 61 41 106 14 116 45 84 4 7 29 88 91 92 63 9 111 31 38 96 26 71 64 46 87 110 47 76 104 15 114 89 92 95 47 102 95 29 87 19 41 96 93 77 2 51 61 62 48 76 50 67 15 27 16 34 66 84 87 90 19 23 106 91 99 42 106 99 105 113 68 71 96 60 93 93 114 6 28 
56 66 74 107 101 23 85 80 89 94 85 120 15 18 119 100 50 3 110 1 15 51 89 113 103 108 26 78 12 118 55 15 78 7 31 84 51 55 17 118 119 32 70 86 98 42 41 37 53 5 27 38 119 33 59 102 47 61 85 4 111 62 1 19 4 110 112 74 64 110 95 66 59 15 58 81 12 104 59 112 91 32 38 42 71 51 93 28 32 107 85 36 45 69 82 15 81 2 108 69 6 31 8 15 73 52 68 87 16 59 84 12 50 47 72 67 114 46 35 68 80 104 17 4 12 81 100 33 75 120 79 33 21 93 113 30 3 91 13 117 112 83 94 82 48 28 95 37 93 4 93 
14 29 46 90 49 114 59 100 26 45 109 43 28 113 64 77 117 53 103 105 102 8 60 78 95 55 26 74 12 97 93 31 74 71 17 99 57 22 50 38 1 96 42 64 84 88 30 102 45 39 60 100 72 97 111 33 100 72 67 48 52 46 30 18 31 65 59 17 18 49 111 49 99 53 17 94 50 74 98 4 92 60 92 41 77 78 1 62 91 96 112 104 51 78 73 88 64 113 120 35 26 115 58 40 97 109 29 109 90 44 16 114 40 41 108 86 53 28 42 46 38 100 45 115 35 27 109 25 52 7 73 75 42 84 81 6 67 52 74 9 2 54 17 117 38 90 18 79 3 94 35 
34 117 42 87 55 106 108 83 115 23 58 93 74 50 78 39 18 66 113 95 20 34 69 84 43 103 4 39 28 55 32 84 19 94 105 112 51 83 115 60 114 20 12 11 44 72 25 68 86 117 101 8 29 111 88 15 72 47 43 48 90 4 44 69 90 99 71 7 113 81 97 114 16 33 69 58 70 36 43 113 113 31 93 46 103 69 118 32 51 94 82 101 40 99 15 85 9 21 60 35 83 41 65 67 63 38 66 5 10 96 38 61 75 31 29 43 34 109 103 29 83 9 11 35 60 115 96 43 110 54 51 66 58 94 95 84 74 6 89 7 61 97 66 21 81 33 111 113 19 55 54 
68 117 30 39 74 1 82 21 114 3 90 55 102 46 74 33 24 93 95 52 66 112 42 11 88 114 116 12 18 29 32 52 42 66 33 30 11 18 60 114 74 52 31 42 112 4 113 98 56 109 119 78 36 47 52 37 19 104 8 59 100 31 54 95 6 39 68 34 85 91 2 78 67 9 106 82 92 60 73 68 55 12 116 97 5 31 75 37 34 118 61 6 50 9 12 91 2 98 59 8 21 47 14 116 101 94 53 42 11 92 74 26 80 103 61 61 110 32 39 73 72 44 69 96 58 66 116 75 110 89 117 46 56 18 12 11 9 78 75 101 62 4 104 116 62 10 35 32 105 26 99 
53 13 58 84 41 71 35 20 108 19 106 112 63 54 69 56 37 90 58 17 93 120 74 58 48 16 66 93 94 7 2 9 3 38 15 41 97 118 118 44 66 40 25 65 115 99 89 7 54 87 109 59 73 20 40 81 37 117 118 4 59 3 86 97 37 29 2 36 43 53 32 77 36 44 43 66 96 97 120 92 66 87 51 97 5 97 111 62 8 113 73 1 115 87 113 66 19 40 77 23 71 38 104 11 27 35 93 62 96 75 88 2 117 63 3 43 11 28 99 83 16 4 1 2 58 113 72 34 67 86 30 7 30 66 10 49 69 114 59 120 89 114 110 95 74 27 112 9 77 11 24 
44 104 27 55 53 67 34 116 93 61 40 68 95 28 99 10 70 28 118 30 61 77 109 17 19 19 111 69 16 99 6 83 46 18 67 108 119 77 5 12 96 19 13 21 61 53 37 52 43 104 26 111 82 94 13 36 50 112 12 67 112 113 118 10 14 16 87 77 16 113 7 81 44 44 76 103 57 75 71 82 31 37 74 52 79 19 37 10 74 108 36 2 49 86 110 96 109 54 108 85 58 103 19 83 117 99 98 23 10 14 94 84 86 18 103 12 33 16 36 21 114 99 62 6 11 85 21 16 63 61 9 53 40 76 54 60 25 99 3 108 107 15 107 3 52 120 20 45 112 119 8 
91 7 36 24 1 104 32 96 118 50 120 75 36 36 32 45 5 16 12 12 82 102 16 94 95 26 33 99 40 36 70 38 46 9 11 106 98 74 113 24 33 22 50 23 23 102 97 107 61 58 22 21 87 45 2 96 45 61 95 22 75 68 86 70 43 69 64 57 41 30 36 72 111 20 3 21 77 60 79 91 42 47 116 64 88 45 103 85 40 16 112 36 87 14 108 90 54 75 4 108 119 48 81 94 16 54 41 77 71 105 106 90 109 81 27 60 32 27 114 19 48 98 48 86 47 54 34 52 83 66 41 51 21 13 61 80 100 25 19 39 103 9 5 109 25 113 118 101 16 64 99 
17 14 46 57 32 42 102 113 56 4 23 100 66 67 26 30 27 58 53 38 113 77 42 21 45 35 55 21 107 77 113 90 66 42 29 105 49 67 83 74 19 15 7 40 47 19 25 78 58 20 108 100 73 92 79 75 114 102 91 7 45 58 84 55 93 72 92 100 39 62 21 51 5 41 19 26 43 83 47 48 29 5 51 20 76 21 91 56 28 76 70 32 14 61 59 51 56 49 33 82 41 101 10 90 86 102 116 21 52 24 6 75 59 79 35 83 58 96 15 29 88 74 100 84 83 74 70 58 9 13 110 41 111 68 29 83 55 69 62 1 62 23 75 33 89 11 94 77 10 42 70 
102 89 67 33 32 15 112 47 63 96 77 42 109 73 51 118 2 62 111 48 43 60 48 41 3 109 6 64 112 59 90 82 46 86 79 93 87 86 117 21 118 18 83 40 18 44 59 97 47 88 30 104 13 33 114 82 107 24 69 51 90 65 91 9 69 120 1 91 42 70 115 54 24 61 108 88 59 83 24 12 3 54 75 37 2 87 83 46 7 77 38 103 38 45 27 97 58 120 34 111 54 56 15 6 84 31 56 12 117 102 65 6 64 28 82 47 107 114 83 26 25 111 25 107 54 8 37 45 77 24 82 43 89 83 86 15 68 87 47 29 111 115 35 117 108 119 63 18 72 26 110 
74 18 40 13 54 4 112 51 47 120 114 94 12 110 71 81 4 12 75 24 70 112 89 5 115 11 7 64 26 100 21 28 21 22 18 103 102 60 52 107 25 36 1 71 17 23 118 68 38 113 52 103 53 35 37 83 2 76 113 95 78 34 81 14 76 107 68 57 44 63 71 62 36 2 109 66 90 67 66 93 49 59 84 41 113 52 103 7 69 34 21 107 66 37 102 107 16 45 27 106 117 54 27 55 76 85 33 95 58 30 2 106 94 113 112 86 102 108 34 83 74 38 33 99 66 100 104 53 38 2 37 58 119 106 25 80 80 41 60 5 88 84 15 15 79 14 39 17 73 46 69 
118 62 14 107 76 48 25 99 65 46 116 30 98 68 20 98 79 105 16 22 105 117 108 69 37 55 86 98 8 20 111 12 65 74 41 119 70 9 25 96 24 37 46 77 45 114 17 91 39 70 99 31 120 118 54 85 82 118 96 96 28 5 36 92 21 90 14 71 74 96 112 91 34 95 22 38 86 8 78 84 72 80 65 10 111 119 98 29 113 44 116 41 39 63 4 48 52 18 19 24 42 53 11 52 33 96 99 85 28 109 34 70 7 6 76 118 5 107 67 91 111 11 105 33 109 50 31 120 40 72 32 95 98 81 50 104 29 23 70 14 5 102 47 46 28 74 119 80 57 57 12 
28 119 18 93 86 6 26 17 68 5 43 59 83 75 104 91 47 28 57 106 67 63 10 76 59 93 78 35 68 30 15 26 84 37 55 38 33 16 104 30 96 113 61 26 66 15 76 119 40 54 66 23 116 65 60 91 69 42 81 17 117 13 10 96 38 48 6 115 86 103 29 111 58 105 50 19 64 37 58 116 86 96 1 106 59 50 8 10 85 108 61 73 50 45 29 3 6 102 110 28 62 89 78 103 55 25 8 29 57 38 97 69 86 67 117 74 59 58 53 87 16 22 39 94 101 112 96 61 1 83 3 112 39 6 51 112 30 14 1 57 67 85 24 31 84 6 17 70 118 109 27 
52 29 110 30 10 35 94 18 95 100 14 93 40 26 108 98 43 114 108 60 12 93 15 20 30 25 10 108 71 99 99 16 22 105 73 36 79 62 64 1 55 99 77 64 7 53 56 33 26 69 93 76 96 90 46 72 103 95 82 21 26 107 97 70 27 87 56 61 56 20 25 68 113 31 77 114 113 114 27 43 87 50 101 111 117 15 78 12 6 6 120 95 6 27 2 101 58 21 98 76 3 47 44 60 94 18 115 113 4 33 10 60 91 93 19 63 23 15 34 95 86 70 20 46 94 66 28 78 43 46 18 40 97 78 31 39 109 49 97 96 41 69 35 82 69 36 113 118 49 65 120 
52 79 50 100 2 45 103 19 93 77 15 113 60 68 81 88 77 7 24 30 37 101 17 93 86 11 65 57 55 32 104 71 107 72 86 84 24 62 42 39 11 92 76 76 34 27 6 120 29 30 61 78 8 34 79 86 75 115 35 38 116 117 51 103 74 41 22 52 50 98 37 97 119 104 86 42 20 73 94 88 7 82 43 8 67 83 40 92 20 72 110 93 2 35 47 39 10 109 104 14 74 16 39 18 26 40 92 72 116 43 111 53 100 109 56 19 107 87 72 101 54 66 106 10 59 97 97 8 33 63 94 69 49 88 11 24 31 94 80 7 46 37 92 56 11 26 103 31 18 116 46 
66 28 42 64 54 101 88 93 27 63 31 83 80 72 1 77 26 52 42 56 85 80 55 26 95 114 47 76 9 43 60 99 56 12 98 15 67 106 42 118 112 75 77 30 100 103 46 22 15 82 110 49 105 84 77 48 78 15 32 76 69 94 106 65 83 114 74 38 37 45 58 39 41 84 2 69 75 101 110 26 12 83 73 3 100 47 101 115 4 103 15 98 27 24 104 37 120 51 89 118 22 16 54 17 79 63 118 11 100 38 117 36 83 99 61 47 12 100 4 109 55 35 66 100 29 60 119 90 54 83 97 51 36 88 22 36 3 109 19 94 18 10 97 61 17 75 2 33 108 15 56 
12 28 56 68 89 67 51 1 25 92 45 5 14 22 18 120 35 37 26 58 8 65 89 73 49 91 113 1 117 49 82 94 71 13 109 36 73 39 70 95 10 72 63 27 38 18 34 20 102 73 14 77 91 51 103 72 23 24 74 60 10 34 51 46 108 117 105 88 24 109 14 113 39 54 46 22 76 83 59 13 47 115 46 30 79 33 108 71 7 71 55 69 10 114 57 102 51 74 64 19 106 59 47 40 9 90 66 55 101 94 101 35 41 59 44 54 71 99 64 47 118 98 4 80 7 28 12 90 91 27 72 81 81 84 97 94 76 68 25 42 69 44 98 76 70 96 33 13 89 61 5 
86 70 85 77 26 84 90 50 97 22 31 38 77 35 9 25 69 5 111 47 55 29 62 103 45 113 82 105 32 106 99 4 46 53 29 114 97 37 107 108 75 60 30 79 90 95 71 48 77 58 18 76 16 91 72 82 49 61 80 42 67 115 98 94 19 41 51 23 43 18 100 111 21 31 115 5 102 38 2 101 87 96 94 7 76 105 18 109 23 2 72 84 10 34 34 78 91 77 114 4 68 105 89 66 70 76 31 101 46 13 77 56 20 90 19 82 72 72 66 42 98 105 114 98 72 31 108 51 17 21 3 85 88 39 80 6 61 61 94 10 62 118 34 39 54 35 26 54 26 2 87 
84 80 109 43 99 10 90 13 111 94 56 61 10 54 19 120 26 44 20 81 62 13 14 70 27 35 86 109 116 65 49 16 97 64 73 108 76 106 60 17 85 117 73 118 77 7 61 39 92 41 101 80 13 47 100 44 111 11 29 47 31 109 44 69 33 15 99 90 93 82 116 14 40 88 116 107 114 97 103 39 60 26 58 14 100 98 100 15 22 106 61 42 113 66 98 71 118 116 59 91 119 15 33 15 89 4 64 102 47 58 95 24 71 37 111 22 28 108 1 57 105 30 118 43 102 53 54 44 61 61 3 113 4 105 43 9 33 106 43 29 113 7 29 94 5 65 45 36 102 65 54 
82 15 37 62 115 47 34 26 54 43 25 99 38 31 117 79 76 120 100 43 92 92 84 48 9 87 40 36 59 5 24 11 52 59 43 29 34 106 100 78 46 37 57 14 80 86 108 90 59 28 66 56 98 96 88 37 78 26 61 98 53 9 56 114 115 3 15 38 107 6 69 92 22 24 99 4 102 18 47 46 19 76 22 58 31 8 22 49 2 78 81 48 37 27 11 69 54 103 95 97 74 37 14 28 102 24 20 95 4 65 84 78 63 33 5 120 55 16 29 99 9 83 89 69 44 16 17 101 41 94 99 73 31 109 56 74 36 30 74 109 112 114 31 33 2 57 43 33 39 28 21 
31 78 102 96 12 73 23 29 47 53 53 106 87 51 13 19 37 114 89 36 20 85 109 13 102 73 15 40 85 61 12 25 41 8 107 113 88 33 68 116 26 105 56 46 46 94 32 2 35 10 104 69 60 14 105 15 27 62 31 16 13 107 116 111 101 94 2 33 83 74 86 33 114 78 36 76 62 98 60 54 115 110 110 4 85 101 48 61 39 85 16 35 2 64 90 47 94 10 107 38 3 103 58 64 34 28 62 29 63 36 48 42 95 45 29 55 46 41 56 84 34 11 8 91 23 2 36 37 102 14 66 17 52 117 63 42 56 73 4 88 3 118 114 66 76 83 80 88 7 75 13 
74 62 95 63 111 68 45 37 87 44 71 40 115 64 18 97 102 110 34 102 92 74 81 60 97 16 109 41 83 104 72 3 97 39 60 84 76 118 6 16 45 9 108 69 105 5 61 10 17 60 60 114 118 30 119 38 71 109 76 89 77 98 56 107 116 104 47 72 113 66 17 79 5 108 44 49 33 78 22 47 12 36 59 46 115 78 56 9 68 80 72 110 28 106 1 61 38 46 32 90 77 113 48 8 40 53 50 7 55 23 57 4 23 16 110 35 47 1 96 65 38 19 33 105 56 68 118 53 36 48 33 56 102 74 35 48 116 70 8 89 49 91 58 50 63 7 75 45 97 1 48 
117 61 98 29 102 52 70 85 116 19 97 20 52 7 57 95 50 20 62 55 27 55 99 60 110 43 35 90 33 92 67 16 48 16 84 25 38 54 119 79 34 32 83 45 52 82 25 49 13 67 67 47 15 59 72 78 50 88 111 87 91 112 57 120 12 109 111 84 101 116 85 10 54 1 66 90 115 28 115 44 25 92 86 62 119 81 56 85 7 39 68 80 38 27 54 27 24 100 110 67 72 46 9 40 67 40 100 113 94 25 63 108 53 96 66 88 106 59 22 51 108 56 40 111 94 58 74 9 103 52 46 37 110 21 15 17 111 41 96 35 32 25 99 87 2 66 107 120 88 94 120 
28 44 88 41 54 47 2 100 14 85 63 60 23 23 19 91 23 96 43 58 83 61 9 40 28 98 47 37 25 117 63 11 35 37 101 81 40 46 69 64 41 115 40 51 16 28 65 73 3 36 16 84 26 65 88 67 62 28 14 93 75 17 55 111 15 106 35 53 66 106 103 115 60 14 106 86 16 96 89 43 45 65 83 24 87 51 57 33 65 31 83 73 86 21 3 53 22 112 38 47 55 1 84 36 120 27 61 38 114 95 60 95 68 63 27 2 10 19 55 50 38 24 83 47 32 94 55 116 91 37 53 114 43 78 48 58 75 21 83 87 110 108 108 4 5 14 27 48 42 13 49 
21 5 49 44 118 80 24 73 56 83 76 109 2 53 108 31 108 70 38 108 36 2 19 119 86 40 10 45 37 69 30 12 66 19 85 26 37 14 44 20 120 52 110 21 106 43 85 49 50 11 49 16 85 64 117 19 32 51 100 29 105 14 81 104 78 20 100 17 37 28 28 3 3 33 103 1 11 51 34 94 62 19 89 17 92 23 18 91 63 27 59 105 13 50 28 113 112 25 77 97 25 76 21 86 5 72 110 69 46 59 102 107 98 102 25 103 17 8 43 55 93 88 96 81 37 93 117 6 102 72 27 109 50 10 1 20 84 47 13 24 20 64 3 113 61 21 56 68 51 22 7 
41 111 113 105 86 40 77 21 20 13 48 49 95 56 26 115 60 53 101 91 33 49 11 42 113 117 43 105 6 12 29 82 102 59 97 118 32 11 56 65 100 67 1 96 22 2 16 120 93 106 37 117 83 31 29 8 100 113 66 107 99 119 86 100 85 59 46 96 55 104 103 51 45 69 33 107 67 120 83 120 25 19 87 13 49 46 36 60 38 68 108 5 17 23 104 2 17 77 87 27 88 29 72 42 17 109 72 38 30 87 105 49 88 39 24 83 21 119 83 74 68 36 52 118 23 113 58 97 87 82 14 32 10 49 2 41 25 25 107 57 106 115 55 97 26 13 107 103 25 25 14 
108 81 31 4 32 79 65 93 100 31 119 69 120 106 105 31 106 84 99 88 1 102 11 26 6 3 61 50 94 101 17 21 3 80 91 14 70 119 116 32 89 2 37 31 77 81 98 72 109 73 20 10 48 39 52 6 55 92 19 118 104 44 2 83 6 77 38 109 102 58 53 69 35 64 115 50 56 10 23 79 14 67 48 72 90 76 59 64 117 11 72 113 118 100 92 50 16 35 120 111 41 86 75 45 58 115 108 12 19 114 62 7 100 9 38 13 28 57 22 112 23 34 51 59 84 58 119 58 12 114 111 31 51 45 21 100 4 24 58 81 36 24 75 73 99 76 109 16 35 49 102 
59 55 115 62 71 66 70 68 70 98 83 19 119 80 109 56 92 64 24 53 50 90 16 91 85 76 37 23 11 67 60 80 110 17 49 45 41 99 65 36 57 31 39 53 41 96 50 103 25 27 9 37 38 84 40 82 25 2 23 47 44 115 28 70 77 98 88 106 79 95 39 78 9 113 68 1 13 4 66 35 50 110 34 91 47 40 33 37 45 14 54 41 118 49 46 15 37 80 51 102 88 18 34 19 75 32 66 60 27 12 95 119 12 10 116 75 67 67 81 50 67 58 40 83 117 10 25 61 62 26 69 104 14 19 35 73 76 49 88 73 20 77 117 73 28 85 66 68 59 73 46 
72 46 25 40 63 33 12 57 31 80 8 83 116 56 111 88 66 69 93 104 61 8 83 70 67 85 79 49 91 68 28 17 84 100 115 47 70 65 6 47 31 1 57 111 102 80 36 117 38 101 9 24 11 52 79 106 71 31 114 45 81 66 102 115 45 47 18 101 24 17 47 99 95 8 109 38 86 113 83 101 83 59 11 26 70 1 110 96 34 77 75 21 116 86 98 77 30 93 106 96 25 107 75 45 42 24 60 7 62 60 12 96 23 57 3 25 33 34 110 103 55 91 90 112 60 87 52 54 38 113 39 97 71 98 2 21 27 77 36 49 22 65 110 32 59 47 91 25 20 56 116 
75 31 112 57 45 86 36 30 59 8 95 80 100 21 68 59 52 28 10 18 74 65 72 84 105 7 21 113 108 71 55 93 102 2 106 103 78 43 99 52 19 95 112 56 32 67 68 4 118 94 83 28 97 52 45 47 39 40 109 29 1 10 42 83 79 109 6 49 90 57 18 49 6 117 34 63 67 13 28 92 107 106 116 103 73 42 70 80 35 7 80 51 39 9 34 102 44 71 52 91 101 23 31 13 68 20 9 107 21 84 99 13 2 95 39 79 60 71 78 105 60 77 85 20 51 38 54 114 93 4 74 103 114 96 113 17 4 110 60 68 102 2 58 81 56 41 80 33 20 29 51 
32 71 67 39 117 93 60 98 91 15 3 8 52 90 10 91 104 49 113 101 103 102 4 12 107 23 23 89 55 61 22 74 10 53 100 57 55 14 55 82 14 87 47 38 117 101 52 42 36 54 84 60 115 102 30 53 89 85 89 70 78 65 71 61 28 81 16 13 29 67 113 111 35 103 1 57 62 81 66 45 114 31 109 104 19 53 69 103 112 87 2 53 81 73 50 60 15 69 3 54 77 32 34 73 40 3 60 63 110 36 81 67 82 77 26 101 63 42 4 110 114 95 12 5 54 45 50 68 92 71 107 16 71 29 11 65 41 78 65 56 62 99 1 51 17 17 38 92 63 97 46 
44 36 48 38 66 58 45 18 73 68 109 83 48 93 49 71 114 111 29 96 7 114 97 81 3 62 103 2 70 58 2 103 106 58 15 20 70 39 44 95 56 1 33 94 85 96 98 25 112 101 82 119 20 97 119 45 72 102 81 11 62 10 45 86 96 17 16 91 65 30 65 70 48 101 48 4 37 105 35 37 76 19 101 79 42 53 76 48 5 40 62 99 111 29 77 102 37 6 30 98 81 64 9 58 34 45 102 54 3 109 114 86 80 97 88 101 72 45 114 104 107 83 84 94 19 26 103 98 97 117 56 98 62 78 7 92 52 108 50 68 113 70 85 71 61 71 84 24 61 61 16 
44 55 67 100 63 12 76 7 104 34 95 63 85 4 95 24 102 73 17 52 31 35 27 42 77 47 1 70 107 61 17 31 85 112 14 78 62 105 111 34 29 2 97 75 110 116 114 11 103 35 77 81 15 25 101 5 16 27 27 34 11 88 57 94 55 38 108 57 65 78 68 44 35 4 8 109 39 118 42 114 34 35 5 105 47 47 28 22 63 64 98 95 26 55 110 119 117 32 8 1 25 78 14 74 61 30 63 17 105 94 22 66 47 42 116 70 14 26 13 104 114 24 30 115 88 76 113 95 19 98 10 9 9 11 33 103 13 76 21 67 17 107 70 90 116 106 48 109 43 88 33 
37 93 119 86 59 62 2 63 56 96 36 35 2 41 45 52 116 23 40 52 59 76 117 38 99 24 114 45 85 16 30 40 21 7 109 2 84 44 59 81 43 2 35 13 54 78 10 27 17 74 56 60 82 25 112 78 5 30 32 41 99 26 109 28 98 26 26 33 88 26 91 44 64 49 34 111 39 115 60 103 31 27 67 119 103 37 104 56 30 112 103 104 24 112 83 46 5 105 16 58 48 69 58 25 103 52 120 58 1 12 68 40 79 118 16 74 100 111 19 104 30 101 65 4 28 21 67 31 51 117 8 38 112 2 13 82 42 28 87 74 54 83 20 77 62 59 42 94 74 61 22 
69 78 120 102 53 118 84 23 49 53 100 61 2 78 24 22 9 11 103 74 8 70 10 95 108 97 87 115 7 53 72 86 68 18 89 82 90 40 19 58 93 8 107 90 103 84 9 9 67 19 61 119 33 69 96 91 104 90 44 89 25 64 100 98 75 45 49 110 11 77 113 66 116 32 65 61 94 112 64 20 85 87 3 90 54 50 1 55 85 86 6 55 19 115 53 93 79 76 120 105 40 5 116 60 3 69 26 103 112 109 24 45 26 4 69 74 95 94 107 25 116 118 50 94 30 118 64 96 35 87 58 39 68 6 46 64 54 70 16 14 27 96 107 104 38 91 45 9 82 23 28 
83 92 34 115 22 90 90 34 23 2 51 60 22 45 67 111 27 20 27 51 32 61 11 97 23 10 99 36 103 99 29 7 100 10 57 103 97 16 51 22 109 31 26 66 98 106 104 53 15 107 98 55 89 18 81 108 97 116 100 119 31 90 110 50 50 66 74 27 104 12 73 35 56 57 10 65 66 5 4 115 10 18 105 99 49 20 45 48 75 101 116 54 108 5 28 62 52 76 115 86 111 97 80 48 93 61 104 115 2 21 41 117 88 11 50 64 91 114 24 95 120 88 44 25 69 41 39 79 46 82 110 77 61 35 61 67 38 95 116 49 93 103 58 25 29 21 92 2 69 58 24 
50 47 67 61 27 76 47 40 84 46 116 57 3 99 18 102 116 38 65 56 18 100 20 103 96 104 48 37 38 30 48 44 12 76 3 64 21 31 65 18 32 24 41 86 94 25 26 48 17 54 99 53 42 110 69 84 23 104 46 102 16 86 18 87 113 33 78 88 92 21 85 32 44 75 70 107 91 69 48 4 89 45 69 44 45 119 25 16 118 2 41 27 34 9 45 104 27 45 91 59 74 90 31 37 8 55 118 105 58 32 103 94 58 90 46 55 48 45 120 26 16 69 113 111 16 38 81 62 60 61 33 74 50 16 73 119 120 34 16 66 29 104 29 8 58 60 81 64 116 95 46 
96 19 80 32 23 32 70 44 96 74 33 45 104 87 67 34 41 47 67 50 42 56 114 10 3 97 50 2 2 1 94 83 27 27 43 60 73 41 11 30 24 80 14 100 115 84 39 27 75 79 114 80 13 48 20 52 62 99 23 84 115 87 70 44 96 83 43 119 36 72 45 37 28 71 42 105 43 31 4 55 8 45 59 67 5 111 105 26 21 80 119 34 79 59 57 30 13 106 109 33 109 78 61 93 113 82 77 52 61 102 119 2 48 29 70 61 3 63 68 7 68 62 54 41 92 116 25 97 94 21 3 23 66 105 78 72 112 30 2 110 109 41 116 106 67 6 14 44 74 74 26 
14 52 104 56 66 5 17 10 84 65 1 81 56 19 43 23 40 120 87 3 93 105 73 62 73 84 26 80 83 57 117 120 15 11 47 18 21 98 11 102 60 88 89 15 91 75 12 84 65 39 78 114 88 55 60 58 13 66 68 104 22 38 76 75 68 3 37 90 7 104 65 60 52 91 38 17 77 59 92 19 74 97 92 40 100 69 60 21 32 70 55 5 88 111 91 111 18 8 21 25 81 63 10 8 14 25 41 91 118 94 25 62 119 70 63 91 6 45 46 54 120 91 35 111 64 50 3 94 106 73 3 83 49 23 17 115 119 85 113 26 119 91 90 15 84 20 105 116 104 86 12 
22 22 9 109 105 31 20 80 50 14 56 106 55 63 84 114 11 75 51 77 5 62 88 118 44 99 98 24 17 33 3 3 73 56 47 47 1 58 71 45 30 96 85 3 43 49 15 1 64 72 61 39 60 118 52 51 59 77 39 24 16 58 47 105 90 9 110 39 50 50 112 96 27 89 68 29 25 14 87 19 56 108 36 93 30 72 69 42 72 82 111 51 39 24 21 81 27 18 73 64 79 81 97 15 95 111 39 19 30 14 98 115 25 13 72 39 94 14 72 77 85 66 33 20 21 115 26 23 78 66 42 64 15 120 2 49 17 85 114 45 24 103 56 120 105 79 67 88 36 62 40 
81 16 37 63 91 16 89 107 104 3 86 106 22 75 23 75 15 3 51 77 29 81 85 68 31 100 59 39 29 23 75 78 66 66 14 56 106 15 108 106 66 40 86 120 119 96 117 46 97 119 33 103 68 15 87 115 2 30 33 26 4 58 68 107 61 120 79 114 111 106 93 78 69 81 28 56 63 113 30 7 10 77 92 45 48 45 33 62 8 13 3 104 41 92 3 49 94 87 59 46 21 59 3 46 105 80 53 115 37 48 86 107 41 13 17 97 11 61 105 65 17 15 28 118 23 36 52 117 40 67 84 10 54 33 99 52 116 3 1 111 92 62 92 74 48 42 66 31 90 51 94 
54 21 5 62 58 55 40 39 51 9 103 43 2 112 74 55 15 118 6 3 25 11 54 17 6 7 31 13 42 14 37 13 10 93 109 18 4 73 78 102 13 53 8 29 61 18 113 29 94 100 10 75 9 77 86 89 28 53 23 62 14 86 120 108 2 11 35 81 55 105 81 70 96 33 21 58 5 26 100 90 49 74 64 67 33 119 72 73 66 75 10 114 76 41 107 46 120 15 83 71 71 35 94 7 99 61 91 60 120 20 117 102 57 93 73 18 35 60 70 116 28 65 34 22 107 17 83 60 52 83 53 40 96 67 29 56 61 61 96 113 22 17 53 83 106 30 34 53 63 114 59 
48 74 9 7 33 33 53 56 114 74 111 35 14 22 36 70 47 36 20 31 90 107 6 67 5 60 9 24 40 92 106 25 19 101 59 41 6 117 18 38 18 69 104 67 56 72 58 97 96 110 91 3 69 52 4 115 20 74 19 35 7 42 19 89 106 18 33 112 29 76 64 114 55 40 39 99 119 17 84 20 30 109 29 37 81 92 85 71 70 120 111 102 70 39 7 14 19 89 13 77 72 22 11 53 64 35 33 1 114 95 32 84 18 16 12 91 112 32 52 83 6 87 47 74 84 115 30 37 83 91 73 51 97 111 109 48 66 87 27 1 17 6 87 49 16 93 106 73 33 96 90 
54 15 30 104 107 27 85 92 108 73 53 105 74 108 9 80 55 6 66 117 42 90 63 3 19 9 46 32 11 24 56 97 103 4 38 55 60 4 10 114 94 61 108 106 4 52 99 19 95 92 73 41 71 90 93 117 61 6 10 11 83 109 45 102 103 76 117 3 62 74 51 40 34 4 52 39 98 47 92 29 84 85 38 16 54 85 85 11 12 15 46 54 3 70 4 57 7 39 91 85 27 49 39 103 20 111 62 6 62 105 35 74 68 12 73 79 101 109 119 95 102 83 63 9 55 15 65 20 79 26 116 26 54 82 83 77 115 33 117 100 56 91 100 39 107 73 55 15 36 96 55 
36 118 89 27 61 40 32 14 118 40 87 64 22 97 78 67 45 39 25 44 62 12 111 27 94 50 51 120 43 45 88 92 5 94 76 38 111 52 27 80 104 53 87 24 1 104 2 62 85 90 47 7 61 36 71 101 8 58 75 102 41 27 113 21 108 34 62 18 7 63 11 89 26 109 105 92 116 115 38 70 11 39 118 103 16 115 53 11 26 58 58 15 63 45 117 14 44 77 80 79 52 77 55 47 40 55 52 45 31 113 7 23 82 61 100 4 6 34 23 77 92 110 50 118 48 98 81 3 54 111 80 28 25 111 103 93 85 24 54 119 117 87 6 63 33 76 28 14 101 85 3 
108 110 34 109 50 18 63 21 51 38 105 65 79 72 115 72 75 75 9 100 112 114 27 61 45 56 93 4 31 22 3 7 77 40 112 38 83 89 35 61 119 3 116 34 15 5 81 103 27 56 90 89 56 69 74 110 97 85 118 104 85 58 82 107 73 80 57 52 53 24 2 74 102 116 38 78 57 112 22 3 38 99 48 68 69 44 46 34 36 73 10 110 70 49 111 113 30 56 110 120 59 99 85 31 16 75 99 117 6 52 21 24 97 71 4 94 110 81 79 71 9 31 8 50 39 61 20 76 38 84 93 85 3 44 17 62 119 92 45 17 33 63 60 58 97 96 97 50 104 19 41 
33 116 95 49 96 120 39 6 16 120 56 27 15 57 79 68 51 93 49 73 2 94 81 83 103 50 28 60 67 26 9 6 70 37 70 75 82 37 43 45 86 118 97 58 18 87 24 85 52 84 12 119 1 117 83 2 42 84 48 19 32 57 13 109 64 39 87 22 61 52 54 106 10 22 119 2 58 14 83 86 82 50 37 34 13 34 11 117 99 8 75 5 3 18 115 9 118 81 30 30 8 5 15 48 120 99 35 52 110 67 93 45 98 42 32 40 114 100 35 87 48 27 70 51 98 105 115 78 76 108 83 91 19 19 74 80 27 48 48 108 28 46 20 69 81 20 88 1 80 101 96 
88 32 21 119 40 10 48 42 18 16 118 18 6 114 19 21 104 41 18 91 28 40 99 75 97 45 29 88 22 111 82 34 5 105 8 62 4 21 94 94 26 77 104 6 30 16 49 60 75 73 74 34 50 38 13 86 78 17 38 55 33 23 49 36 23 101 68 9 97 63 76 114 11 18 56 112 15 102 99 91 1 76 41 113 73 100 35 57 62 46 75 27 114 2 112 77 59 87 18 110 78 77 92 94 83 120 114 9 45 7 89 80 85 85 113 59 39 66 34 60 27 110 68 25 106 17 70 85 49 26 39 51 76 106 43 1 21 59 108 57 39 120 74 72 103 120 54 96 88 62 50 
52 49 115 98 61 115 22 70 44 108 23 16 113 54 108 27 76 85 31 30 55 33 54 103 103 42 9 91 18 65 7 29 80 116 101 92 77 9 42 34 33 56 74 76 74 83 6 19 101 120 84 117 9 109 87 119 47 24 4 30 107 89 68 36 80 43 25 69 112 57 70 114 100 32 21 7 93 102 64 52 20 24 107 69 12 102 113 10 110 66 61 97 11 6 12 7 93 44 18 61 68 103 7 3 63 56 38 104 42 8 107 58 103 34 11 102 11 10 2 86 96 91 106 79 22 119 70 8 117 46 36 70 19 59 52 106 3 115 67 116 63 75 38 79 80 44 82 28 82 79 4 
81 39 69 46 42 96 62 105 105 77 16 45 28 76 91 116 95 73 110 85 83 79 57 50 83 33 54 5 63 98 68 45 18 51 118 103 99 93 43 34 95 54 108 91 99 88 102 25 62 18 76 4 58 49 98 46 54 107 67 94 111 46 110 70 83 18 110 76 66 87 87 54 117 79 101 16 51 17 74 2 70 75 110 6 98 85 77 44 91 76 41 90 65 20 53 17 18 82 89 31 78 119 4 62 98 16 9 28 57 99 109 28 29 27 120 35 69 37 19 46 37 115 115 93 75 65 67 119 114 47 93 59 109 7 59 29 106 32 43 68 114 3 26 47 11 120 116 92 88 44 39 
